time,flux,flux_err,tic_id,label
1790.662234064765,0.767646,0.0012138597,5674169,eclipsing_binary
1790.6636229577239,0.767359,0.0012131485,5674169,eclipsing_binary
1790.6650118506839,0.76750517,0.0012112338,5674169,eclipsing_binary
1790.6664007431787,0.77000517,0.0012118269,5674169,eclipsing_binary
1790.6677896361384,0.7705845,0.0012120437,5674169,eclipsing_binary
1790.6691785290977,0.77281904,0.0012125927,5674169,eclipsing_binary
1790.670567421591,0.77308446,0.0012133656,5674169,eclipsing_binary
1790.6719563145507,0.77613914,0.0012139839,5674169,eclipsing_binary
1790.673345207045,0.7802034,0.0012156676,5674169,eclipsing_binary
1790.6747341000041,0.78744185,0.0012169259,5674169,eclipsing_binary
1790.6761229929639,0.7987239,0.0012216062,5674169,eclipsing_binary
1790.677511885458,0.8091567,0.0012198156,5674169,eclipsing_binary
1790.678900777952,0.8216493,0.0012211764,5674169,eclipsing_binary
1790.6802896709119,0.8344885,0.0012223199,5674169,eclipsing_binary
1790.6816785634055,0.84734863,0.0012272601,5674169,eclipsing_binary
1790.6830674563646,0.8605407,0.001229182,5674169,eclipsing_binary
1790.684456348859,0.8735327,0.0012304876,5674169,eclipsing_binary
1790.6858452413535,0.8862296,0.0012330491,5674169,eclipsing_binary
1790.6872341343133,0.8992973,0.0012364377,5674169,eclipsing_binary
1790.688623026807,0.9107872,0.0012387153,5674169,eclipsing_binary
1790.6900119193,0.92439044,0.0012437139,5674169,eclipsing_binary
1790.6914008117938,0.936104,0.0012409348,5674169,eclipsing_binary
1790.6927897042885,0.94583863,0.001242702,5674169,eclipsing_binary
1790.694178597249,0.95725507,0.0012447807,5674169,eclipsing_binary
1790.6955674897426,0.968859,0.001248409,5674169,eclipsing_binary
1790.6969563822358,0.9781357,0.0012482496,5674169,eclipsing_binary
1790.6983452747295,0.98874414,0.0012512531,5674169,eclipsing_binary
1790.6997341672236,0.99852353,0.0012511315,5674169,eclipsing_binary
1790.7011230597177,1.0073628,0.001257191,5674169,eclipsing_binary
1790.7025119522118,1.0147976,0.0012575833,5674169,eclipsing_binary
1790.703900844706,1.0238992,0.0012572436,5674169,eclipsing_binary
1790.7052897371996,1.0314862,0.0012575112,5674169,eclipsing_binary
1790.7066786296937,1.0380421,0.001261272,5674169,eclipsing_binary
1790.7080675217221,1.0460364,0.0012614981,5674169,eclipsing_binary
1790.7094564142153,1.0558716,0.0012619747,5674169,eclipsing_binary
1790.7108453067096,1.0606067,0.0012613576,5674169,eclipsing_binary
1790.712234199204,1.0669172,0.0012632677,5674169,eclipsing_binary
1790.713623091698,1.0716718,0.0012675374,5674169,eclipsing_binary
1790.7150119837265,1.0794842,0.0012645643,5674169,eclipsing_binary
1790.7164008762197,1.0855438,0.0012680113,5674169,eclipsing_binary
1790.7177897687134,1.0911014,0.0012689211,5674169,eclipsing_binary
1790.7191786607418,1.0959593,0.0012672322,5674169,eclipsing_binary
1790.7205675532368,1.1020274,0.0012699144,5674169,eclipsing_binary
1790.7219564452653,1.1083139,0.0012740451,5674169,eclipsing_binary
1790.7233453377585,1.1114159,0.0012729364,5674169,eclipsing_binary
1790.7247342297865,1.1127867,0.0012694274,5674169,eclipsing_binary
1790.7261231222797,1.1176913,0.0012772959,5674169,eclipsing_binary
1790.727512014308,1.1209843,0.0012743394,5674169,eclipsing_binary
1790.7289009068031,1.1246696,0.0012724736,5674169,eclipsing_binary
1790.7302897988316,1.1271769,0.0012735252,5674169,eclipsing_binary
1790.7316786913252,1.1285459,0.0012734035,5674169,eclipsing_binary
1790.7330675833527,1.130727,0.0012744385,5674169,eclipsing_binary
1790.7344564753812,1.1321284,0.0012732793,5674169,eclipsing_binary
1790.7358453678753,1.1328363,0.0012727918,5674169,eclipsing_binary
1790.7372342599037,1.1325204,0.0012779876,5674169,eclipsing_binary
1790.7386231519324,1.1338737,0.0012719658,5674169,eclipsing_binary
1790.7400120439602,1.1336347,0.0012765173,5674169,eclipsing_binary
1790.7414009364543,1.1341785,0.0012721984,5674169,eclipsing_binary
1790.7427898284827,1.1318916,0.0012745456,5674169,eclipsing_binary
1790.7441787205107,1.1303647,0.0012730242,5674169,eclipsing_binary
1790.7455676125392,1.1299601,0.00127434,5674169,eclipsing_binary
1790.7469565045676,1.1283618,0.001272921,5674169,eclipsing_binary
1790.748345396596,1.1250421,0.001273713,5674169,eclipsing_binary
1790.7497342886245,1.1228353,0.0012740267,5674169,eclipsing_binary
1790.7511231806525,1.1206654,0.0012728607,5674169,eclipsing_binary
1790.75251207268,1.1175812,0.0012733066,5674169,eclipsing_binary
1790.753900964708,1.1130948,0.0012727912,5674169,eclipsing_binary
1790.755289856737,1.1081383,0.0012698432,5674169,eclipsing_binary
1790.7566787487663,1.1035688,0.0012746612,5674169,eclipsing_binary
1790.7580676407943,1.0995102,0.0012686219,5674169,eclipsing_binary
1790.7594565328218,1.0948095,0.0012732353,5674169,eclipsing_binary
1790.7608454243841,1.0896252,0.0012671513,5674169,eclipsing_binary
1790.7622343164126,1.08397,0.0012686955,5674169,eclipsing_binary
1790.7636232084415,1.0797663,0.0012662567,5674169,eclipsing_binary
1790.76501210047,1.073626,0.0012636943,5674169,eclipsing_binary
1790.7664009920322,1.0675064,0.0012635218,5674169,eclipsing_binary
1790.7677898840602,1.0621611,0.0012665447,5674169,eclipsing_binary
1790.7691787760887,1.05542,0.0012629125,5674169,eclipsing_binary
1790.7705676676514,1.0489068,0.0012674123,5674169,eclipsing_binary
1790.77195655968,1.0434349,0.0012609238,5674169,eclipsing_binary
1790.7733454512427,1.0361564,0.0012584431,5674169,eclipsing_binary
1790.7747343432704,1.0301768,0.0012575202,5674169,eclipsing_binary
1790.7761232348334,1.0228691,0.0012565631,5674169,eclipsing_binary
1790.777512126862,1.01551,0.0012539958,5674169,eclipsing_binary
1790.7789010184238,1.0075886,0.0012588681,5674169,eclipsing_binary
1790.7802899104518,0.9985812,0.001252377,5674169,eclipsing_binary
1790.7816788020145,0.9907244,0.0012528014,5674169,eclipsing_binary
1790.7830676940434,0.98105353,0.0012492901,5674169,eclipsing_binary
1790.7844565856064,0.971118,0.0012460987,5674169,eclipsing_binary
1790.7858454771686,0.9603786,0.0012445467,5674169,eclipsing_binary
1790.7872343691965,0.94767696,0.00124305,5674169,eclipsing_binary
1790.7886232607584,0.936099,0.001243597,5674169,eclipsing_binary
1790.790012152322,0.9240429,0.0012431243,5674169,eclipsing_binary
1790.7914010438853,0.91005737,0.001236771,5674169,eclipsing_binary
1790.7927899359133,0.8986002,0.0012373126,5674169,eclipsing_binary
1790.7941788274754,0.8835042,0.0012375956,5674169,eclipsing_binary
1790.7955677190375,0.8707751,0.0012316505,5674169,eclipsing_binary
1790.7969566106003,0.85965645,0.0012262469,5674169,eclipsing_binary
1790.798345502164,0.84458476,0.0012258218,5674169,eclipsing_binary
1790.7997343937268,0.83219206,0.0012226776,5674169,eclipsing_binary
1790.8011232852887,0.8210139,0.0012232071,5674169,eclipsing_binary
1790.802512176851,0.80841565,0.00122357,5674169,eclipsing_binary
1790.8039010684138,0.8011819,0.0012182825,5674169,eclipsing_binary
1790.8052899599766,0.79189146,0.0012143449,5674169,eclipsing_binary
1790.806678851539,0.7882818,0.0012152175,5674169,eclipsing_binary
1790.8080677431017,0.7884375,0.0012185236,5674169,eclipsing_binary
1790.8094566346645,0.78823465,0.0012177444,5674169,eclipsing_binary
1790.8108455262272,0.7873323,0.0012162509,5674169,eclipsing_binary
1790.81223441779,0.78588563,0.0012205129,5674169,eclipsing_binary
1790.8136233088867,0.7871105,0.0012172068,5674169,eclipsing_binary
1790.8150122004486,0.7862931,0.0012186462,5674169,eclipsing_binary
1790.8164010920113,0.7867846,0.0012179313,5674169,eclipsing_binary
1790.817789983575,0.78853554,0.0012145784,5674169,eclipsing_binary
1790.8191788746722,0.78710836,0.0012160314,5674169,eclipsing_binary
1790.820567766234,0.7865773,0.0012155174,5674169,eclipsing_binary
1790.8219566577964,0.7868677,0.001214711,5674169,eclipsing_binary
1790.823345548893,0.7865139,0.0012167565,5674169,eclipsing_binary
1790.8247344404563,0.7877111,0.0012177393,5674169,eclipsing_binary
1790.82612333202,0.7879872,0.0012142513,5674169,eclipsing_binary
1790.8275122231162,0.78831047,0.0012171348,5674169,eclipsing_binary
1790.8289011146785,0.788692,0.0012160823,5674169,eclipsing_binary
1790.8302900057747,0.7879714,0.0012173436,5674169,eclipsing_binary
1790.8316788973377,0.78925496,0.0012164154,5674169,eclipsing_binary
1790.833067788435,0.793887,0.0012200808,5674169,eclipsing_binary
1790.8344566799979,0.8019962,0.0012172504,5674169,eclipsing_binary
1790.835845571095,0.8113518,0.0012191683,5674169,eclipsing_binary
1790.8372344621912,0.822505,0.0012226125,5674169,eclipsing_binary
1790.838623353754,0.83422476,0.0012242089,5674169,eclipsing_binary
1790.8400122448513,0.8467719,0.0012260729,5674169,eclipsing_binary
1790.8414011359478,0.8615393,0.0012337752,5674169,eclipsing_binary
1790.8427900275105,0.8752909,0.0012343362,5674169,eclipsing_binary
1790.8441789186077,0.88833326,0.001237082,5674169,eclipsing_binary
1790.8455678097048,0.90170616,0.0012342834,5674169,eclipsing_binary
1790.846956700802,0.91602266,0.0012376235,5674169,eclipsing_binary
1790.8483455918986,0.92887527,0.0012399735,5674169,eclipsing_binary
1790.8497344834607,0.94212544,0.0012447604,5674169,eclipsing_binary
1790.851123374558,0.9550418,0.0012442714,5674169,eclipsing_binary
1790.8525122656556,0.9649226,0.0012455538,5674169,eclipsing_binary
1790.8539011567527,0.97586787,0.0012506375,5674169,eclipsing_binary
1790.8552900478494,0.9854965,0.001249825,5674169,eclipsing_binary
1790.8566789389456,0.99591434,0.0012520896,5674169,eclipsing_binary
1790.8580678300423,1.0067018,0.0012521448,5674169,eclipsing_binary
1790.8594567211394,1.0143836,0.0012553197,5674169,eclipsing_binary
1790.8608456122374,1.0230803,0.0012557601,5674169,eclipsing_binary
1790.8622345033345,1.0312773,0.001260085,5674169,eclipsing_binary
1790.8636233944308,1.0389613,0.0012591977,5674169,eclipsing_binary
1790.8650122855274,1.0457035,0.0012598715,5674169,eclipsing_binary
1790.8664011766245,1.0499921,0.0012622908,5674169,eclipsing_binary
1790.867790067256,1.0587586,0.0012611275,5674169,eclipsing_binary
1790.8691789583531,1.0646033,0.0012623485,5674169,eclipsing_binary
1790.8705678494503,1.0716066,0.0012654498,5674169,eclipsing_binary
1790.871956740547,1.0761743,0.0012636008,5674169,eclipsing_binary
1790.8733456311784,1.082763,0.001268826,5674169,eclipsing_binary
1790.8747345222755,1.0905901,0.0012670093,5674169,eclipsing_binary
1790.8761234133717,1.0927112,0.0012670201,5674169,eclipsing_binary
1790.877512304469,1.0992635,0.0012668777,5674169,eclipsing_binary
1790.8789011951008,1.1029093,0.0012697865,5674169,eclipsing_binary
1790.8802900861979,1.1092594,0.0012746713,5674169,eclipsing_binary
1790.8816789768293,1.1159663,0.0012706314,5674169,eclipsing_binary
1790.8830678679255,1.1183907,0.0012704504,5674169,eclipsing_binary
1790.8844567585566,1.1221638,0.0012702186,5674169,eclipsing_binary
1790.8858456496528,1.1281477,0.0012727053,5674169,eclipsing_binary
1790.8872345402851,1.1298219,0.0012725623,5674169,eclipsing_binary
1790.8886234313832,1.1305314,0.0012732157,5674169,eclipsing_binary
1790.8900123220137,1.1399267,0.001274348,5674169,eclipsing_binary
1790.8914012131104,1.1395882,0.0012772672,5674169,eclipsing_binary
1790.892790103741,1.1432317,0.0012768419,5674169,eclipsing_binary
1790.894178994838,1.1449327,0.0012747296,5674169,eclipsing_binary
1790.8955678854704,1.1446722,0.0012741967,5674169,eclipsing_binary
1790.896956776102,1.1464219,0.0012805944,5674169,eclipsing_binary
1790.8983456671986,1.1464173,0.0012779481,5674169,eclipsing_binary
1790.899734557829,1.145971,0.0012793007,5674169,eclipsing_binary
1790.9011234484606,1.1462805,0.0012742373,5674169,eclipsing_binary
1790.902512339092,1.1464219,0.0012765456,5674169,eclipsing_binary
1790.9039012297237,1.1459969,0.0012796546,5674169,eclipsing_binary
1790.905290120821,1.142155,0.0012753854,5674169,eclipsing_binary
1790.9066790114516,1.1426713,0.0012751969,5674169,eclipsing_binary
1790.908067902083,1.1391929,0.0012765812,5674169,eclipsing_binary
1790.9094567927145,1.1371752,0.0012747884,5674169,eclipsing_binary
1790.9108456833455,1.1340063,0.0012784919,5674169,eclipsing_binary
1790.912234573976,1.131495,0.0012721332,5674169,eclipsing_binary
1790.9136234646078,1.1282148,0.0012722836,5674169,eclipsing_binary
1790.91501235524,1.126048,0.0012730579,5674169,eclipsing_binary
1790.9164012458714,1.1204065,0.0012705227,5674169,eclipsing_binary
1790.9177901365024,1.1153617,0.0012720039,5674169,eclipsing_binary
1790.919179027133,1.1097397,0.0012686073,5674169,eclipsing_binary
1790.920567917764,1.1025343,0.001267,5674169,eclipsing_binary
1790.921956808396,1.0983608,0.0012694806,5674169,eclipsing_binary
1790.9233456990282,1.09068,0.0012721033,5674169,eclipsing_binary
1790.9247345896592,1.0846256,0.0012661653,5674169,eclipsing_binary
1790.9261234798241,1.0770345,0.0012660506,5674169,eclipsing_binary
1790.9275123704551,1.0725178,0.0012681183,5674169,eclipsing_binary
1790.9289012610866,1.0662897,0.0012664954,5674169,eclipsing_binary
1790.9302901517185,1.0574793,0.0012606027,5674169,eclipsing_binary
1790.9316790423502,1.0507687,0.001259632,5674169,eclipsing_binary
1790.9330679325153,1.0429718,0.0012573558,5674169,eclipsing_binary
1790.9344568231463,1.0329806,0.0012592956,5674169,eclipsing_binary
1790.9358457137778,1.0264744,0.0012549056,5674169,eclipsing_binary
1790.9372346039436,1.0174694,0.0012569372,5674169,eclipsing_binary
1790.938623494575,1.0075696,0.0012552451,5674169,eclipsing_binary
1790.9400123847408,0.9980729,0.0012515412,5674169,eclipsing_binary
1790.9414012753716,0.98679674,0.0012509797,5674169,eclipsing_binary
1790.9427901660033,0.9785101,0.0012492596,5674169,eclipsing_binary
1790.944179056169,0.96584815,0.0012468045,5674169,eclipsing_binary
1790.9455679467997,0.9552346,0.0012427624,5674169,eclipsing_binary
1790.946956836965,0.9426319,0.0012466717,5674169,eclipsing_binary
1790.9483457275965,0.9323669,0.0012411037,5674169,eclipsing_binary
1790.949734617763,0.91963285,0.0012392915,5674169,eclipsing_binary
1790.951123507929,0.90525377,0.0012360722,5674169,eclipsing_binary
1790.9525123985595,0.8915331,0.0012355794,5674169,eclipsing_binary
1790.9539012887249,0.88106555,0.0012372895,5674169,eclipsing_binary
1790.9552901788898,0.8650097,0.0012328284,5674169,eclipsing_binary
1790.9566790695221,0.85223573,0.001235195,5674169,eclipsing_binary
1790.9580679596884,0.839226,0.0012259422,5674169,eclipsing_binary
1790.9608457404847,0.8147677,0.0012228126,5674169,eclipsing_binary
1790.9622346306505,0.801179,0.0012152641,5674169,eclipsing_binary
1790.9636235208163,0.7928863,0.0012156098,5674169,eclipsing_binary
1790.9650124109821,0.7826928,0.001216486,5674169,eclipsing_binary
1790.966401301148,0.7789419,0.0012150041,5674169,eclipsing_binary
1790.9677901913128,0.7751391,0.0012136877,5674169,eclipsing_binary
1790.9691790819445,0.773156,0.0012123924,5674169,eclipsing_binary
1790.9705679721105,0.7730299,0.0012131653,5674169,eclipsing_binary
1790.9719568622754,0.77092147,0.0012128892,5674169,eclipsing_binary
1790.9733457524408,0.77256525,0.001216773,5674169,eclipsing_binary
1790.9747346426066,0.7709488,0.0012148694,5674169,eclipsing_binary
1790.9761235327728,0.7702679,0.0012108927,5674169,eclipsing_binary
1790.9775124229388,0.76890075,0.0012135152,5674169,eclipsing_binary
1790.978901313104,0.7689085,0.0012122052,5674169,eclipsing_binary
1790.9816790934342,0.7687197,0.0012141322,5674169,eclipsing_binary
1790.9830679831352,0.7696418,0.00121466,5674169,eclipsing_binary
1790.9844568733015,0.7685893,0.001212031,5674169,eclipsing_binary
1790.9858457634668,0.7706492,0.0012164819,5674169,eclipsing_binary
1790.987234653632,0.7724484,0.0012237964,5674169,eclipsing_binary
1790.988623543797,0.7767862,0.0012148885,5674169,eclipsing_binary
1790.9900124339629,0.7775493,0.0012136922,5674169,eclipsing_binary
1790.991401323664,0.7796391,0.0012137542,5674169,eclipsing_binary
1790.9927902138297,0.7889779,0.0012182455,5674169,eclipsing_binary
1790.9941791039946,0.7976746,0.0012175658,5674169,eclipsing_binary
1790.9955679936943,0.810144,0.0012203204,5674169,eclipsing_binary
1790.99695688386,0.8206653,0.001221416,5674169,eclipsing_binary
1790.998345774026,0.8322784,0.0012286105,5674169,eclipsing_binary
1790.9997346637256,0.8481012,0.0012278617,5674169,eclipsing_binary
1791.0011235538914,0.86094487,0.0012340125,5674169,eclipsing_binary
1791.0025124435915,0.8728251,0.0012280669,5674169,eclipsing_binary
1791.0039013337573,0.8859378,0.0012326702,5674169,eclipsing_binary
1791.005290223923,0.9008099,0.0012385685,5674169,eclipsing_binary
1791.0066791136228,0.91011244,0.0012389608,5674169,eclipsing_binary
1791.0080680037877,0.921788,0.0012373289,5674169,eclipsing_binary
1791.0094568934878,0.9340058,0.0012397484,5674169,eclipsing_binary
1791.0108457831889,0.94280136,0.0012449921,5674169,eclipsing_binary
1791.0122346733547,0.9547785,0.0012437478,5674169,eclipsing_binary
1791.013623563054,0.9665275,0.0012485022,5674169,eclipsing_binary
1791.0150124532192,0.980221,0.0012486315,5674169,eclipsing_binary
1791.016401342919,0.9883587,0.0012497142,5674169,eclipsing_binary
1791.0177902326195,0.9972664,0.0012488025,5674169,eclipsing_binary
1791.0191791227862,1.006669,0.0012516875,5674169,eclipsing_binary
1791.0205680124855,1.0144174,0.001252359,5674169,eclipsing_binary
1791.0219569021851,1.0196456,0.0012549105,5674169,eclipsing_binary
1791.0233457918844,1.0290476,0.0012565035,5674169,eclipsing_binary
1791.0247346820504,1.0393996,0.0012586296,5674169,eclipsing_binary
1791.0261235717512,1.0435536,0.0012623875,5674169,eclipsing_binary
1791.0275124614514,1.0519503,0.0012640248,5674169,eclipsing_binary
1791.028901351151,1.0606513,0.0012620877,5674169,eclipsing_binary
1791.0302902408503,1.0674566,0.0012628817,5674169,eclipsing_binary
1791.0316791305504,1.071272,0.0012638578,5674169,eclipsing_binary
1791.0330680207162,1.077599,0.0012630635,5674169,eclipsing_binary
1791.0344569104159,1.082594,0.0012644107,5674169,eclipsing_binary
1791.035845800116,1.0885516,0.001265374,5674169,eclipsing_binary
1791.0372346898162,1.0965385,0.0012695203,5674169,eclipsing_binary
1791.0386235795163,1.1001114,0.0012691105,5674169,eclipsing_binary
1791.0400124692164,1.1050967,0.0012753865,5674169,eclipsing_binary
1791.0414013589161,1.1069417,0.0012693823,5674169,eclipsing_binary
1791.0427902486156,1.1110772,0.0012703425,5674169,eclipsing_binary
1791.044179138316,1.1146342,0.0012758987,5674169,eclipsing_binary
1791.0455680275509,1.1202685,0.0012746286,5674169,eclipsing_binary
1791.0483458069507,1.1249901,0.001273275,5674169,eclipsing_binary
1791.04973469665,1.1275702,0.0012742996,5674169,eclipsing_binary
1791.0511235863496,1.1281288,0.0012735912,5674169,eclipsing_binary
1791.0525124760504,1.129897,0.0012746972,5674169,eclipsing_binary
1791.0539013652856,1.1321766,0.0012753388,5674169,eclipsing_binary
1791.0552902549853,1.1286016,0.0012766676,5674169,eclipsing_binary
1791.0566791446845,1.1311618,0.0012786144,5674169,eclipsing_binary
1791.0580680343842,1.1347988,0.0012764637,5674169,eclipsing_binary
1791.0594569236187,1.1331886,0.0012741078,5674169,eclipsing_binary
1791.0608458133188,1.130148,0.0012713582,5674169,eclipsing_binary
1791.062234703019,1.1301311,0.0012719034,5674169,eclipsing_binary
1791.0636235922534,1.128982,0.0012728523,5674169,eclipsing_binary
1791.065012481953,1.1256192,0.0012744566,5674169,eclipsing_binary
1791.0664013711876,1.1229424,0.0012722746,5674169,eclipsing_binary
1791.0677902608877,1.1207423,0.0012711562,5674169,eclipsing_binary
1791.0691791501213,1.1205442,0.0012722409,5674169,eclipsing_binary
1791.0705680398216,1.1146501,0.0012724692,5674169,eclipsing_binary
1791.071956929522,1.1118976,0.0012695857,5674169,eclipsing_binary
1791.0733458187565,1.1059507,0.0012702176,5674169,eclipsing_binary
1791.074734707991,1.1021923,0.0012735577,5674169,eclipsing_binary
1791.0761235976902,1.0981994,0.0012689589,5674169,eclipsing_binary
1791.0775124869242,1.0944448,0.0012676889,5674169,eclipsing_binary
1791.0789013766243,1.0868442,0.0012685758,5674169,eclipsing_binary
1791.0802902658595,1.0834881,0.0012667406,5674169,eclipsing_binary
1791.0816791550942,1.0766457,0.0012668411,5674169,eclipsing_binary
1791.0830680447934,1.073173,0.0012695616,5674169,eclipsing_binary
1791.0844569340275,1.0670786,0.0012650026,5674169,eclipsing_binary
1791.085845823261,1.0625609,0.001263459,5674169,eclipsing_binary
1791.087234712962,1.0555558,0.0012618223,5674169,eclipsing_binary
1791.0886236021972,1.0479984,0.0012615621,5674169,eclipsing_binary
1791.090012491431,1.0433685,0.0012593467,5674169,eclipsing_binary
1791.091401380665,1.0377979,0.0012597317,5674169,eclipsing_binary
1791.0927902698986,1.0298957,0.0012576701,5674169,eclipsing_binary
1791.0941791595988,1.0235575,0.0012568659,5674169,eclipsing_binary
1791.0955680488332,1.0153835,0.0012557065,5674169,eclipsing_binary
1791.0969569380677,1.0045325,0.0012524843,5674169,eclipsing_binary
1791.0983458273024,0.9994309,0.0012555177,5674169,eclipsing_binary
1791.0997347165362,0.9907909,0.001251304,5674169,eclipsing_binary
1791.1011236057707,0.981551,0.001247745,5674169,eclipsing_binary
1791.1025124950052,0.97110176,0.0012479704,5674169,eclipsing_binary
1791.1039013842392,0.96037346,0.0012497995,5674169,eclipsing_binary
1791.1052902734737,0.9491403,0.0012439071,5674169,eclipsing_binary
1791.1066791627081,0.9379865,0.0012424826,5674169,eclipsing_binary
1791.1080680519426,0.9232218,0.0012410857,5674169,eclipsing_binary
1791.109456941177,0.911962,0.0012374421,5674169,eclipsing_binary
1791.110845830411,0.8978442,0.0012352914,5674169,eclipsing_binary
1791.1122347196447,0.88601047,0.0012332862,5674169,eclipsing_binary
1791.1136236088792,0.8716815,0.0012318721,5674169,eclipsing_binary
1791.1150124981145,0.8596449,0.0012288106,5674169,eclipsing_binary
1791.3747346140349,1.128673,0.0012735265,5674169,eclipsing_binary
1791.3761235014063,1.1307646,0.001277397,5674169,eclipsing_binary
1791.3789012766156,1.1290638,0.0012762607,5674169,eclipsing_binary
1791.3802901639865,1.1263648,0.001277014,5674169,eclipsing_binary
1791.3816790518235,1.1258365,0.0012733283,5674169,eclipsing_binary
1791.3830679391954,1.1232684,0.0012750446,5674169,eclipsing_binary
1791.3844568265679,1.1211666,0.0012722849,5674169,eclipsing_binary
1791.38584571394,1.1217098,0.0012713791,5674169,eclipsing_binary
1791.3872346013109,1.1161424,0.0012747176,5674169,eclipsing_binary
1791.388623489148,1.1124285,0.0012711787,5674169,eclipsing_binary
1791.3900123765188,1.1086164,0.0012723417,5674169,eclipsing_binary
1791.3914012638916,1.1057385,0.0012791794,5674169,eclipsing_binary
1791.3955679260066,1.0939924,0.0012687404,5674169,eclipsing_binary
1791.3969568133775,1.0844998,0.0012660698,5674169,eclipsing_binary
1791.3983457007494,1.0801444,0.0012659383,5674169,eclipsing_binary
1791.399734588122,1.0759776,0.0012679084,5674169,eclipsing_binary
1791.401123475494,1.0709263,0.0012647957,5674169,eclipsing_binary
1791.402512362865,1.0633162,0.0012618322,5674169,eclipsing_binary
1791.4039012502362,1.0586787,0.0012678851,5674169,eclipsing_binary
1791.405290137608,1.0539881,0.0012625227,5674169,eclipsing_binary
1791.40667902498,1.0477477,0.0012615941,5674169,eclipsing_binary
1791.4080679123517,1.0402899,0.0012594082,5674169,eclipsing_binary
1791.4094567997236,1.0329531,0.0012566402,5674169,eclipsing_binary
1791.410845687095,1.0275998,0.0012570708,5674169,eclipsing_binary
1791.4122345744668,1.019812,0.0012632399,5674169,eclipsing_binary
1791.4136234618386,1.0118003,0.0012570061,5674169,eclipsing_binary
1791.4150123487443,1.0084903,0.0012516088,5674169,eclipsing_binary
1791.4164012361152,0.9976942,0.00125209,5674169,eclipsing_binary
1791.417790123487,0.9881535,0.001253688,5674169,eclipsing_binary
1791.4191790108598,0.9792867,0.0012480033,5674169,eclipsing_binary
1791.4205678982316,0.96947485,0.0012499571,5674169,eclipsing_binary
1791.4219567851374,0.9588327,0.0012447981,5674169,eclipsing_binary
1791.4233456725083,0.94656366,0.0012436897,5674169,eclipsing_binary
1791.4247345598797,0.9321911,0.0012410939,5674169,eclipsing_binary
1791.4261234467863,0.9233834,0.0012390481,5674169,eclipsing_binary
1791.427512334159,0.9110473,0.0012422834,5674169,eclipsing_binary
1791.42890122153,0.8955839,0.0012382307,5674169,eclipsing_binary
1791.4302901084357,0.8837552,0.001234976,5674169,eclipsing_binary
1791.4330678831789,0.85833573,0.0012297399,5674169,eclipsing_binary
1791.4344567700855,0.8438103,0.0012272715,5674169,eclipsing_binary
1791.4358456574573,0.83135194,0.0012291041,5674169,eclipsing_binary
1791.437234544363,0.8191764,0.0012251523,5674169,eclipsing_binary
1791.438623431734,0.80773467,0.0012184535,5674169,eclipsing_binary
1791.4400123186404,0.7988621,0.0012214617,5674169,eclipsing_binary
1791.4414012060124,0.790373,0.0012187677,5674169,eclipsing_binary
1791.4427900929186,0.78572226,0.0012152205,5674169,eclipsing_binary
1791.4441789802904,0.7837773,0.0012169946,5674169,eclipsing_binary
1791.4455678671957,0.7838362,0.0012184806,5674169,eclipsing_binary
1791.4469567545675,0.78381854,0.0012178351,5674169,eclipsing_binary
1791.448345641474,0.7836822,0.0012160956,5674169,eclipsing_binary
1791.449734528845,0.7830707,0.0012187618,5674169,eclipsing_binary
1791.4511234157512,0.7823434,0.0012146905,5674169,eclipsing_binary
1791.452512303123,0.7831449,0.0012169488,5674169,eclipsing_binary
1791.4539011900292,0.78230506,0.0012164263,5674169,eclipsing_binary
1791.4552900769354,0.78297997,0.0012133684,5674169,eclipsing_binary
1791.4566789643068,0.7807651,0.0012156466,5674169,eclipsing_binary
1791.4580678512123,0.78264993,0.0012176064,5674169,eclipsing_binary
1791.4594567381178,0.78278244,0.001219584,5674169,eclipsing_binary
1791.4608456250248,0.78253347,0.0012143081,5674169,eclipsing_binary
1791.4622345123971,0.7848543,0.0012157134,5674169,eclipsing_binary
1791.4636233993028,0.783865,0.0012155622,5674169,eclipsing_binary
1791.465012286208,0.78360677,0.001218229,5674169,eclipsing_binary
1791.4664011731138,0.7823807,0.0012150786,5674169,eclipsing_binary
1791.4677900604856,0.7846358,0.0012169348,5674169,eclipsing_binary
1791.4691789473927,0.78767174,0.0012165294,5674169,eclipsing_binary
1791.470567834299,0.7938772,0.0012188501,5674169,eclipsing_binary
1791.4719567212042,0.8035766,0.0012205815,5674169,eclipsing_binary
1791.4733456081099,0.8156719,0.001222615,5674169,eclipsing_binary
1791.474734495016,0.82721215,0.0012259361,5674169,eclipsing_binary
1791.4761233819222,0.8408054,0.0012271792,5674169,eclipsing_binary
1791.4775122688284,0.85559547,0.0012296619,5674169,eclipsing_binary
1791.4789011562002,0.86719394,0.0012340931,5674169,eclipsing_binary
1791.481678930012,0.8949726,0.0012446723,5674169,eclipsing_binary
1791.4830678169183,0.90794665,0.0012409342,5674169,eclipsing_binary
1791.4844567038235,0.9229138,0.0012443106,5674169,eclipsing_binary
1791.48584559073,0.9347042,0.0012422142,5674169,eclipsing_binary
1791.4872344776363,0.9480295,0.0012532211,5674169,eclipsing_binary
1791.4886233645425,0.96051276,0.0012459377,5674169,eclipsing_binary
1791.490012250983,0.9717478,0.0012481539,5674169,eclipsing_binary
1791.4914011378883,0.98219055,0.0012504666,5674169,eclipsing_binary
1791.492790024794,0.9925459,0.0012533679,5674169,eclipsing_binary
1791.4941789117001,0.9988374,0.0012518977,5674169,eclipsing_binary
1791.495567798607,1.0092487,0.0012570419,5674169,eclipsing_binary
1791.4969566855134,1.0186507,0.0012591366,5674169,eclipsing_binary
1791.4983455724187,1.0255063,0.0012569714,5674169,eclipsing_binary
1791.4997344593244,1.0348897,0.001259014,5674169,eclipsing_binary
1791.501123345764,1.0410179,0.0012600229,5674169,eclipsing_binary
1791.5025122326701,1.0471928,0.0012655288,5674169,eclipsing_binary
1791.5039011195772,1.0536172,0.0012638497,5674169,eclipsing_binary
1791.5052900064834,1.0598514,0.0012614372,5674169,eclipsing_binary
1791.5066788929234,1.0650439,0.0012670369,5674169,eclipsing_binary
1791.5080677798287,1.0728037,0.0012639925,5674169,eclipsing_binary
1791.5094566667349,1.0781109,0.001265761,5674169,eclipsing_binary
1791.5108455531754,1.0839691,0.0012655606,5674169,eclipsing_binary
1791.5122344400816,1.0906469,0.0012701746,5674169,eclipsing_binary
1791.513623326988,1.0969789,0.0012704453,5674169,eclipsing_binary
1791.5150122134278,1.1019852,0.0012702326,5674169,eclipsing_binary
1791.516401100334,1.1067836,0.0012720167,5674169,eclipsing_binary
1791.5177899872401,1.1095662,0.0012699821,5674169,eclipsing_binary
1791.5191788736802,1.113927,0.0012714856,5674169,eclipsing_binary
1791.5205677605863,1.1214108,0.0012725339,5674169,eclipsing_binary
1791.5219566470269,1.1245041,0.0012738311,5674169,eclipsing_binary
1791.523345533933,1.1282476,0.001274989,5674169,eclipsing_binary
1791.5247344203735,1.1309747,0.0012740091,5674169,eclipsing_binary
1791.5261233072792,1.1323237,0.0012744347,5674169,eclipsing_binary
1791.5275121937188,1.1368642,0.0012771585,5674169,eclipsing_binary
1791.528901080625,1.138945,0.0012753846,5674169,eclipsing_binary
1791.5302899670664,1.1399636,0.0012774917,5674169,eclipsing_binary
1791.5316788539726,1.1414776,0.0012802217,5674169,eclipsing_binary
1791.5330677404127,1.1444745,0.001278931,5674169,eclipsing_binary
1791.534456627318,1.1455314,0.0012774518,5674169,eclipsing_binary
1791.535845513758,1.1453979,0.0012768235,5674169,eclipsing_binary
1791.537234400199,1.1438763,0.0012784039,5674169,eclipsing_binary
1791.538623287106,1.1439486,0.0012773067,5674169,eclipsing_binary
1791.5400121735456,1.143277,0.0012793124,5674169,eclipsing_binary
1791.5414010599857,1.1405114,0.001276655,5674169,eclipsing_binary
1791.5427899468914,1.1389086,0.0012766728,5674169,eclipsing_binary
1791.544178833332,1.1402049,0.0012788854,5674169,eclipsing_binary
1791.5455677197729,1.1366271,0.0012777017,5674169,eclipsing_binary
1791.546956606679,1.1330049,0.0012755836,5674169,eclipsing_binary
1791.548345493119,1.1302459,0.0012742929,5674169,eclipsing_binary
1791.5497343795587,1.1253858,0.0012735315,5674169,eclipsing_binary
1791.5511232659994,1.1227334,0.0012727965,5674169,eclipsing_binary
1791.5525121529058,1.1175768,0.0012730104,5674169,eclipsing_binary
1791.5539010393454,1.1129198,0.0012746665,5674169,eclipsing_binary
1791.555289925786,1.1078383,0.0012728722,5674169,eclipsing_binary
1791.5566788122264,1.1020977,0.0012724886,5674169,eclipsing_binary
1791.558067698667,1.0983775,0.0012683064,5674169,eclipsing_binary
1791.5594565851077,1.0929432,0.0012699134,5674169,eclipsing_binary
1791.5608454715475,1.0832713,0.0012660096,5674169,eclipsing_binary
1791.5622343584532,1.0774748,0.0012688625,5674169,eclipsing_binary
1791.5636232448937,1.0709643,0.0012647259,5674169,eclipsing_binary
1791.5650121313347,1.0637654,0.0012622455,5674169,eclipsing_binary
1791.5677899042153,1.0507298,0.0012607642,5674169,eclipsing_binary
1791.569178790655,1.042184,0.0012611347,5674169,eclipsing_binary
1791.570567677095,1.033545,0.0012607112,5674169,eclipsing_binary
1791.5719565635363,1.0264469,0.0012571883,5674169,eclipsing_binary
1791.5733454499773,1.016854,0.0012564873,5674169,eclipsing_binary
1791.5747343364174,1.0079892,0.0012559171,5674169,eclipsing_binary
1791.576123222857,0.997584,0.0012517837,5674169,eclipsing_binary
1791.5775121088313,0.9892629,0.0012494297,5674169,eclipsing_binary
1791.5789009952719,0.9766389,0.0012523788,5674169,eclipsing_binary
1791.5802898817133,0.97163796,0.0012496505,5674169,eclipsing_binary
1791.5816787681538,0.9547748,0.0012437495,5674169,eclipsing_binary
1791.5830676545934,0.94365126,0.0012430116,5674169,eclipsing_binary
1791.584456541034,0.9305366,0.0012416927,5674169,eclipsing_binary
1791.5858454274744,0.9192775,0.0012404993,5674169,eclipsing_binary
1791.5872343134488,0.9067242,0.0012371022,5674169,eclipsing_binary
1791.5886231998893,0.89296013,0.0012345187,5674169,eclipsing_binary
1791.5900120863298,0.87948334,0.001237319,5674169,eclipsing_binary
1791.5914009727703,0.86743945,0.0012322008,5674169,eclipsing_binary
1791.5927898592108,0.85358626,0.0012277015,5674169,eclipsing_binary
1791.5941787451852,0.83786887,0.0012281332,5674169,eclipsing_binary
1791.5955676316248,0.8270018,0.0012268032,5674169,eclipsing_binary
1791.5969565180649,0.8128176,0.0012208896,5674169,eclipsing_binary
1791.5983454040406,0.8019302,0.0012207621,5674169,eclipsing_binary
1791.5997342904816,0.79031426,0.0012203765,5674169,eclipsing_binary
1791.6011231769216,0.78165776,0.0012138583,5674169,eclipsing_binary
1791.6025120628956,0.77676886,0.0012147762,5674169,eclipsing_binary
1791.6039009493356,0.77274376,0.0012148911,5674169,eclipsing_binary
1791.6052898357761,0.7729012,0.0012154892,5674169,eclipsing_binary
1791.606678721752,0.7696789,0.001215586,5674169,eclipsing_binary
1791.6080676081924,0.7688069,0.0012176313,5674169,eclipsing_binary
1791.6094564941664,0.76889503,0.001212625,5674169,eclipsing_binary
1791.6108453806064,0.7677969,0.0012148806,5674169,eclipsing_binary
1791.6122342665813,0.7657661,0.0012151521,5674169,eclipsing_binary
1791.6136231530218,0.7673129,0.0012168034,5674169,eclipsing_binary
1791.6150120389966,0.7674224,0.001211502,5674169,eclipsing_binary
1791.6164009254371,0.76571596,0.0012149739,5674169,eclipsing_binary
1791.6177898114115,0.76504743,0.0012133574,5674169,eclipsing_binary
1791.619178697852,0.7648432,0.0012126664,5674169,eclipsing_binary
1791.6205675838269,0.7660183,0.0012128631,5674169,eclipsing_binary
1791.6219564702665,0.76695377,0.0012147973,5674169,eclipsing_binary
1791.6233453562415,0.76994026,0.0012184954,5674169,eclipsing_binary
1791.6247342422166,0.76966196,0.0012140226,5674169,eclipsing_binary
1791.6261231286571,0.7714701,0.0012123763,5674169,eclipsing_binary
1791.627512014632,0.7763246,0.0012240695,5674169,eclipsing_binary
1791.628900900606,0.7825272,0.0012153838,5674169,eclipsing_binary
1791.630289787046,0.7919167,0.0012221707,5674169,eclipsing_binary
1791.6316786730208,0.80251026,0.001220727,5674169,eclipsing_binary
1791.6330675589963,0.8163477,0.0012241577,5674169,eclipsing_binary
1791.634456445437,0.8281212,0.0012230576,5674169,eclipsing_binary
1791.635845331411,0.8412581,0.0012274146,5674169,eclipsing_binary
1791.6372342173854,0.8529124,0.0012287085,5674169,eclipsing_binary
1791.6386231033594,0.8659803,0.0012329528,5674169,eclipsing_binary
1791.6400119898008,0.8789286,0.0012335946,5674169,eclipsing_binary
1791.641400875776,0.8942894,0.0012345368,5674169,eclipsing_binary
1791.6427897617505,0.9050584,0.0012393732,5674169,eclipsing_binary
1791.6441786477249,0.91732794,0.0012367701,5674169,eclipsing_binary
1791.6455675336988,0.928567,0.0012453377,5674169,eclipsing_binary
1791.6469564196736,0.94119835,0.0012423939,5674169,eclipsing_binary
1791.6483453061142,0.9519927,0.0012461365,5674169,eclipsing_binary
1791.649734192089,0.9629074,0.0012488714,5674169,eclipsing_binary
1791.651123078064,0.9729358,0.0012478494,5674169,eclipsing_binary
1791.6525119640382,0.9836492,0.0012520074,5674169,eclipsing_binary
1791.653900850013,0.9900942,0.0012517577,5674169,eclipsing_binary
1791.655289735988,1.0012045,0.0012520821,5674169,eclipsing_binary
1791.6566786219623,1.0078259,0.0012576433,5674169,eclipsing_binary
1791.6580675079372,1.0157068,0.0012601651,5674169,eclipsing_binary
1791.659456393912,1.023414,0.0012591642,5674169,eclipsing_binary
1791.6608452798869,1.0339046,0.0012649527,5674169,eclipsing_binary
1791.6622341658617,1.0435691,0.0012644734,5674169,eclipsing_binary
1791.663623051836,1.0494547,0.0012603605,5674169,eclipsing_binary
1791.66501193781,1.0556194,0.0012624136,5674169,eclipsing_binary
1791.666400823785,1.0619586,0.0012631984,5674169,eclipsing_binary
1791.6677897097607,1.0665638,0.0012633525,5674169,eclipsing_binary
1791.6691785957355,1.0721347,0.0012664526,5674169,eclipsing_binary
1791.6705674817097,1.0784521,0.0012655007,5674169,eclipsing_binary
1791.6719563672182,1.0816593,0.0012681471,5674169,eclipsing_binary
1791.6733452531926,1.0894458,0.0012744474,5674169,eclipsing_binary
1791.6747341391679,1.0953767,0.0012691376,5674169,eclipsing_binary
1791.6761230251436,1.1024672,0.0012700276,5674169,eclipsing_binary
1791.6775119111176,1.1034949,0.0012702286,5674169,eclipsing_binary
1791.678900797092,1.1073705,0.0012729922,5674169,eclipsing_binary
1791.6802896826007,1.1134286,0.0012732904,5674169,eclipsing_binary
1791.6816785685755,1.1163481,0.0012769587,5674169,eclipsing_binary
1791.6830674545508,1.1201653,0.0012732651,5674169,eclipsing_binary
1791.6844563405257,1.122227,0.001275807,5674169,eclipsing_binary
1791.6858452260344,1.1233853,0.0012763417,5674169,eclipsing_binary
1791.6872341120084,1.1268541,0.0012750104,5674169,eclipsing_binary
1791.6886229979834,1.1286016,0.0012748525,5674169,eclipsing_binary
1791.6900118834928,1.1296471,0.0012757989,5674169,eclipsing_binary
1791.6914007694677,1.1297964,0.001277026,5674169,eclipsing_binary
1791.6927896554425,1.1315523,0.0012766435,5674169,eclipsing_binary
1791.6941785409508,1.1296374,0.0012758828,5674169,eclipsing_binary
1791.6955674269257,1.1287527,0.0012745087,5674169,eclipsing_binary
1791.6969563124348,1.1298273,0.0012741002,5674169,eclipsing_binary
1791.6983451984092,1.1284409,0.0012759981,5674169,eclipsing_binary
1791.699734084384,1.1269404,0.0012743493,5674169,eclipsing_binary
1791.7011229698933,1.1245341,0.0012732655,5674169,eclipsing_binary
1791.7025118558681,1.1231381,0.0012772834,5674169,eclipsing_binary
1791.7039007413773,1.1194272,0.0012739097,5674169,eclipsing_binary
1791.7052896273517,1.1177835,0.0012731884,5674169,eclipsing_binary
1791.70667851286,1.1127998,0.0012736578,5674169,eclipsing_binary
1791.7080673988344,1.1079253,0.001269794,5674169,eclipsing_binary
1791.7094562843445,1.1057202,0.0012744431,5674169,eclipsing_binary
1791.7108451703198,1.1028323,0.0012696281,5674169,eclipsing_binary
1791.7122340558285,1.0960402,0.0012737906,5674169,eclipsing_binary
1791.7136229413368,1.0931736,0.0012682974,5674169,eclipsing_binary
1791.7150118273112,1.0865649,0.0012685081,5674169,eclipsing_binary
1791.7164007128204,1.0821266,0.0012681258,5674169,eclipsing_binary
1791.7177895987961,1.0766833,0.001266258,5674169,eclipsing_binary
1791.7191784843053,1.070912,0.0012641161,5674169,eclipsing_binary
1791.7205673698136,1.0648528,0.0012658311,5674169,eclipsing_binary
1791.721956255788,1.0596602,0.0012660797,5674169,eclipsing_binary
1791.7233451412972,1.0545567,0.0012619809,5674169,eclipsing_binary
1791.7247340268063,1.0481158,0.0012652113,5674169,eclipsing_binary
1791.7261229127812,1.0382777,0.00125915,5674169,eclipsing_binary
1791.7275117982904,1.0359831,0.0012596196,5674169,eclipsing_binary
1791.728900683799,1.0297842,0.0012574784,5674169,eclipsing_binary
1791.7302895693083,1.0224512,0.0012561913,5674169,eclipsing_binary
1791.7316784552831,1.0122926,0.0012573275,5674169,eclipsing_binary
1791.7330673407914,1.0041381,0.0012552137,5674169,eclipsing_binary
1791.7344562263008,0.99833924,0.0012525101,5674169,eclipsing_binary
1791.7358451118102,0.9919948,0.0012524751,5674169,eclipsing_binary
1791.7372339973194,0.981407,0.0012502278,5674169,eclipsing_binary
1791.7386228828286,0.9709954,0.0012469308,5674169,eclipsing_binary
1791.7400117688026,0.96068376,0.0012519201,5674169,eclipsing_binary
1791.7414006543113,0.94886494,0.0012480941,5674169,eclipsing_binary
1791.7427895398205,0.9367112,0.00124354,5674169,eclipsing_binary
1791.7441784253303,0.92417777,0.0012427411,5674169,eclipsing_binary
1791.7455673108398,0.9116627,0.0012401621,5674169,eclipsing_binary
1791.746956196348,0.8997371,0.0012397981,5674169,eclipsing_binary
1791.7483450818568,0.88592786,0.0012356659,5674169,eclipsing_binary
1791.749733967365,0.87193716,0.0012331229,5674169,eclipsing_binary
1791.7511228528751,0.8597795,0.0012288808,5674169,eclipsing_binary
1791.752511738385,0.84684026,0.0012270628,5674169,eclipsing_binary
1791.7539006238935,0.83315396,0.001226618,5674169,eclipsing_binary
1791.7552895094022,0.8216617,0.0012236172,5674169,eclipsing_binary
1791.7566783949105,0.80997807,0.0012215436,5674169,eclipsing_binary
1791.7580672804197,0.79982096,0.0012216123,5674169,eclipsing_binary
1791.7594561659298,0.79135114,0.0012187535,5674169,eclipsing_binary
1791.760845051439,0.7872639,0.0012154835,5674169,eclipsing_binary
1791.7622339369475,0.78573596,0.0012179131,5674169,eclipsing_binary
1791.763622822456,0.7855399,0.0012194728,5674169,eclipsing_binary
1791.7650117074995,0.7851133,0.0012173401,5674169,eclipsing_binary
1791.7664005930087,0.78564596,0.0012204994,5674169,eclipsing_binary
1791.7677894785174,0.7844425,0.0012201135,5674169,eclipsing_binary
1791.7691783640266,0.78356826,0.0012169435,5674169,eclipsing_binary
1791.7705672495358,0.7832798,0.0012162685,5674169,eclipsing_binary
1791.771956135045,0.78333724,0.001215973,5674169,eclipsing_binary
1791.7733450200885,0.78567684,0.0012159472,5674169,eclipsing_binary
1791.7747339055973,0.7824596,0.0012184506,5674169,eclipsing_binary
1791.7761227911055,0.78416806,0.0012168686,5674169,eclipsing_binary
1791.7775116766147,0.78395855,0.0012163626,5674169,eclipsing_binary
1791.7789005616592,0.78510356,0.001216591,5674169,eclipsing_binary
1791.7802894471683,0.7851737,0.001216964,5674169,eclipsing_binary
1791.781678332677,0.78443706,0.0012187578,5674169,eclipsing_binary
1791.7830672177197,0.7855806,0.0012175402,5674169,eclipsing_binary
1791.7844561032284,0.78609693,0.0012176003,5674169,eclipsing_binary
1791.785844988738,0.78558075,0.0012183661,5674169,eclipsing_binary
1791.7872338737825,0.78874534,0.0012170434,5674169,eclipsing_binary
1791.7886227592908,0.7949077,0.0012179173,5674169,eclipsing_binary
1791.7900116447995,0.80466366,0.0012225057,5674169,eclipsing_binary
1791.7914005298426,0.8173112,0.0012203911,5674169,eclipsing_binary
1791.7927894153518,0.82789207,0.0012240347,5674169,eclipsing_binary
1791.7941783003957,0.84042925,0.0012314552,5674169,eclipsing_binary
1791.795567185905,0.85486007,0.0012286048,5674169,eclipsing_binary
1791.7969560714137,0.86946976,0.0012328228,5674169,eclipsing_binary
1791.7983449564563,0.8811334,0.0012346825,5674169,eclipsing_binary
1791.7997338419657,0.8947948,0.001235977,5674169,eclipsing_binary
1791.8011227270094,0.90994203,0.0012386539,5674169,eclipsing_binary
1791.8025116125186,0.92193955,0.0012389862,5674169,eclipsing_binary
1791.8039004975622,0.93543154,0.0012466547,5674169,eclipsing_binary
1791.8052893826048,0.9469135,0.0012493699,5674169,eclipsing_binary
1791.806678268114,0.960048,0.0012457542,5674169,eclipsing_binary
1791.8080671531577,0.9696801,0.0012469881,5674169,eclipsing_binary
1791.8094560386662,0.981858,0.0012515667,5674169,eclipsing_binary
1791.8108449237097,0.9925751,0.0012535038,5674169,eclipsing_binary
1791.812233809219,1.0010616,0.0012597599,5674169,eclipsing_binary
1791.8136226942624,1.0111847,0.001254423,5674169,eclipsing_binary
1791.815011579306,1.0198171,0.0012562141,5674169,eclipsing_binary
1791.8164004648147,1.028046,0.0012572128,5674169,eclipsing_binary
1791.8177893498575,1.0345055,0.001262772,5674169,eclipsing_binary
1791.8191782349013,1.041597,0.0012652124,5674169,eclipsing_binary
1791.820567120411,1.0486878,0.0012612932,5674169,eclipsing_binary
1791.8219560054545,1.0561652,0.0012617707,5674169,eclipsing_binary
1791.8233448904975,1.0600963,0.0012658273,5674169,eclipsing_binary
1791.8247337755402,1.0667158,0.001263925,5674169,eclipsing_binary
1791.8261226610489,1.0735166,0.001268502,5674169,eclipsing_binary
1791.8275115460924,1.0789436,0.001268104,5674169,eclipsing_binary
1791.8289004311368,1.087013,0.0012693548,5674169,eclipsing_binary
1791.8302893161804,1.0911402,0.0012685413,5674169,eclipsing_binary
1791.831678201223,1.096843,0.0012693701,5674169,eclipsing_binary
1791.8330670867317,1.1037126,0.0012686851,5674169,eclipsing_binary
1791.8344559717752,1.1070662,0.001272715,5674169,eclipsing_binary
1791.8358448568188,1.1141322,0.001272616,5674169,eclipsing_binary
1791.8372337418623,1.1170399,0.0012729332,5674169,eclipsing_binary
1791.8386226269058,1.1212046,0.0012745218,5674169,eclipsing_binary
1791.840011511949,1.1273286,0.0012732338,5674169,eclipsing_binary
1791.8414003969924,1.1296247,0.0012759616,5674169,eclipsing_binary
1791.842789282036,1.1321938,0.0012793011,5674169,eclipsing_binary
1791.8441781670786,1.136115,0.001277702,5674169,eclipsing_binary
1791.8455670521223,1.1379548,0.0012760941,5674169,eclipsing_binary
1791.846955937166,1.1412152,0.001277597,5674169,eclipsing_binary
1791.8483448222096,1.1428884,0.0012797742,5674169,eclipsing_binary
1791.849733707253,1.1431231,0.0012783363,5674169,eclipsing_binary
1791.8511225922957,1.1452415,0.0012788115,5674169,eclipsing_binary
1791.8525114773388,1.1459479,0.0012763768,5674169,eclipsing_binary
1791.8539003623823,1.1467522,0.0012792494,5674169,eclipsing_binary
1791.8552892474268,1.1464769,0.0012770639,5674169,eclipsing_binary
1791.8566781324703,1.1469585,0.0012794721,5674169,eclipsing_binary
1791.858067017513,1.1462718,0.0012820282,5674169,eclipsing_binary
1791.859455902556,1.1458011,0.0012770108,5674169,eclipsing_binary
1791.8608447875986,1.1436473,0.0012836112,5674169,eclipsing_binary
1791.862233672643,1.142275,0.0012770393,5674169,eclipsing_binary
1791.8636225576872,1.138633,0.0012859806,5674169,eclipsing_binary
1791.8650114422644,1.1356243,0.0012754984,5674169,eclipsing_binary
1791.8664003273075,1.1335588,0.0012818692,5674169,eclipsing_binary
1791.86778921235,1.1289119,0.0012788989,5674169,eclipsing_binary
1791.8691780973936,1.1254463,0.0012774202,5674169,eclipsing_binary
1791.870566982438,1.1209277,0.0012832731,5674169,eclipsing_binary
1791.871955867016,1.1152443,0.0012764484,5674169,eclipsing_binary
1791.8733447520588,1.1127255,0.0012734436,5674169,eclipsing_binary
1791.8747336371016,1.1089658,0.0012717912,5674169,eclipsing_binary
1791.8761225221451,1.0999516,0.0012723712,5674169,eclipsing_binary
1791.877511406723,1.0955122,0.0012688867,5674169,eclipsing_binary
1791.8789002917665,1.088533,0.0012726868,5674169,eclipsing_binary
1791.88028917681,1.0819796,0.0012712291,5674169,eclipsing_binary
1791.8816780613874,1.0755028,0.0012709242,5674169,eclipsing_binary
1791.883066946431,1.0677518,0.0012688577,5674169,eclipsing_binary
1791.8844558314745,1.0617199,0.0012640288,5674169,eclipsing_binary
1791.885844716052,1.0543586,0.00126228,5674169,eclipsing_binary
1791.8872336010954,1.0466639,0.0012676468,5674169,eclipsing_binary
1791.888622486139,1.038223,0.0012645945,5674169,eclipsing_binary
1791.8900113707168,1.0298101,0.0012594196,5674169,eclipsing_binary
1791.8914002557603,1.0199344,0.0012557907,5674169,eclipsing_binary
1791.8927891403378,1.0130422,0.0012559335,5674169,eclipsing_binary
1791.8941780253804,1.0016652,0.0012555647,5674169,eclipsing_binary
1791.8955669099578,0.9916038,0.0012551723,5674169,eclipsing_binary
1791.8969557950018,0.98087853,0.0012515933,5674169,eclipsing_binary
1791.8983446795805,0.9696298,0.0012531813,5674169,eclipsing_binary
1791.8997335646231,0.959295,0.0012482435,5674169,eclipsing_binary
1791.9011224492006,0.9477181,0.0012461558,5674169,eclipsing_binary
1791.902511334244,0.9360477,0.0012452097,5674169,eclipsing_binary
1791.903900218822,0.92547184,0.0012441343,5674169,eclipsing_binary
1791.9052891038655,0.911154,0.0012383099,5674169,eclipsing_binary
1791.9066779884433,0.8976979,0.0012355659,5674169,eclipsing_binary
1791.9080668734864,0.88247424,0.001240123,5674169,eclipsing_binary
1791.9094557580643,0.87029135,0.0012314463,5674169,eclipsing_binary
1791.9108446426421,0.85672945,0.0012313831,5674169,eclipsing_binary
1791.9122335276852,0.845142,0.0012281658,5674169,eclipsing_binary
1791.913622412263,0.8301061,0.0012234147,5674169,eclipsing_binary
1791.915011296841,0.8177219,0.001224015,5674169,eclipsing_binary
1791.9164001818845,0.8051388,0.0012206223,5674169,eclipsing_binary
1791.9177890664623,0.79450643,0.001220388,5674169,eclipsing_binary
1791.9191779510395,0.7848371,0.0012182756,5674169,eclipsing_binary
1791.9205668360823,0.7793284,0.0012166374,5674169,eclipsing_binary
1791.9219557206602,0.77682686,0.0012165398,5674169,eclipsing_binary
1791.923344605239,0.7742564,0.0012162697,5674169,eclipsing_binary
1791.9247334898168,0.7745044,0.0012164597,5674169,eclipsing_binary
1791.9261223748595,0.77276635,0.0012136777,5674169,eclipsing_binary
1791.9275112594369,0.7705605,0.0012145978,5674169,eclipsing_binary
1791.928900144014,0.7708752,0.001215113,5674169,eclipsing_binary
1791.9302890285926,0.7704045,0.0012158535,5674169,eclipsing_binary
1791.9316779131714,0.76759094,0.001214233,5674169,eclipsing_binary
1791.933066798214,0.76951927,0.0012145767,5674169,eclipsing_binary
1791.9344556827914,0.7690616,0.0012129203,5674169,eclipsing_binary
1791.9358445673683,0.76987183,0.0012205248,5674169,eclipsing_binary
1791.9372334519464,0.7699573,0.0012201226,5674169,eclipsing_binary
1791.938622336525,0.7691785,0.0012131942,5674169,eclipsing_binary
1791.9400112211028,0.77101904,0.0012220189,5674169,eclipsing_binary
1791.9414001056803,0.77250904,0.0012160485,5674169,eclipsing_binary
1791.9427889902572,0.77398854,0.001217344,5674169,eclipsing_binary
1791.944177874835,0.77610606,0.0012150166,5674169,eclipsing_binary
1791.945566759413,0.7770592,0.0012192444,5674169,eclipsing_binary
1791.9469556444567,0.78358626,0.0012194646,5674169,eclipsing_binary
1791.9483445290348,0.79299533,0.0012171814,5674169,eclipsing_binary
1791.9497334136117,0.8042254,0.0012212652,5674169,eclipsing_binary
1791.9511222981896,0.8159213,0.0012226864,5674169,eclipsing_binary
1791.9525111823018,0.8280382,0.0012271925,5674169,eclipsing_binary
1791.9539000668792,0.8424927,0.0012276818,5674169,eclipsing_binary
1791.955288951457,0.8547224,0.0012299374,5674169,eclipsing_binary
1791.956677836035,0.8676245,0.0012333493,5674169,eclipsing_binary
1791.9580667206128,0.8804848,0.0012356081,5674169,eclipsing_binary
1791.9594556051907,0.8927872,0.001234682,5674169,eclipsing_binary
1791.960844489768,0.90604657,0.0012373278,5674169,eclipsing_binary
1791.962233374345,0.9175054,0.0012382573,5674169,eclipsing_binary
1791.963622258923,0.9295671,0.0012410698,5674169,eclipsing_binary
1791.9650111435017,0.9417244,0.0012420024,5674169,eclipsing_binary
1791.9664000276139,0.95159495,0.0012454273,5674169,eclipsing_binary
1791.9677889121913,0.9630889,0.0012609402,5674169,eclipsing_binary
1791.9691777967682,0.9724281,0.0012490638,5674169,eclipsing_binary
1791.9705666813456,0.9837295,0.0012511247,5674169,eclipsing_binary
1791.971955565924,0.9927082,0.0012572018,5674169,eclipsing_binary
1791.973344450037,1.0026379,0.0012569497,5674169,eclipsing_binary
1791.9747333346145,1.0102859,0.0012536314,5674169,eclipsing_binary
1791.9761222191914,1.0173066,0.0012580428,5674169,eclipsing_binary
1791.9775111037688,1.028514,0.001259177,5674169,eclipsing_binary
1791.978899987881,1.0336715,0.001258345,5674169,eclipsing_binary
1791.980288872459,1.0422404,0.0012656909,5674169,eclipsing_binary
1791.9816777570368,1.048525,0.0012632543,5674169,eclipsing_binary
1791.983066641149,1.0539802,0.0012633716,5674169,eclipsing_binary
1791.9844555257264,1.0621086,0.0012645822,5674169,eclipsing_binary
1791.9858444103043,1.0681,0.0012640131,5674169,eclipsing_binary
1791.9872332944165,1.0744982,0.0012660096,5674169,eclipsing_binary
1791.9886221789934,1.0790676,0.0012661823,5674169,eclipsing_binary
1791.9900110635713,1.0868262,0.0012673148,5674169,eclipsing_binary
1791.9913999476835,1.0907314,0.0012687725,5674169,eclipsing_binary
1791.9927888322616,1.096037,0.0012705699,5674169,eclipsing_binary
1791.994177716374,1.0994325,0.0012731313,5674169,eclipsing_binary
1791.995566600951,1.1052591,0.0012718189,5674169,eclipsing_binary
1791.9969554850627,1.1102353,0.0012724482,5674169,eclipsing_binary
1791.9983443696406,1.1130546,0.0012728409,5674169,eclipsing_binary
1791.9997332537532,1.1173562,0.0012748849,5674169,eclipsing_binary
1792.0011221383313,1.1184556,0.0012738715,5674169,eclipsing_binary
1792.0025110224428,1.123013,0.00127344,5674169,eclipsing_binary
1792.0038999070202,1.1244754,0.0012742161,5674169,eclipsing_binary
1792.0052887911315,1.1251873,0.0012798727,5674169,eclipsing_binary
1792.0066776757103,1.1272582,0.001276453,5674169,eclipsing_binary
1792.008066559823,1.128678,0.0012741731,5674169,eclipsing_binary
1792.0094554444004,1.1307008,0.0012784083,5674169,eclipsing_binary
1792.010844328512,1.1307892,0.0012769714,5674169,eclipsing_binary
1792.0122332126234,1.1306428,0.0012795401,5674169,eclipsing_binary
1792.0136220972013,1.1308144,0.0012763285,5674169,eclipsing_binary
1792.0150109813144,1.1292658,0.0012747595,5674169,eclipsing_binary
1792.0163998654266,1.1294326,0.0012752543,5674169,eclipsing_binary
1792.0177887500035,1.127161,0.0012736947,5674169,eclipsing_binary
1792.0191776341153,1.123344,0.0012728359,5674169,eclipsing_binary
1792.0205665182275,1.1226283,0.0012752111,5674169,eclipsing_binary
1792.0219554028054,1.1204746,0.0012755982,5674169,eclipsing_binary
1792.0233442869176,1.116946,0.001273741,5674169,eclipsing_binary
1792.0247331710298,1.1135305,0.0012735764,5674169,eclipsing_binary
1792.0261220556072,1.1098166,0.0012728907,5674169,eclipsing_binary
1792.0275109397194,1.1068612,0.0012719963,5674169,eclipsing_binary
1792.0288998238316,1.1003398,0.0012704832,5674169,eclipsing_binary
1792.0302887079433,1.0977173,0.0012702779,5674169,eclipsing_binary
1792.0316775920555,1.0953505,0.0012688787,5674169,eclipsing_binary
1792.0330664766334,1.0869997,0.001265753,5674169,eclipsing_binary
1792.0344553607456,1.0830312,0.0012658042,5674169,eclipsing_binary
1792.0358442448578,1.0774778,0.0012664122,5674169,eclipsing_binary
1792.037233128969,1.0716004,0.0012648242,5674169,eclipsing_binary
1792.0386220130808,1.0667812,0.0012639469,5674169,eclipsing_binary
1792.040010897193,1.060094,0.00126413,5674169,eclipsing_binary
1792.0413997817718,1.0542852,0.0012625216,5674169,eclipsing_binary
1792.042788665884,1.0484736,0.0012605394,5674169,eclipsing_binary
1792.0441775499953,1.0423115,0.0012624484,5674169,eclipsing_binary
1792.045566434107,1.0361291,0.0012631493,5674169,eclipsing_binary
1792.0469553182184,1.0296694,0.0012632889,5674169,eclipsing_binary
1792.0483442023315,1.0228139,0.0012629913,5674169,eclipsing_binary
1792.0497330864446,1.014563,0.0012558133,5674169,eclipsing_binary
1792.0511219705559,1.0090678,0.0012555855,5674169,eclipsing_binary
1792.0525108546676,1.000485,0.0012594161,5674169,eclipsing_binary
1792.053899738779,0.9903985,0.0012514214,5674169,eclipsing_binary
1792.055288622891,0.9814589,0.0012510762,5674169,eclipsing_binary
1792.0566775070042,0.9719751,0.001253115,5674169,eclipsing_binary
1792.0580663911164,0.96135765,0.0012463367,5674169,eclipsing_binary
1792.0594552752282,0.95005465,0.0012474505,5674169,eclipsing_binary
1792.0608441593395,0.93778515,0.0012431459,5674169,eclipsing_binary
1792.0622330434517,0.9261656,0.0012418767,5674169,eclipsing_binary
1792.0636219270982,0.9142672,0.0012431078,5674169,eclipsing_binary
1792.0650108112104,0.90138835,0.0012348684,5674169,eclipsing_binary
1792.0663996953228,0.888351,0.0012340379,5674169,eclipsing_binary
1792.0677885794344,0.8753128,0.001236182,5674169,eclipsing_binary
1792.0691774635466,0.8606016,0.0012340719,5674169,eclipsing_binary
1792.0705663476588,0.8475471,0.0012285057,5674169,eclipsing_binary
1792.0719552317705,0.83516884,0.0012277236,5674169,eclipsing_binary
1792.0733441154161,0.8228922,0.0012254871,5674169,eclipsing_binary
1792.0747329995284,0.8117774,0.0012206082,5674169,eclipsing_binary
1792.0761218836415,0.80058575,0.0012212773,5674169,eclipsing_binary
1792.0775107677537,0.7920625,0.0012180613,5674169,eclipsing_binary
1792.0788996518654,0.7874952,0.0012193988,5674169,eclipsing_binary
1792.080288535511,0.78651625,0.0012176572,5674169,eclipsing_binary
1792.0816774196228,0.78484136,0.0012156871,5674169,eclipsing_binary
1792.0830663037354,0.78398293,0.001217007,5674169,eclipsing_binary
1792.084455187383,0.7848958,0.0012174569,5674169,eclipsing_binary
1792.0858440714946,0.78425217,0.0012154004,5674169,eclipsing_binary
1792.087232955606,0.7837732,0.0012153379,5674169,eclipsing_binary
1792.088621839252,0.7847377,0.0012205912,5674169,eclipsing_binary
1792.0900107233642,0.7847792,0.0012186187,5674169,eclipsing_binary
1792.091399607477,0.78541726,0.0012171476,5674169,eclipsing_binary
1792.0927884911234,0.7845944,0.0012206926,5674169,eclipsing_binary
1792.0941773752352,0.78393114,0.0012205957,5674169,eclipsing_binary
1792.095566259347,0.7842132,0.0012167618,5674169,eclipsing_binary
1792.0969551429935,0.78455335,0.0012195993,5674169,eclipsing_binary
1792.0983440271057,0.784459,0.0012172977,5674169,eclipsing_binary
1792.0997329107522,0.78595036,0.0012172804,5674169,eclipsing_binary
1792.1011217948644,0.7866828,0.0012184274,5674169,eclipsing_binary
1792.10251067851,0.786469,0.0012225689,5674169,eclipsing_binary
1792.1038995626225,0.78748214,0.0012176902,5674169,eclipsing_binary
1792.1052884462692,0.7892194,0.0012203838,5674169,eclipsing_binary
1792.1066773303805,0.7945377,0.0012198767,5674169,eclipsing_binary
1792.108066214027,0.8051304,0.0012215378,5674169,eclipsing_binary
1792.1094550981393,0.81510246,0.0012212897,5674169,eclipsing_binary
1792.1108439817858,0.8280672,0.0012243,5674169,eclipsing_binary
1792.1122328658982,0.84024745,0.0012256339,5674169,eclipsing_binary
1792.1150106336559,0.8672889,0.0012307379,5674169,eclipsing_binary
1792.1163995173024,0.88113815,0.0012341351,5674169,eclipsing_binary
1792.1177884009494,0.8943625,0.0012344726,5674169,eclipsing_binary
1792.1191772850616,0.90875375,0.0012441507,5674169,eclipsing_binary
1792.1205661687077,0.9226123,0.0012418785,5674169,eclipsing_binary
1792.1219550523535,0.93404734,0.00124479,5674169,eclipsing_binary
1792.123343936465,0.9461582,0.0012440813,5674169,eclipsing_binary
1792.1247328201125,0.9597539,0.0012484648,5674169,eclipsing_binary
1792.1261217037595,0.969529,0.0012476917,5674169,eclipsing_binary
1792.1275105878713,0.9815273,0.0012528566,5674169,eclipsing_binary
1792.128899471517,0.9931415,0.0012550798,5674169,eclipsing_binary
1792.130288355163,0.9999616,0.0012552978,5674169,eclipsing_binary
1792.1316772392752,1.0095452,0.0012549026,5674169,eclipsing_binary
1792.1330661229226,1.018569,0.001257157,5674169,eclipsing_binary
1792.1344550065692,1.0255512,0.0012570277,5674169,eclipsing_binary
1792.1358438902148,1.0340861,0.0012586436,5674169,eclipsing_binary
1792.137232773861,1.0419434,0.0012590474,5674169,eclipsing_binary
1792.138621657973,1.0463846,0.0012611911,5674169,eclipsing_binary
1792.1400105416196,1.0548035,0.0012623067,5674169,eclipsing_binary
1792.1413994252662,1.0604441,0.0012633972,5674169,eclipsing_binary
1792.1427883089127,1.0662165,0.0012664079,5674169,eclipsing_binary
1792.1441771925588,1.0721886,0.0012667072,5674169,eclipsing_binary
1792.1455660762053,1.0802441,0.0012695596,5674169,eclipsing_binary
1792.1469549603175,1.0846939,0.001268898,5674169,eclipsing_binary
1792.1483438439632,1.0905828,0.0012681808,5674169,eclipsing_binary
1792.14973272761,1.0972733,0.001272299,5674169,eclipsing_binary
1792.1511216112567,1.1036325,0.0012750207,5674169,eclipsing_binary
1792.1525104949033,1.1067867,0.0012710799,5674169,eclipsing_binary
1792.1538993785498,1.1128737,0.0012710112,5674169,eclipsing_binary
1792.1552882621954,1.1170338,0.0012726606,5674169,eclipsing_binary
1792.1566771458415,1.1208601,0.0012720565,5674169,eclipsing_binary
1792.158066029488,1.1249347,0.0012729705,5674169,eclipsing_binary
1792.1594549131355,1.1311654,0.0012738766,5674169,eclipsing_binary
1792.160843796782,1.1326928,0.0012742134,5674169,eclipsing_binary
1792.1622326804277,1.1348441,0.0012833421,5674169,eclipsing_binary
1792.1636215640738,1.1376077,0.0012772157,5674169,eclipsing_binary
1792.1650104477194,1.1411176,0.001274871,5674169,eclipsing_binary
1792.1663993313668,1.1436046,0.0012771852,5674169,eclipsing_binary
1792.167788215014,1.1445355,0.0012801059,5674169,eclipsing_binary
1792.16917709866,1.1447486,0.0012772196,5674169,eclipsing_binary
1792.170565982306,1.1469727,0.0012779321,5674169,eclipsing_binary
1792.1719548659516,1.1476914,0.0012768025,5674169,eclipsing_binary
1792.1733437491325,1.1464361,0.001277487,5674169,eclipsing_binary
1792.17473263278,1.1468623,0.0012782458,5674169,eclipsing_binary
1792.1761215164265,1.1442266,0.0012758257,5674169,eclipsing_binary
1792.1775104000726,1.1445911,0.001278475,5674169,eclipsing_binary
1792.1788992837182,1.1445243,0.0012752953,5674169,eclipsing_binary
1792.1802881673648,1.1427814,0.0012762785,5674169,eclipsing_binary
1792.1816770505457,1.1395634,0.0012797975,5674169,eclipsing_binary
1792.1830659341922,1.1370157,0.0012755718,5674169,eclipsing_binary
1792.1844548178387,1.1334163,0.0012752331,5674169,eclipsing_binary
1792.1858437014848,1.130465,0.0012746524,5674169,eclipsing_binary
1792.1872325851314,1.1265548,0.0012754734,5674169,eclipsing_binary
1792.1886214683122,1.1206158,0.0012749017,5674169,eclipsing_binary
1792.1900103519583,1.1183112,0.0012733849,5674169,eclipsing_binary
1792.191399235604,1.1114676,0.001271836,5674169,eclipsing_binary
1792.1927881187848,1.1063716,0.0012690888,5674169,eclipsing_binary
1792.1941770024323,1.1001114,0.0012705048,5674169,eclipsing_binary
1792.1955658860788,1.0958282,0.0012670414,5674169,eclipsing_binary
1792.1969547692593,1.0894059,0.001270073,5674169,eclipsing_binary
1792.198343652905,1.0838557,0.0012666393,5674169,eclipsing_binary
1792.199732536551,1.0766762,0.0012641493,5674169,eclipsing_binary
1792.2011214197323,1.0686203,0.0012666947,5674169,eclipsing_binary
1792.2025103033798,1.0639088,0.0012635917,5674169,eclipsing_binary
1792.2038991870256,1.0558529,0.0012666377,5674169,eclipsing_binary
1792.2052880702058,1.0471046,0.0012607268,5674169,eclipsing_binary
1792.206676953852,1.0385361,0.0012612089,5674169,eclipsing_binary
1792.2080658370328,1.0315684,0.0012620123,5674169,eclipsing_binary
1792.2094547206798,1.0214142,0.0012591389,5674169,eclipsing_binary
1792.2108436038607,1.0122901,0.001256708,5674169,eclipsing_binary
1792.2122324875068,1.0024515,0.0012536104,5674169,eclipsing_binary
1792.2136213706876,0.99307394,0.0012519746,5674169,eclipsing_binary
1792.2150102543342,0.98410994,0.0012506014,5674169,eclipsing_binary
1792.2163991375146,0.9727269,0.0012550408,5674169,eclipsing_binary
1792.2177880211611,0.960262,0.0012499506,5674169,eclipsing_binary
1792.219176904342,0.9487984,0.0012461963,5674169,eclipsing_binary
1792.2205657879886,0.93761694,0.0012466743,5674169,eclipsing_binary
1792.2219546711694,0.92375636,0.0012416494,5674169,eclipsing_binary
1792.2233435548153,0.9119954,0.00123932,5674169,eclipsing_binary
1792.2247324379955,0.8995026,0.001237652,5674169,eclipsing_binary
1792.2261213211764,0.88536274,0.0012377722,5674169,eclipsing_binary
1792.2275102048238,0.8727323,0.0012317917,5674169,eclipsing_binary
1792.2288990880047,0.85984004,0.0012303104,5674169,eclipsing_binary
1792.2302879711847,0.84596276,0.0012265973,5674169,eclipsing_binary
1792.2316768548308,0.83183235,0.0012242254,5674169,eclipsing_binary
1792.2330657380112,0.81943566,0.0012239988,5674169,eclipsing_binary
1792.2344546211925,0.8072976,0.0012196933,5674169,eclipsing_binary
1792.23584350484,0.7965327,0.0012181128,5674169,eclipsing_binary
1792.23723238802,0.78703535,0.0012161812,5674169,eclipsing_binary
1792.2386212712004,0.7808695,0.0012159727,5674169,eclipsing_binary
1792.240010154846,0.7781971,0.0012157379,5674169,eclipsing_binary
1792.241399038027,0.776704,0.0012158316,5674169,eclipsing_binary
1792.2427879212087,0.7732765,0.0012193794,5674169,eclipsing_binary
1792.2441768043896,0.7736104,0.0012157109,5674169,eclipsing_binary
1792.2455656880356,0.77335674,0.0012135842,5674169,eclipsing_binary
1792.2469545712156,0.7706979,0.0012158821,5674169,eclipsing_binary
1792.2483434543965,0.7700103,0.0012132799,5674169,eclipsing_binary
1792.2497323375774,0.7686832,0.0012170112,5674169,eclipsing_binary
1792.2511212207585,0.769306,0.0012176643,5674169,eclipsing_binary
1792.2525101044052,0.76863974,0.0012131177,5674169,eclipsing_binary
1792.2538989875852,0.7688635,0.0012149017,5674169,eclipsing_binary
1792.255287870766,0.7704727,0.0012173934,5674169,eclipsing_binary
1792.256676753947,0.77061296,0.0012160434,5674169,eclipsing_binary
1792.2580656371274,0.76943225,0.0012135216,5674169,eclipsing_binary
1792.2594545203083,0.7720505,0.001217908,5674169,eclipsing_binary
1792.2608434034892,0.77362895,0.0012137977,5674169,eclipsing_binary
1792.26223228667,0.7754208,0.0012134793,5674169,eclipsing_binary
1792.263621169851,0.7771779,0.0012155949,5674169,eclipsing_binary
1792.2650100530313,0.7840608,0.0012178172,5674169,eclipsing_binary
1792.2663989362113,0.7933561,0.0012199755,5674169,eclipsing_binary
1792.2677878193922,0.80517155,0.0012225154,5674169,eclipsing_binary
1792.269176702574,0.81564444,0.0012237224,5674169,eclipsing_binary
1792.2705655857549,0.82875526,0.0012225988,5674169,eclipsing_binary
1792.2719544689353,0.84011275,0.001227733,5674169,eclipsing_binary
1792.2733433521153,0.85389936,0.0012305853,5674169,eclipsing_binary
1792.2747322352957,0.8674204,0.00123275,5674169,eclipsing_binary
1792.276121118477,0.8798984,0.0012348529,5674169,eclipsing_binary
1792.2775100016588,0.8925116,0.0012339923,5674169,eclipsing_binary
1792.2788988848392,0.9042135,0.0012363928,5674169,eclipsing_binary
1792.2802877680192,0.91525215,0.0012387888,5674169,eclipsing_binary
1792.2816766511996,0.928451,0.001239765,5674169,eclipsing_binary
1792.2830655343805,0.9403175,0.0012426085,5674169,eclipsing_binary
1792.2844544175618,0.9504396,0.0012446727,5674169,eclipsing_binary
1792.2858433007427,0.96283,0.0012488832,5674169,eclipsing_binary
1792.2872321834575,0.971717,0.0012521143,5674169,eclipsing_binary
1792.288621066638,0.9821538,0.0012483204,5674169,eclipsing_binary
1792.2900099498188,0.9917368,0.001251581,5674169,eclipsing_binary
1792.2913988329997,0.9998595,0.0012516297,5674169,eclipsing_binary
1792.2927877161806,1.0073578,0.0012541829,5674169,eclipsing_binary
1792.2941765993614,1.0177566,0.0012558083,5674169,eclipsing_binary
1792.2955654820757,1.0244467,0.0012569254,5674169,eclipsing_binary
1792.2969543652569,1.0331907,0.001260328,5674169,eclipsing_binary
1792.298343248438,1.040935,0.0012617178,5674169,eclipsing_binary
1792.299732131618,1.0464677,0.0012678558,5674169,eclipsing_binary
1792.3011210143331,1.054589,0.001267309,5674169,eclipsing_binary
1792.302509897514,1.060481,0.0012653107,5674169,eclipsing_binary
1792.303898780695,1.0665284,0.0012651796,5674169,eclipsing_binary
1792.3052876634104,1.0725379,0.0012663143,5674169,eclipsing_binary
1792.3066765465906,1.0786173,0.0012675525,5674169,eclipsing_binary
1792.308065429771,1.0852147,0.0012687378,5674169,eclipsing_binary
1792.3094543124862,1.089854,0.0012687449,5674169,eclipsing_binary
1792.3108431956675,1.0954571,0.0012703302,5674169,eclipsing_binary
1792.3122320788484,1.0995485,0.0012690269,5674169,eclipsing_binary
1792.3136209615632,1.1055282,0.0012728253,5674169,eclipsing_binary
1792.3150098447434,1.1076577,0.0012698134,5674169,eclipsing_binary
1792.316398727458,1.1124562,0.0012713296,5674169,eclipsing_binary
1792.3177876106397,1.1172224,0.0012728849,5674169,eclipsing_binary
1792.319176493821,1.1189227,0.0012714637,5674169,eclipsing_binary
1792.3205653765358,1.1224092,0.0012760941,5674169,eclipsing_binary
1792.3219542597158,1.1245031,0.0012786189,5674169,eclipsing_binary
1792.3233431424305,1.1262127,0.0012790776,5674169,eclipsing_binary
1792.3247320256114,1.1266601,0.0012741805,5674169,eclipsing_binary
1792.3261209083275,1.1276911,0.0012778124,5674169,eclipsing_binary
1792.3275097915084,1.1314483,0.0012788025,5674169,eclipsing_binary
1792.3288986742227,1.1295,0.0012731554,5674169,eclipsing_binary
1792.3302875574032,1.1284322,0.0012739361,5674169,eclipsing_binary
1792.3316764401184,1.1294146,0.0012727065,5674169,eclipsing_binary
1792.3330653232993,1.1303953,0.0012746657,5674169,eclipsing_binary
1792.3344542060145,1.1275085,0.0012739557,5674169,eclipsing_binary
1792.3358430887297,1.126577,0.001278924,5674169,eclipsing_binary
1792.3372319719101,1.124205,0.0012729407,5674169,eclipsing_binary
1792.3386208546253,1.121903,0.0012745338,5674169,eclipsing_binary
1792.3400097378062,1.1191722,0.0012712403,5674169,eclipsing_binary
1792.3413986205205,1.117852,0.0012729677,5674169,eclipsing_binary
1792.342787503236,1.1142408,0.0012713817,5674169,eclipsing_binary
1792.344176386417,1.1093997,0.0012710444,5674169,eclipsing_binary
1792.3455652691323,1.1069589,0.0012746389,5674169,eclipsing_binary
1792.3469541518475,1.1013706,0.001269747,5674169,eclipsing_binary
1792.3483430350275,1.0975814,0.0012698532,5674169,eclipsing_binary
1792.3497319177422,1.0935796,0.0012696327,5674169,eclipsing_binary
1792.3511208004575,1.0888768,0.0012676384,5674169,eclipsing_binary
1792.3525096831736,1.0832958,0.0012717057,5674169,eclipsing_binary
1792.3538985663545,1.0781332,0.0012694589,5674169,eclipsing_binary
1792.3552874490688,1.0716097,0.001263274,5674169,eclipsing_binary
1792.3566763317835,1.0656372,0.0012649167,5674169,eclipsing_binary
1792.3580652144979,1.0611452,0.0012634353,5674169,eclipsing_binary
1792.3594540976796,1.0536374,0.0012640025,5674169,eclipsing_binary
1792.3608429803955,1.0478388,0.0012604876,5674169,eclipsing_binary
1792.36223186311,1.0415416,0.00125792,5674169,eclipsing_binary
1792.3636207458248,1.0351332,0.001257591,5674169,eclipsing_binary
1792.3650096285392,1.0320208,0.0012590988,5674169,eclipsing_binary
1792.36639851172,1.0237075,0.0012574387,5674169,eclipsing_binary
1792.3677873944362,1.0154006,0.0012577065,5674169,eclipsing_binary
1792.3691762771514,1.0083756,0.0012584048,5674169,eclipsing_binary
1792.370565159866,1.0011234,0.0012521574,5674169,eclipsing_binary
1792.3719540425805,0.99132717,0.0012506599,5674169,eclipsing_binary
1792.3733429252957,0.98367435,0.001249571,5674169,eclipsing_binary
1792.374731808011,0.9732981,0.0012533583,5674169,eclipsing_binary
1792.376120690726,0.96193326,0.0012539595,5674169,eclipsing_binary
1792.3775095734413,0.95098436,0.0012445133,5674169,eclipsing_binary
1792.378898456156,0.9402943,0.001241981,5674169,eclipsing_binary
1792.3802873388713,0.9282112,0.0012434172,5674169,eclipsing_binary
1792.3816762215865,0.9158206,0.0012387463,5674169,eclipsing_binary
1792.3830651043013,0.90288705,0.0012376547,5674169,eclipsing_binary
1792.3844539870165,0.88840175,0.0012343246,5674169,eclipsing_binary
1792.3858428697317,0.876543,0.0012339747,5674169,eclipsing_binary
1792.387231752447,0.86208165,0.001231047,5674169,eclipsing_binary
1792.3886206351622,0.8500793,0.001228217,5674169,eclipsing_binary
1792.390009517877,0.8370705,0.001227227,5674169,eclipsing_binary
1792.3913984005912,0.82359254,0.0012259595,5674169,eclipsing_binary
1792.392787283306,0.8129214,0.0012208789,5674169,eclipsing_binary
1792.3941761660217,0.80256337,0.0012210368,5674169,eclipsing_binary
1792.3955650487378,0.7935328,0.0012217341,5674169,eclipsing_binary
1792.3969539314521,0.7868294,0.0012186983,5674169,eclipsing_binary
1792.3983428141669,0.7853456,0.0012198396,5674169,eclipsing_binary
1792.3997316968816,0.7868811,0.001217901,5674169,eclipsing_binary
1792.4011205791312,0.7852277,0.0012175719,5674169,eclipsing_binary
1792.4025094618469,0.7844642,0.0012157336,5674169,eclipsing_binary
1792.403898344562,0.7854737,0.0012192518,5674169,eclipsing_binary
1792.4052872272769,0.78345716,0.001216858,5674169,eclipsing_binary
1792.4066761099914,0.7843698,0.0012195237,5674169,eclipsing_binary
1792.4080649922412,0.78569114,0.0012182267,5674169,eclipsing_binary
1792.4094538749564,0.7836271,0.001221955,5674169,eclipsing_binary
1792.4108427576716,0.7848136,0.0012182278,5674169,eclipsing_binary
1792.4122316403868,0.7855282,0.0012203858,5674169,eclipsing_binary
1792.4136205231011,0.78420126,0.0012203711,5674169,eclipsing_binary
1792.4150094053507,0.78524315,0.0012178407,5674169,eclipsing_binary
1792.4163982880661,0.78574055,0.0012166823,5674169,eclipsing_binary
1792.4177871707807,0.78628534,0.0012186749,5674169,eclipsing_binary
1792.4191760530302,0.785725,0.0012164051,5674169,eclipsing_binary
1792.4205649357455,0.78585273,0.001222082,5674169,eclipsing_binary
1792.4219538184607,0.7863159,0.0012151927,5674169,eclipsing_binary
1792.4233427007102,0.78908455,0.0012156523,5674169,eclipsing_binary
1792.424731583425,0.7959704,0.0012185113,5674169,eclipsing_binary
1792.4261204661395,0.8036594,0.0012200978,5674169,eclipsing_binary
1792.4275093483893,0.8135473,0.0012223092,5674169,eclipsing_binary
1792.428898231105,0.82626843,0.0012243523,5674169,eclipsing_binary
1792.4302871133546,0.8382666,0.001229613,5674169,eclipsing_binary
1792.4316759960693,0.8519719,0.0012271263,5674169,eclipsing_binary
1792.4330648787836,0.86588985,0.0012289591,5674169,eclipsing_binary
1792.4344537610327,0.87945163,0.0012354304,5674169,eclipsing_binary
1792.4358426437486,0.89184546,0.0012406125,5674169,eclipsing_binary
1792.4372315259989,0.9076088,0.0012388007,5674169,eclipsing_binary
1792.4386204087136,0.920445,0.0012401612,5674169,eclipsing_binary
1792.4400092909623,0.93324494,0.0012455974,5674169,eclipsing_binary
1792.441398173677,0.94494927,0.001244185,5674169,eclipsing_binary
1792.4427870559266,0.95790476,0.0012475448,5674169,eclipsing_binary
1792.4441759386425,0.9694555,0.0012527799,5674169,eclipsing_binary
1792.4455648208923,0.9812792,0.0012490321,5674169,eclipsing_binary
1792.4469537036066,0.99089843,0.001250164,5674169,eclipsing_binary
1792.4483425858557,0.99957824,0.001254182,5674169,eclipsing_binary
1792.449731468571,1.009035,0.001257716,5674169,eclipsing_binary
1792.4511203508205,1.018149,0.001257525,5674169,eclipsing_binary
1792.45250923307,1.0265255,0.0012599586,5674169,eclipsing_binary
1792.4538981157853,1.0330812,0.0012622341,5674169,eclipsing_binary
1792.4552869980344,1.0397757,0.0012579802,5674169,eclipsing_binary
1792.4566758807496,1.047034,0.0012621032,5674169,eclipsing_binary
1792.4580647629991,1.0536908,0.0012636064,5674169,eclipsing_binary
1792.4594536452478,1.060963,0.0012684311,5674169,eclipsing_binary
1792.460842527963,1.0662915,0.0012677243,5674169,eclipsing_binary
1792.4622314102128,1.0720006,0.0012642681,5674169,eclipsing_binary
1792.4636202924626,1.079194,0.0012677265,5674169,eclipsing_binary
1792.4650091751778,1.0857098,0.0012652633,5674169,eclipsing_binary
1792.4663980574264,1.0900941,0.0012683625,5674169,eclipsing_binary
1792.4677869396755,1.0972303,0.001268606,5674169,eclipsing_binary
1792.469175821925,1.1010196,0.0012678491,5674169,eclipsing_binary
1792.470564704641,1.107442,0.0012748083,5674169,eclipsing_binary
1792.4719535868908,1.1114551,0.0012753467,5674169,eclipsing_binary
1792.4733424691394,1.1163061,0.0012726053,5674169,eclipsing_binary
1792.4747313513885,1.1207725,0.0012720245,5674169,eclipsing_binary
1792.4761202341028,1.1261623,0.001273521,5674169,eclipsing_binary
1792.4775091163533,1.1282456,0.0012735139,5674169,eclipsing_binary
1792.4788979986033,1.133075,0.0012747061,5674169,eclipsing_binary
1792.4802868808524,1.1348436,0.0012761842,5674169,eclipsing_binary
1792.4816757631015,1.1399751,0.0012748399,5674169,eclipsing_binary
1792.4830646453502,1.1409703,0.0012781958,5674169,eclipsing_binary
1792.4844535280654,1.1438209,0.0012764154,5674169,eclipsing_binary
1792.4858424103159,1.1443617,0.0012770944,5674169,eclipsing_binary
1792.4872312925654,1.1465297,0.0012751758,5674169,eclipsing_binary
1792.488620174814,1.1475332,0.0012762281,5674169,eclipsing_binary
1792.4900090570632,1.1495606,0.0012781897,5674169,eclipsing_binary
1792.4913979393127,1.1476288,0.0012772337,5674169,eclipsing_binary
1792.4927868215623,1.1475881,0.0012786725,5674169,eclipsing_binary
1792.4941757038118,1.1463583,0.0012788745,5674169,eclipsing_binary
1792.4955645860614,1.1454109,0.0012759228,5674169,eclipsing_binary
1792.4969534683105,1.1437254,0.0012769481,5674169,eclipsing_binary
1792.49834235056,1.1419652,0.0012766713,5674169,eclipsing_binary
1792.4997312328096,1.1402606,0.0012770976,5674169,eclipsing_binary
1792.5011201150587,1.1358446,0.0012775232,5674169,eclipsing_binary
1792.5025089973083,1.1358191,0.0012770415,5674169,eclipsing_binary
1792.5038978795578,1.1292771,0.0012739653,5674169,eclipsing_binary
1792.5052867618074,1.1255941,0.0012740154,5674169,eclipsing_binary
1792.506675644057,1.122457,0.0012736075,5674169,eclipsing_binary
1792.5080645263058,1.1201214,0.0012719763,5674169,eclipsing_binary
1792.5094534085547,1.111385,0.0012705189,5674169,eclipsing_binary
1792.5108422908042,1.1058958,0.0012691711,5674169,eclipsing_binary
1792.5122311730547,1.1023673,0.0012695185,5674169,eclipsing_binary
1792.5136200553043,1.0965677,0.0012705522,5674169,eclipsing_binary
1792.515008937553,1.0903466,0.0012681494,5674169,eclipsing_binary
1792.5163978193364,1.0849416,0.0012673134,5674169,eclipsing_binary
1792.5177867015852,1.0772369,0.0012686517,5674169,eclipsing_binary
1792.5191755838355,1.0708389,0.0012637853,5674169,eclipsing_binary
1792.520564466086,1.0629593,0.0012630649,5674169,eclipsing_binary
1792.5219533483346,1.055827,0.0012646989,5674169,eclipsing_binary
1792.5233422305837,1.0504951,0.0012604895,5674169,eclipsing_binary
1792.5247311123676,1.0407603,0.0012581965,5674169,eclipsing_binary
1792.5261199946171,1.0320837,0.0012592399,5674169,eclipsing_binary
1792.5275088768667,1.0237479,0.0012547008,5674169,eclipsing_binary
1792.5288977591163,1.0138799,0.0012559653,5674169,eclipsing_binary
1792.5302866408997,1.0055672,0.001252045,5674169,eclipsing_binary
1792.5316755231493,0.99469566,0.0012549682,5674169,eclipsing_binary
1792.5330644053988,0.9835639,0.001252347,5674169,eclipsing_binary
1792.5344532876475,0.973917,0.00125019,5674169,eclipsing_binary
1792.5358421694316,0.96296173,0.0012448935,5674169,eclipsing_binary
1792.5372310516814,0.95126444,0.0012501093,5674169,eclipsing_binary
1792.538619933931,0.9380424,0.0012465414,5674169,eclipsing_binary
1792.5400088157148,0.92601085,0.0012380438,5674169,eclipsing_binary
1792.5413976979635,0.9135461,0.0012380675,5674169,eclipsing_binary
1792.5427865802126,0.9000045,0.0012362325,5674169,eclipsing_binary
1792.5441754619965,0.8876479,0.0012328853,5674169,eclipsing_binary
1792.5455643442467,0.87510836,0.001233337,5674169,eclipsing_binary
1792.5469532264965,0.8603485,0.001229441,5674169,eclipsing_binary
1792.5483421082795,0.8467874,0.0012258687,5674169,eclipsing_binary
1792.5497309905286,0.8343582,0.0012283789,5674169,eclipsing_binary
1792.5511198723116,0.8192164,0.0012213435,5674169,eclipsing_binary
1792.552508754562,0.8102821,0.0012206867,5674169,eclipsing_binary
1792.5538976363466,0.7972359,0.001218336,5674169,eclipsing_binary
1792.5552865185955,0.7882357,0.0012159649,5674169,eclipsing_binary
1792.556675400379,0.7812131,0.0012181049,5674169,eclipsing_binary
1792.5580642826276,0.7800625,0.001219134,5674169,eclipsing_binary
1792.5594531648771,0.7759196,0.0012135399,5674169,eclipsing_binary
1792.560842046662,0.7740725,0.001213126,5674169,eclipsing_binary
1792.5622309284458,0.7739042,0.0012126962,5674169,eclipsing_binary
1792.5636198106947,0.7721357,0.0012168516,5674169,eclipsing_binary
1792.565008692478,0.7713235,0.0012143216,5674169,eclipsing_binary
1792.5663975747275,0.7725364,0.0012140984,5674169,eclipsing_binary
1792.5677864565114,0.7709345,0.0012154588,5674169,eclipsing_binary
1792.569175338761,0.7688512,0.0012195699,5674169,eclipsing_binary
1792.5705642205448,0.7701135,0.0012136375,5674169,eclipsing_binary
1792.571953102794,0.7692538,0.0012130148,5674169,eclipsing_binary
1792.5733419845778,0.77002734,0.0012149866,5674169,eclipsing_binary
1792.5747308663617,0.76981676,0.0012138188,5674169,eclipsing_binary
1792.5761197486108,0.77190644,0.0012159623,5674169,eclipsing_binary
1792.5775086303947,0.7731781,0.0012132222,5674169,eclipsing_binary
1792.5788975121786,0.7732954,0.001215222,5674169,eclipsing_binary
1792.5802863944282,0.77522147,0.0012161927,5674169,eclipsing_binary
1792.581675276212,0.77750736,0.0012165315,5674169,eclipsing_binary
1792.5830641579955,0.78258824,0.001217069,5674169,eclipsing_binary
1792.5844530402442,0.7923329,0.001217014,5674169,eclipsing_binary
1792.585841922028,0.803209,0.0012226586,5674169,eclipsing_binary
1792.5872308038129,0.8151038,0.0012209422,5674169,eclipsing_binary
1792.5886196855968,0.827274,0.0012218405,5674169,eclipsing_binary
1792.5900085678454,0.83969223,0.0012249266,5674169,eclipsing_binary
1792.5913974496289,0.8533581,0.0012296197,5674169,eclipsing_binary
1792.5927863314123,0.8657425,0.001235151,5674169,eclipsing_binary
1792.5941752131966,0.8770498,0.0012313233,5674169,eclipsing_binary
1792.5955640954471,0.89102185,0.0012376325,5674169,eclipsing_binary
1792.59695297723,0.9038172,0.0012371164,5674169,eclipsing_binary
1792.5983418590135,0.9166417,0.0012390092,5674169,eclipsing_binary
1792.5997307407965,0.9277975,0.0012403437,5674169,eclipsing_binary
1792.6011196225807,0.93905663,0.001247024,5674169,eclipsing_binary
1792.6025085043652,0.95016444,0.0012434118,5674169,eclipsing_binary
1792.6038973866148,0.9623567,0.0012473253,5674169,eclipsing_binary
1792.6052862683982,0.9708786,0.0012464059,5674169,eclipsing_binary
1792.6066751501812,0.98082775,0.0012542404,5674169,eclipsing_binary
1792.6080640319651,0.9903781,0.0012531263,5674169,eclipsing_binary
1792.6094529137492,0.9995853,0.0012495507,5674169,eclipsing_binary
1792.6108417955334,1.0079749,0.001252708,5674169,eclipsing_binary
1792.6122306773173,1.0167338,0.0012536672,5674169,eclipsing_binary
1792.6136195591002,1.0246166,0.0012570164,5674169,eclipsing_binary
1792.6150084408841,1.0331205,0.0012596311,5674169,eclipsing_binary
1792.616397322668,1.036914,0.0012599573,5674169,eclipsing_binary
1792.6177862044515,1.0464786,0.0012585549,5674169,eclipsing_binary
1792.6191750862354,1.0534728,0.0012636196,5674169,eclipsing_binary
1792.6205639680193,1.0607972,0.0012623315,5674169,eclipsing_binary
1792.6219528498032,1.067069,0.0012657259,5674169,eclipsing_binary
1792.623341731587,1.071483,0.0012646153,5674169,eclipsing_binary
1792.6247306133705,1.0788586,0.001263637,5674169,eclipsing_binary
1792.6261194951535,1.0830388,0.0012660939,5674169,eclipsing_binary
1792.6275083769376,1.0881934,0.0012679753,5674169,eclipsing_binary
1792.6288972587222,1.0943035,0.0012660457,5674169,eclipsing_binary
1792.630286140506,1.0991939,0.0012712574,5674169,eclipsing_binary
1792.6316750222895,1.1045343,0.001271157,5674169,eclipsing_binary
1792.6330639040725,1.1075813,0.0012708777,5674169,eclipsing_binary
1792.6344527858564,1.1117599,0.00127079,5674169,eclipsing_binary
1792.6358416676412,1.113475,0.0012740737,5674169,eclipsing_binary
1792.6372305489595,1.1177803,0.0012733953,5674169,eclipsing_binary
1792.638619430743,1.1214278,0.0012730423,5674169,eclipsing_binary
1792.6400083125259,1.1229678,0.0012713206,5674169,eclipsing_binary
1792.6413971943093,1.1261293,0.0012764429,5674169,eclipsing_binary
1792.6427860760937,1.1270769,0.0012737667,5674169,eclipsing_binary
1792.6441749578785,1.1280596,0.0012749095,5674169,eclipsing_binary
1792.645563839196,1.1283824,0.0012719006,5674169,eclipsing_binary
1792.6469527209792,1.1297163,0.0012766637,5674169,eclipsing_binary
1792.6483416027627,1.13185,0.0012763151,5674169,eclipsing_binary
1792.6497304845466,1.1301066,0.0012741169,5674169,eclipsing_binary
1792.6511193658653,1.1281729,0.0012732095,5674169,eclipsing_binary
1792.6525082476492,1.1264224,0.0012720923,5674169,eclipsing_binary
1792.6538971294326,1.12661,0.0012719276,5674169,eclipsing_binary
1792.6552860112158,1.1234715,0.0012733991,5674169,eclipsing_binary
1792.6566748925343,1.1214325,0.0012734507,5674169,eclipsing_binary
1792.6580637743182,1.1195697,0.0012724075,5674169,eclipsing_binary
1792.659452656102,1.1171466,0.001277282,5674169,eclipsing_binary
1792.6608415374203,1.1133544,0.0012752576,5674169,eclipsing_binary
1792.6622304192033,1.1093113,0.0012713532,5674169,eclipsing_binary
1792.6636193009874,1.1071042,0.0012700119,5674169,eclipsing_binary
1792.6650081823059,1.1017239,0.0012685802,5674169,eclipsing_binary
1792.6663970640889,1.0975289,0.001269716,5674169,eclipsing_binary
1792.667785945407,1.0921459,0.0012676212,5674169,eclipsing_binary
1792.669174827191,1.0901905,0.0012703937,5674169,eclipsing_binary
1792.670563708975,1.0831361,0.0012657292,5674169,eclipsing_binary
1792.6719525902931,1.0755267,0.0012638428,5674169,eclipsing_binary
1792.6733414720766,1.0745091,0.0012659306,5674169,eclipsing_binary
1792.6747303533944,1.0658331,0.00126808,5674169,eclipsing_binary
1792.6761192351782,1.060783,0.001260857,5674169,eclipsing_binary
1792.677508116497,1.0551142,0.0012641104,5674169,eclipsing_binary
1792.6788969982808,1.0488627,0.0012612214,5674169,eclipsing_binary
1792.6802858795986,1.04337,0.0012597534,5674169,eclipsing_binary
1792.6816747613816,1.0359821,0.0012673783,5674169,eclipsing_binary
1792.6830636426994,1.0300045,0.0012599926,5674169,eclipsing_binary
1792.6844525244842,1.0228353,0.0012589602,5674169,eclipsing_binary
1792.6858414058029,1.0167477,0.0012552949,5674169,eclipsing_binary
1792.6872302875863,1.0092243,0.0012530901,5674169,eclipsing_binary
1792.6886191689036,1.0013714,0.0012559814,5674169,eclipsing_binary
1792.690008050687,0.9923748,0.001249835,5674169,eclipsing_binary
1792.6913969320053,0.9830461,0.0012480038,5674169,eclipsing_binary
1792.69278581379,0.9745604,0.0012484493,5674169,eclipsing_binary
1792.6941746951084,0.9648791,0.0012484521,5674169,eclipsing_binary
1792.6955635764257,0.9525961,0.001247288,5674169,eclipsing_binary
1792.6969524582091,0.94134074,0.0012464096,5674169,eclipsing_binary
1792.6983413395274,0.9279187,0.0012418509,5674169,eclipsing_binary
1792.7011191026295,0.9035651,0.0012397742,5674169,eclipsing_binary
1792.7025079839477,0.89116496,0.0012412863,5674169,eclipsing_binary
1792.7038968652655,0.87671703,0.0012338035,5674169,eclipsing_binary
1792.7052857470494,0.86495167,0.0012299888,5674169,eclipsing_binary
1792.7066746283676,0.8508442,0.001228194,5674169,eclipsing_binary
1792.708063509685,0.8381842,0.0012281047,5674169,eclipsing_binary
1792.7094523914689,0.82467157,0.001223651,5674169,eclipsing_binary
1792.7108412727873,0.813928,0.0012242333,5674169,eclipsing_binary
1792.7122301541058,0.80273944,0.001219184,5674169,eclipsing_binary
1792.713619035424,0.7938714,0.0012215294,5674169,eclipsing_binary
1792.715007917207,0.7884271,0.0012212947,5674169,eclipsing_binary
1792.7163967985248,0.78758043,0.0012158421,5674169,eclipsing_binary
1792.717785679843,0.786457,0.0012146116,5674169,eclipsing_binary
1792.719174561162,0.78691447,0.0012156293,5674169,eclipsing_binary
1792.7205634424804,0.7846608,0.0012168139,5674169,eclipsing_binary
1792.7219523242634,0.7857188,0.0012182966,5674169,eclipsing_binary
1792.7233412055812,0.7849516,0.0012181004,5674169,eclipsing_binary
1792.7247300868985,0.7855561,0.0012190338,5674169,eclipsing_binary
1792.7261189682176,0.7851052,0.0012178437,5674169,eclipsing_binary
1792.7275078495363,0.784812,0.0012156869,5674169,eclipsing_binary
1792.728896730854,0.7844974,0.0012212853,5674169,eclipsing_binary
1792.7302856121719,0.78410006,0.0012153684,5674169,eclipsing_binary
1792.7316744934892,0.785253,0.001215628,5674169,eclipsing_binary
1792.7330633748074,0.78478074,0.0012149928,5674169,eclipsing_binary
1792.7344522565922,0.78547865,0.0012151256,5674169,eclipsing_binary
1792.7358411379105,0.7864803,0.0012142294,5674169,eclipsing_binary
1792.7372300192278,0.78589034,0.0012208485,5674169,eclipsing_binary
1792.7386189005456,0.7866588,0.0012197092,5674169,eclipsing_binary
1792.7400077818638,0.7873184,0.0012152415,5674169,eclipsing_binary
1792.741396663182,0.7893542,0.0012245547,5674169,eclipsing_binary
1792.7427855445003,0.7945916,0.0012183767,5674169,eclipsing_binary
1792.7441744258185,0.80377537,0.0012260462,5674169,eclipsing_binary
1792.7455633071363,0.8124278,0.0012244891,5674169,eclipsing_binary
1792.7469521884545,0.8253276,0.0012226703,5674169,eclipsing_binary
1792.7483410697728,0.8388197,0.0012247269,5674169,eclipsing_binary
1792.7497299510906,0.8520008,0.0012278045,5674169,eclipsing_binary
1792.7511188324088,0.8652747,0.001229534,5674169,eclipsing_binary
1792.7525077132614,0.876532,0.0012370368,5674169,eclipsing_binary
1792.7538965945796,0.8915673,0.0012337297,5674169,eclipsing_binary
1792.7552854758978,0.9055671,0.0012358697,5674169,eclipsing_binary
1792.7566743572154,0.91529274,0.0012400737,5674169,eclipsing_binary
1792.758063238533,0.9309681,0.0012421778,5674169,eclipsing_binary
1792.7594521198512,0.9459276,0.001243469,5674169,eclipsing_binary
1792.7608410011703,0.9573669,0.0012462222,5674169,eclipsing_binary
1792.7622298824886,0.96829,0.0012501187,5674169,eclipsing_binary
1792.7636187633402,0.97881025,0.0012487087,5674169,eclipsing_binary
1792.7663965259756,0.99834925,0.0012512349,5674169,eclipsing_binary
1792.7677854072945,1.0056348,0.00125267,5674169,eclipsing_binary
1792.7691742886136,1.0172864,0.0012545033,5674169,eclipsing_binary
1792.7705631694653,1.0253648,0.0012576474,5674169,eclipsing_binary
1792.771952050783,1.0323335,0.0012591082,5674169,eclipsing_binary
1792.7733409321004,1.0396012,0.0012595478,5674169,eclipsing_binary
1792.7747298134188,1.0459355,0.0012589986,5674169,eclipsing_binary
1792.776118694272,1.0527172,0.0012613278,5674169,eclipsing_binary
1792.7775075755903,1.0596985,0.0012638643,5674169,eclipsing_binary
1792.7788964569081,1.0652509,0.0012652638,5674169,eclipsing_binary
1792.7802853382254,1.0740548,0.0012650789,5674169,eclipsing_binary
1792.781674219078,1.0770918,0.0012666046,5674169,eclipsing_binary
1792.7830631003962,1.0851077,0.0012721891,5674169,eclipsing_binary
1792.7844519817147,1.0898877,0.0012672888,5674169,eclipsing_binary
1792.7858408625675,1.0950724,0.0012676808,5674169,eclipsing_binary
1792.7872297438848,1.1005434,0.001269839,5674169,eclipsing_binary
1792.788618625203,1.106545,0.0012713523,5674169,eclipsing_binary
1792.7900075060556,1.1118696,0.0012714711,5674169,eclipsing_binary
1792.7913963873734,1.1166285,0.0012770222,5674169,eclipsing_binary
1792.792785268226,1.1208489,0.001276593,5674169,eclipsing_binary
1792.7941741495442,1.1258584,0.0012752963,5674169,eclipsing_binary
1792.7955630308625,1.1277534,0.0012717996,5674169,eclipsing_binary
1792.796951911715,1.131946,0.0012742213,5674169,eclipsing_binary
1792.7983407930328,1.1356218,0.0012789277,5674169,eclipsing_binary
1792.7997296738845,1.1374819,0.0012745198,5674169,eclipsing_binary
1792.8011185552027,1.1401302,0.0012764363,5674169,eclipsing_binary
1792.8025074360562,1.142145,0.0012798898,5674169,eclipsing_binary
1792.8038963173744,1.1443046,0.0012795266,5674169,eclipsing_binary
1792.8052851982266,1.1471456,0.0012769967,5674169,eclipsing_binary
1792.8066740795439,1.1460906,0.0012801199,5674169,eclipsing_binary
1792.808062960396,1.1456134,0.0012752668,5674169,eclipsing_binary
1792.8094518417147,1.1466832,0.0012776146,5674169,eclipsing_binary
1792.8108407225682,1.1483103,0.0012807115,5674169,eclipsing_binary
1792.812229603886,1.1485353,0.0012766728,5674169,eclipsing_binary
1792.8136184847376,1.1470501,0.0012754,5674169,eclipsing_binary
1792.8150073660554,1.1445705,0.001276986,5674169,eclipsing_binary
1792.816396246908,1.1442842,0.0012764189,5674169,eclipsing_binary
1792.817785127761,1.139865,0.0012754111,5674169,eclipsing_binary
1792.8191740090792,1.1366658,0.0012772431,5674169,eclipsing_binary
1792.8205628899314,1.1346443,0.0012757053,5674169,eclipsing_binary
1792.8219517712491,1.1320481,0.0012726974,5674169,eclipsing_binary
1792.8233406521017,1.1265754,0.0012754097,5674169,eclipsing_binary
1792.8247295329543,1.1228269,0.0012735801,5674169,eclipsing_binary
1792.8261184142725,1.1172622,0.001271495,5674169,eclipsing_binary
1792.827507295125,1.113032,0.0012729462,5674169,eclipsing_binary
1792.8288961759768,1.1088045,0.0012743822,5674169,eclipsing_binary
1792.8302850572952,1.1040313,0.0012696391,5674169,eclipsing_binary
1792.831673938148,1.0978893,0.0012682836,5674169,eclipsing_binary
1792.8330628189997,1.0918301,0.0012670642,5674169,eclipsing_binary
1792.8344516998523,1.0856637,0.0012698425,5674169,eclipsing_binary
1792.8358405811714,1.0776197,0.0012699015,5674169,eclipsing_binary
1792.837229462024,1.0709493,0.0012668245,5674169,eclipsing_binary
1792.8386183428759,1.0644919,0.0012636189,5674169,eclipsing_binary
1792.8400072237278,1.0582569,0.0012632433,5674169,eclipsing_binary
1792.841396105046,1.0503576,0.0012609937,5674169,eclipsing_binary
1792.8427849858995,1.0401324,0.0012588238,5674169,eclipsing_binary
1792.844173866752,1.034361,0.0012562583,5674169,eclipsing_binary
1792.8455627476037,1.0232071,0.0012588939,5674169,eclipsing_binary
1792.8469516284558,1.0169127,0.0012545496,5674169,eclipsing_binary
1792.8483405097734,1.0051267,0.001256468,5674169,eclipsing_binary
1792.8497293906266,0.9959773,0.0012521998,5674169,eclipsing_binary
1792.8511182714801,0.9868758,0.0012528568,5674169,eclipsing_binary
1792.8525071523318,0.97512627,0.0012463746,5674169,eclipsing_binary
1792.853896033184,0.9640751,0.0012497719,5674169,eclipsing_binary
1792.8552849140356,0.9530537,0.0012515772,5674169,eclipsing_binary
1792.8566737948881,0.94258285,0.0012421423,5674169,eclipsing_binary
1792.8580626757416,0.9276304,0.0012431004,5674169,eclipsing_binary
1792.8594515565942,0.91594976,0.0012398029,5674169,eclipsing_binary
1792.860840437912,0.9032572,0.001234664,5674169,eclipsing_binary
1792.8622293187636,0.88983524,0.0012332578,5674169,eclipsing_binary
1792.8636181996162,0.8772709,0.0012305803,5674169,eclipsing_binary
1792.8650070804688,0.86209106,0.001232024,5674169,eclipsing_binary
1792.8663959613216,0.84919494,0.0012280917,5674169,eclipsing_binary
1792.8677848421744,0.8355481,0.0012242201,5674169,eclipsing_binary
1792.869173723026,0.82186836,0.0012242551,5674169,eclipsing_binary
1792.8705626038786,0.8099023,0.0012204684,5674169,eclipsing_binary
1792.8719514847312,0.7992306,0.0012190735,5674169,eclipsing_binary
1792.8733403655833,0.7898519,0.0012170612,5674169,eclipsing_binary
1792.874729246436,0.782688,0.0012159809,5674169,eclipsing_binary
1792.8761181272885,0.7789175,0.0012156066,5674169,eclipsing_binary
1792.8775070076754,0.77629465,0.0012152015,5674169,eclipsing_binary
1792.878895888528,0.774912,0.0012190514,5674169,eclipsing_binary
1792.88028476938,0.77524006,0.0012131578,5674169,eclipsing_binary
1792.8816736502317,0.77427256,0.0012152354,5674169,eclipsing_binary
1792.8830625310843,0.7717274,0.0012152119,5674169,eclipsing_binary
1792.8844514119378,0.77036035,0.0012128239,5674169,eclipsing_binary
1792.8858402927904,0.76976776,0.0012124293,5674169,eclipsing_binary
1792.8872291736425,0.7709435,0.0012137091,5674169,eclipsing_binary
1792.8886180544941,0.7694813,0.0012131513,5674169,eclipsing_binary
1792.8900069348806,0.7697153,0.0012126202,5674169,eclipsing_binary
1792.8913958157336,0.7692596,0.0012144756,5674169,eclipsing_binary
1792.8927846965871,0.76900727,0.0012176081,5674169,eclipsing_binary
1792.894173577439,0.7705182,0.0012198681,5674169,eclipsing_binary
1792.895562458291,0.7730161,0.0012149782,5674169,eclipsing_binary
1792.8969513386774,0.77294767,0.0012144094,5674169,eclipsing_binary
1792.89834021953,0.7757109,0.0012146801,5674169,eclipsing_binary
1792.899729100383,0.7775896,0.0012142356,5674169,eclipsing_binary
1792.9011179812355,0.7826707,0.0012143863,5674169,eclipsing_binary
1792.902506861622,0.7941162,0.0012197727,5674169,eclipsing_binary
1792.9038957424739,0.8010317,0.0012254554,5674169,eclipsing_binary
1792.9052846233267,0.8139183,0.0012210513,5674169,eclipsing_binary
1792.9066735041793,0.82543224,0.0012250016,5674169,eclipsing_binary
1792.9080623845662,0.8380807,0.0012255266,5674169,eclipsing_binary
1792.9094512654187,0.85068834,0.0012272379,5674169,eclipsing_binary
1792.9108401462704,0.864178,0.0012315649,5674169,eclipsing_binary
1792.9122290266575,0.87709755,0.0012315899,5674169,eclipsing_binary
1792.9136179075103,0.8907968,0.00123347,5674169,eclipsing_binary
1792.915006788362,0.9020513,0.0012360819,5674169,eclipsing_binary
1792.916395668749,0.91365266,0.0012399923,5674169,eclipsing_binary
1792.9177845496015,0.927145,0.0012452605,5674169,eclipsing_binary
1792.9191734299884,0.9371333,0.0012411864,5674169,eclipsing_binary
1792.920562310841,0.9485074,0.0012434887,5674169,eclipsing_binary
1792.921951191693,0.960437,0.0012483906,5674169,eclipsing_binary
1792.9233400720796,0.96923673,0.0012470717,5674169,eclipsing_binary
1792.9247289529321,0.97964674,0.0012502903,5674169,eclipsing_binary
1792.9261178333195,0.98880154,0.0012536885,5674169,eclipsing_binary
1792.927506714172,0.9984315,0.0012524328,5674169,eclipsing_binary
1792.9288955945585,1.0065961,0.001257388,5674169,eclipsing_binary
1792.9302844754102,1.0173153,0.0012562396,5674169,eclipsing_binary
1792.9316733557966,1.0239,0.0012589799,5674169,eclipsing_binary
1792.9330622366501,1.0316625,0.0012589036,5674169,eclipsing_binary
1792.9344511170375,1.0385212,0.0012630912,5674169,eclipsing_binary
1792.9358399978896,1.0446093,0.0012611924,5674169,eclipsing_binary
1792.9372288782756,1.0524192,0.0012605307,5674169,eclipsing_binary
1792.9386177591277,1.0579338,0.0012634451,5674169,eclipsing_binary
1792.9400066395146,1.0648863,0.001262899,5674169,eclipsing_binary
1792.9413955203681,1.0723087,0.0012626045,5674169,eclipsing_binary
1792.942784400755,1.0776213,0.0012679748,5674169,eclipsing_binary
1792.944173281141,1.0844673,0.0012668638,5674169,eclipsing_binary
1792.9455621619932,1.0889984,0.0012666434,5674169,eclipsing_binary
1792.94695104238,1.0933385,0.0012686452,5674169,eclipsing_binary
1792.9483399232327,1.0983251,0.0012689745,5674169,eclipsing_binary
1792.9497288036196,1.1036488,0.0012686392,5674169,eclipsing_binary
1792.9525065648586,1.1103368,0.0012697552,5674169,eclipsing_binary
1792.9538954452455,1.1152374,0.0012709191,5674169,eclipsing_binary
1792.9552843256324,1.1186041,0.0012735684,5674169,eclipsing_binary
1792.956673206485,1.1202025,0.0012752694,5674169,eclipsing_binary
1792.958062086872,1.1217593,0.0012723871,5674169,eclipsing_binary
1792.9594509672584,1.12354,0.0012724637,5674169,eclipsing_binary
1792.960839848111,1.1261575,0.0012727114,5674169,eclipsing_binary
1792.9622287284978,1.1267321,0.0012728841,5674169,eclipsing_binary
1792.9636176088839,1.1285262,0.0012724281,5674169,eclipsing_binary
1792.9650064892708,1.1290469,0.0012728875,5674169,eclipsing_binary
1792.9663953701233,1.1282868,0.0012770486,5674169,eclipsing_binary
1792.9677842505105,1.1289668,0.0012716587,5674169,eclipsing_binary
1792.9691731308976,1.1293117,0.0012753556,5674169,eclipsing_binary
1792.9705620112836,1.1272014,0.0012775293,5674169,eclipsing_binary
1792.97195089167,1.1248355,0.001273309,5674169,eclipsing_binary
1792.9733397725226,1.1237736,0.0012737863,5674169,eclipsing_binary
1792.97472865291,1.1218548,0.0012722187,5674169,eclipsing_binary
1792.976117533297,1.1201173,0.0012716098,5674169,eclipsing_binary
1792.9775064136834,1.115324,0.00127225,5674169,eclipsing_binary
1792.9788952940698,1.1140059,0.0012739763,5674169,eclipsing_binary
1792.9802841744558,1.1089294,0.001270295,5674169,eclipsing_binary
1792.9816730553093,1.1067747,0.001268013,5674169,eclipsing_binary
1792.9830619356967,1.1029334,0.0012694094,5674169,eclipsing_binary
1792.9844508160832,1.0973654,0.0012734688,5674169,eclipsing_binary
1792.9858396964694,1.093246,0.0012694618,5674169,eclipsing_binary
1792.9872285768556,1.089613,0.001268545,5674169,eclipsing_binary
1792.9886174572425,1.0836241,0.0012671972,5674169,eclipsing_binary
1792.9900063376303,1.0800797,0.0012658342,5674169,eclipsing_binary
1792.9913952180173,1.0719388,0.0012678485,5674169,eclipsing_binary
1792.9927840984033,1.0664483,0.0012623769,5674169,eclipsing_binary
1792.9941729787897,1.0612665,0.0012629281,5674169,eclipsing_binary
1792.9955618591766,1.0556637,0.0012612473,5674169,eclipsing_binary
1792.9969507395635,1.0495307,0.001260603,5674169,eclipsing_binary
1792.9983396199505,1.0434022,0.0012580566,5674169,eclipsing_binary
1792.9997285003374,1.0360101,0.0012643425,5674169,eclipsing_binary
1793.0011173807238,1.0293388,0.0012603293,5674169,eclipsing_binary
1793.0025062611107,1.0257884,0.0012548207,5674169,eclipsing_binary
1793.0038951414977,1.0176812,0.0012544284,5674169,eclipsing_binary
1793.0052840218839,1.009689,0.0012541417,5674169,eclipsing_binary
1793.006672902271,1.0042602,0.0012532943,5674169,eclipsing_binary
1793.008061782658,0.9953838,0.0012529755,5674169,eclipsing_binary
1793.0094506630448,0.98496145,0.0012497103,5674169,eclipsing_binary
1793.0108395434318,0.9741795,0.0012523625,5674169,eclipsing_binary
1793.0122284238178,0.9644382,0.001245119,5674169,eclipsing_binary
1793.0136173037386,0.95541835,0.0012474558,5674169,eclipsing_binary
1793.0150061841255,0.9422135,0.001242813,5674169,eclipsing_binary
1793.0163950645133,0.9313179,0.001240989,5674169,eclipsing_binary
1793.0177839449002,0.918106,0.0012381786,5674169,eclipsing_binary
1793.0191728252862,0.906073,0.0012376981,5674169,eclipsing_binary
1793.0205617056727,0.89198714,0.0012381607,5674169,eclipsing_binary
1793.021950585593,0.8784397,0.0012328828,5674169,eclipsing_binary
1793.0247283463686,0.8518242,0.0012319931,5674169,eclipsing_binary
1793.0261172267546,0.83922994,0.0012247383,5674169,eclipsing_binary
1793.027506107141,0.8262746,0.0012228801,5674169,eclipsing_binary
1793.0288949870614,0.8144907,0.0012211518,5674169,eclipsing_binary
1793.0302838674484,0.80427116,0.0012197617,5674169,eclipsing_binary
1793.0316727478362,0.79467165,0.0012184421,5674169,eclipsing_binary
1793.033061628223,0.7888557,0.0012162962,5674169,eclipsing_binary
1793.034450508144,0.7868422,0.0012210938,5674169,eclipsing_binary
1793.03583938853,0.78524804,0.0012142427,5674169,eclipsing_binary
1793.0372282689168,0.7856677,0.0012224512,5674169,eclipsing_binary
1793.038617148838,0.78450584,0.0012208228,5674169,eclipsing_binary
1793.040006029225,0.78513443,0.0012148139,5674169,eclipsing_binary
1793.041394909612,0.784642,0.0012172551,5674169,eclipsing_binary
1793.0427837895327,0.784864,0.00121717,5674169,eclipsing_binary
1793.0441726699196,0.7850241,0.0012237162,5674169,eclipsing_binary
1793.0455615503065,0.784646,0.0012166076,5674169,eclipsing_binary
1793.0469504302278,0.78397495,0.0012205502,5674169,eclipsing_binary
1793.0483393106147,0.7839842,0.0012149797,5674169,eclipsing_binary
1793.0497281905355,0.7854953,0.0012169059,5674169,eclipsing_binary
1793.0511170709224,0.7840817,0.0012212994,5674169,eclipsing_binary
1793.0525059513093,0.78472793,0.0012151019,5674169,eclipsing_binary
1793.05389483123,0.7856531,0.0012151215,5674169,eclipsing_binary
1793.055283711617,0.7864148,0.001216796,5674169,eclipsing_binary
1793.0566725915382,0.7856028,0.0012182535,5674169,eclipsing_binary
1793.0580614719252,0.7858962,0.0012164501,5674169,eclipsing_binary
1793.0594503518464,0.7879505,0.0012212034,5674169,eclipsing_binary
1793.0608392322329,0.7928481,0.0012173442,5674169,eclipsing_binary
1793.0622281121532,0.80100274,0.0012194602,5674169,eclipsing_binary
1793.0636169925401,0.8125039,0.001222079,5674169,eclipsing_binary
1793.0650058724623,0.82446826,0.0012242107,5674169,eclipsing_binary
1793.0663947528492,0.83698434,0.0012247735,5674169,eclipsing_binary
1793.0677836327695,0.8498222,0.0012281622,5674169,eclipsing_binary
1793.069172513156,0.8629922,0.0012341151,5674169,eclipsing_binary
1793.0705613930768,0.8765598,0.0012306834,5674169,eclipsing_binary
1793.0719502734642,0.8925006,0.001234273,5674169,eclipsing_binary
1793.0733391533863,0.90367013,0.001234989,5674169,eclipsing_binary
1793.0747280333067,0.9171604,0.0012383716,5674169,eclipsing_binary
1793.076116913693,0.9309781,0.0012430047,5674169,eclipsing_binary
1793.0775057936135,0.94357896,0.0012430878,5674169,eclipsing_binary
1793.0788946740006,0.9530586,0.0012488564,5674169,eclipsing_binary
1793.0802835539225,0.9665037,0.0012462588,5674169,eclipsing_binary
1793.0816724338438,0.98093474,0.001249718,5674169,eclipsing_binary
1793.0830613142302,0.9883034,0.001252107,5674169,eclipsing_binary
1793.0844501941506,0.99696094,0.0012534165,5674169,eclipsing_binary
1793.0858390740718,1.0084223,0.001253448,5674169,eclipsing_binary
1793.087227954459,1.0158396,0.0012609445,5674169,eclipsing_binary
1793.0886168343804,1.0243729,0.0012578806,5674169,eclipsing_binary
1793.0900057143017,1.0315734,0.0012588989,5674169,eclipsing_binary
1793.0913945946877,1.0380764,0.0012593004,5674169,eclipsing_binary
1793.092783474609,1.0449271,0.0012590708,5674169,eclipsing_binary
1793.0941723545302,1.0516797,0.001260507,5674169,eclipsing_binary
1793.095561234451,1.0596414,0.0012692161,5674169,eclipsing_binary
1793.096950114838,1.0647061,0.0012632936,5674169,eclipsing_binary
1793.0983389947592,1.068486,0.0012630534,5674169,eclipsing_binary
1793.0997278746804,1.0777057,0.0012663592,5674169,eclipsing_binary
1793.1011167546017,1.0825896,0.0012694608,5674169,eclipsing_binary
1793.1025056345225,1.0886617,0.001268287,5674169,eclipsing_binary
1793.1038945149085,1.0946933,0.0012708537,5674169,eclipsing_binary
1793.10528339483,1.1001203,0.0012745587,5674169,eclipsing_binary
1793.1066722747519,1.1045537,0.0012743961,5674169,eclipsing_binary
1793.1080611546731,1.1093637,0.0012714347,5674169,eclipsing_binary
1793.109450034594,1.1149435,0.0012701737,5674169,eclipsing_binary
1793.1108389145143,1.1203728,0.0012733372,5674169,eclipsing_binary
1793.1122277949007,1.122739,0.0012727438,5674169,eclipsing_binary
1793.1136166748224,1.1284101,0.0012733769,5674169,eclipsing_binary
1793.1150055547446,1.1315851,0.0012746042,5674169,eclipsing_binary
1793.1163944346654,1.1342379,0.0012748279,5674169,eclipsing_binary
1793.1177833145857,1.136672,0.0012757912,5674169,eclipsing_binary
1793.1191721945065,1.1406835,0.0012746963,5674169,eclipsing_binary
1793.1205610744278,1.14256,0.001279496,5674169,eclipsing_binary
1793.1219499543495,1.1429368,0.0012784223,5674169,eclipsing_binary
1793.1233388342707,1.1456971,0.0012757948,5674169,eclipsing_binary
1793.1247277141915,1.1445656,0.0012781797,5674169,eclipsing_binary
1793.1261165941123,1.146522,0.0012812469,5674169,eclipsing_binary
1793.1275054740336,1.1467462,0.0012759477,5674169,eclipsing_binary
1793.1288943539553,1.1470939,0.0012767782,5674169,eclipsing_binary
1793.1302832338765,1.1472528,0.0012749573,5674169,eclipsing_binary
1793.1316721137973,1.1452683,0.0012746514,5674169,eclipsing_binary
1793.133060993718,1.1427772,0.0012787376,5674169,eclipsing_binary
1793.1344498736394,1.1412636,0.0012773551,5674169,eclipsing_binary
1793.1358387535606,1.1404645,0.0012777493,5674169,eclipsing_binary
1793.1372276334819,1.1372147,0.0012746056,5674169,eclipsing_binary
1793.1386165134031,1.1329423,0.0012730474,5674169,eclipsing_binary
1793.1400053933235,1.1295898,0.0012744163,5674169,eclipsing_binary
1793.1413942732447,1.1277469,0.0012728022,5674169,eclipsing_binary
1793.1427831531662,1.1231035,0.001273838,5674169,eclipsing_binary
1793.1441720330868,1.1202922,0.0012727061,5674169,eclipsing_binary
1793.1455609125424,1.1138549,0.0012694709,5674169,eclipsing_binary
1793.1469497924645,1.1065692,0.0012717517,5674169,eclipsing_binary
1793.1483386723858,1.1027589,0.0012708498,5674169,eclipsing_binary
1793.149727552306,1.0962893,0.0012667807,5674169,eclipsing_binary
1793.151116432227,1.0916152,0.0012691128,5674169,eclipsing_binary
1793.1525053121475,1.0837979,0.00126868,5674169,eclipsing_binary
1793.1538941916037,1.0772617,0.0012644972,5674169,eclipsing_binary
1793.155283071526,1.0696276,0.0012645093,5674169,eclipsing_binary
1793.1566719514462,1.0640714,0.0012628225,5674169,eclipsing_binary
1793.158060831367,1.0573436,0.0012621146,5674169,eclipsing_binary
1793.1594497112874,1.049266,0.0012595014,5674169,eclipsing_binary
1793.1608385907432,1.0425229,0.0012613918,5674169,eclipsing_binary
1793.1622274706651,1.0337067,0.0012602332,5674169,eclipsing_binary
1793.1636163505864,1.0251294,0.0012590529,5674169,eclipsing_binary
1793.1650052305072,1.0151508,0.0012556833,5674169,eclipsing_binary
1793.1663941099619,1.0074173,0.001254891,5674169,eclipsing_binary
1793.167782989883,0.9971925,0.0012515568,5674169,eclipsing_binary
1793.1691718698044,0.9864538,0.0012494082,5674169,eclipsing_binary
1793.1705607492602,0.9751286,0.0012469245,5674169,eclipsing_binary
1793.1719496291817,0.96408355,0.0012453538,5674169,eclipsing_binary
1793.173338509102,0.9529323,0.0012437946,5674169,eclipsing_binary
1793.1747273885576,0.94104224,0.001243289,5674169,eclipsing_binary
1793.1761162684788,0.92935866,0.0012394084,5674169,eclipsing_binary
1793.1775051483996,0.9161103,0.0012392896,5674169,eclipsing_binary
1793.1788940278552,0.9032012,0.0012358172,5674169,eclipsing_binary
1793.1802829077765,0.8904397,0.0012347511,5674169,eclipsing_binary
1793.181671787232,0.87687397,0.0012343437,5674169,eclipsing_binary
1793.1830606671533,0.8651523,0.0012289064,5674169,eclipsing_binary
1793.184449547074,0.8496387,0.001227771,5674169,eclipsing_binary
1793.1858384265288,0.8365494,0.0012248312,5674169,eclipsing_binary
1793.18722730645,0.82405907,0.0012220087,5674169,eclipsing_binary
1793.1886161859065,0.81170106,0.0012206129,5674169,eclipsing_binary
1793.1900050658278,0.79958624,0.0012181062,5674169,eclipsing_binary
1793.191393945283,0.7904119,0.001217441,5674169,eclipsing_binary
1793.1927828252033,0.7815311,0.0012177371,5674169,eclipsing_binary
1793.1941717046584,0.7784798,0.0012133617,5674169,eclipsing_binary
1793.19556058458,0.7773562,0.0012152224,5674169,eclipsing_binary
1793.1969494640366,0.77538425,0.0012135875,5674169,eclipsing_binary
1793.1983383439574,0.7729813,0.0012135775,5674169,eclipsing_binary
1793.199727223412,0.77314025,0.0012132342,5674169,eclipsing_binary
1793.2011161033329,0.77109796,0.0012177929,5674169,eclipsing_binary
1793.202504982789,0.7703667,0.0012145212,5674169,eclipsing_binary
1793.203893862711,0.76903105,0.0012120915,5674169,eclipsing_binary
1793.2052827421658,0.7701983,0.0012149141,5674169,eclipsing_binary
1793.2066716220866,0.77050775,0.0012124192,5674169,eclipsing_binary
1793.2080605015417,0.7704898,0.0012161478,5674169,eclipsing_binary
1793.2094493809973,0.769404,0.0012151803,5674169,eclipsing_binary
1793.210838260919,0.7712481,0.0012124163,5674169,eclipsing_binary
1793.2122271403746,0.7721359,0.0012130413,5674169,eclipsing_binary
1793.2136160202954,0.7709696,0.0012153938,5674169,eclipsing_binary
1793.21500489975,0.7737915,0.0012171727,5674169,eclipsing_binary
1793.2163937792059,0.7751936,0.0012144379,5674169,eclipsing_binary
1793.2177826591274,0.77595645,0.0012134877,5674169,eclipsing_binary
1793.219171538583,0.78159624,0.0012174792,5674169,eclipsing_binary
1793.2205604180385,0.7908859,0.0012186905,5674169,eclipsing_binary
1793.2219492974932,0.8004324,0.0012201077,5674169,eclipsing_binary
1793.2233381774145,0.8116021,0.0012215112,5674169,eclipsing_binary
1793.2247270568703,0.8234344,0.0012216606,5674169,eclipsing_binary
1793.2261159363252,0.83705246,0.0012259452,5674169,eclipsing_binary
1793.2275048162464,0.8497332,0.0012266767,5674169,eclipsing_binary
1793.228893695702,0.8620437,0.001227815,5674169,eclipsing_binary
1793.2302825751576,0.8749695,0.0012314636,5674169,eclipsing_binary
1793.2316714546132,0.8897766,0.0012346252,5674169,eclipsing_binary
1793.233060334534,0.90058833,0.0012374585,5674169,eclipsing_binary
1793.234449213989,0.91323036,0.0012370396,5674169,eclipsing_binary
1793.2358380934447,0.92516744,0.0012391069,5674169,eclipsing_binary
1793.2372269729008,0.9362211,0.0012430439,5674169,eclipsing_binary
1793.2386158523564,0.94610316,0.001243891,5674169,eclipsing_binary
1793.2400047318115,0.95854473,0.0012470797,5674169,eclipsing_binary
1793.2413936117318,0.9703393,0.0012472427,5674169,eclipsing_binary
1793.242782491187,0.97762096,0.0012521029,5674169,eclipsing_binary
1793.2441713706432,0.9874668,0.0012490794,5674169,eclipsing_binary
1793.2455602500995,0.99646115,0.001253836,5674169,eclipsing_binary
1793.2469491295547,1.0059447,0.0012559268,5674169,eclipsing_binary
1793.2483380090093,1.0146886,0.001254677,5674169,eclipsing_binary
1793.2497268884645,1.0220654,0.0012564347,5674169,eclipsing_binary
1793.25111576792,1.0306072,0.0012595373,5674169,eclipsing_binary
1793.252504647842,1.0370044,0.0012593514,5674169,eclipsing_binary
1793.2538935272978,1.0447907,0.0012614419,5674169,eclipsing_binary
1793.2552824067525,1.0491283,0.0012614925,5674169,eclipsing_binary
1793.2566712862076,1.0578198,0.0012634858,5674169,eclipsing_binary
1793.2580601656632,1.0643066,0.0012627849,5674169,eclipsing_binary
1793.2594490451193,1.0704491,0.0012623135,5674169,eclipsing_binary
1793.2608379245748,1.0767092,0.0012662308,5674169,eclipsing_binary
1793.26222680403,1.0824864,0.0012652575,5674169,eclipsing_binary
1793.263615683485,1.0873218,0.0012688631,5674169,eclipsing_binary
1793.2650045629407,1.092029,0.001269047,5674169,eclipsing_binary
1793.2663934423963,1.0975952,0.0012692274,5674169,eclipsing_binary
1793.2677823218519,1.1025659,0.0012705522,5674169,eclipsing_binary
1793.2691712013075,1.1061246,0.0012699512,5674169,eclipsing_binary
1793.2705600807624,1.1091858,0.0012733601,5674169,eclipsing_binary
1793.2719489602182,1.1139508,0.0012744549,5674169,eclipsing_binary
1793.2733378392081,1.1169437,0.001271739,5674169,eclipsing_binary
1793.2747267186628,1.1211038,0.0012737893,5674169,eclipsing_binary
1793.2761155981184,1.1204492,0.0012753748,5674169,eclipsing_binary
1793.277504477574,1.1238838,0.0012748113,5674169,eclipsing_binary
1793.2788933570296,1.1269585,0.0012743368,5674169,eclipsing_binary
1793.2802822364854,1.1266776,0.0012763728,5674169,eclipsing_binary
1793.2816711159403,1.1288892,0.0012724162,5674169,eclipsing_binary
1793.2830599953954,1.1291199,0.0012739922,5674169,eclipsing_binary
1793.2844488743854,1.129383,0.0012796317,5674169,eclipsing_binary
1793.2858377538414,1.1295578,0.0012751961,5674169,eclipsing_binary
1793.287226633297,1.1286749,0.0012737021,5674169,eclipsing_binary
1793.2886155127521,1.1269622,0.0012756711,5674169,eclipsing_binary
1793.290004392207,1.1249232,0.0012713523,5674169,eclipsing_binary
1793.2913932711963,1.1241485,0.0012711078,5674169,eclipsing_binary
1793.2927821506528,1.1217957,0.0012711297,5674169,eclipsing_binary
1793.2941710301088,1.1198145,0.0012765394,5674169,eclipsing_binary
1793.295559909564,1.1175176,0.0012744599,5674169,eclipsing_binary
1793.2969487890186,1.1156688,0.0012724268,5674169,eclipsing_binary
1793.2983376680081,1.1106393,0.0012710545,5674169,eclipsing_binary
1793.2997265474637,1.1065074,0.001272281,5674169,eclipsing_binary
1793.3011154269202,1.1014963,0.0012686568,5674169,eclipsing_binary
1793.3025043059101,1.0991802,0.0012719276,5674169,eclipsing_binary
1793.3038931853648,1.0942681,0.0012682559,5674169,eclipsing_binary
1793.30528206482,1.0892574,0.0012661894,5674169,eclipsing_binary
1793.3066709438099,1.0825287,0.0012664475,5674169,eclipsing_binary
1793.3080598232655,1.0812322,0.0012658222,5674169,eclipsing_binary
1793.309448702721,1.0735111,0.0012639404,5674169,eclipsing_binary
1793.310837581711,1.06817,0.0012674845,5674169,eclipsing_binary
1793.3122264611661,1.0622157,0.0012629214,5674169,eclipsing_binary
1793.3136153406217,1.057191,0.0012637149,5674169,eclipsing_binary
1793.3150042196116,1.0507774,0.0012614307,5674169,eclipsing_binary
1793.3163930990663,1.0444468,0.0012593182,5674169,eclipsing_binary
1793.3177819785221,1.0390209,0.001258333,5674169,eclipsing_binary
1793.3191708575123,1.0319446,0.0012592503,5674169,eclipsing_binary
1793.3205597369679,1.0238653,0.0012589397,5674169,eclipsing_binary
1793.3219486159578,1.0187911,0.0012612593,5674169,eclipsing_binary
1793.3233374954125,1.0110178,0.0012539999,5674169,eclipsing_binary
1793.3247263744024,1.0037031,0.0012538502,5674169,eclipsing_binary
1793.3261152538582,0.9956848,0.0012508638,5674169,eclipsing_binary
1793.3275041328484,0.98611015,0.001250662,5674169,eclipsing_binary
1793.328893012304,0.9768663,0.0012473317,5674169,eclipsing_binary
1793.330281891293,0.9684827,0.0012476632,5674169,eclipsing_binary
1793.3316707707481,0.95530313,0.0012443789,5674169,eclipsing_binary
1793.333059649738,0.94471896,0.0012458585,5674169,eclipsing_binary
1793.3358374081845,0.9198607,0.0012387901,5674169,eclipsing_binary
1793.3372262876392,0.9053182,0.0012365998,5674169,eclipsing_binary
1793.3386151666286,0.89351714,0.0012342695,5674169,eclipsing_binary
1793.3400040460833,0.8808189,0.0012359723,5674169,eclipsing_binary
1793.3413929250742,0.8679698,0.0012361931,5674169,eclipsing_binary
1793.3427818040645,0.85449225,0.0012277804,5674169,eclipsing_binary
1793.3441706835197,0.8419123,0.0012259755,5674169,eclipsing_binary
1793.3455595625092,0.82879615,0.0012263907,5674169,eclipsing_binary
1793.3469484419638,0.81534,0.0012222006,5674169,eclipsing_binary
1793.3483373209538,0.80557954,0.0012199526,5674169,eclipsing_binary
1793.3497261999446,0.79724234,0.0012187519,5674169,eclipsing_binary
1793.3511150794002,0.7901254,0.0012182355,5674169,eclipsing_binary
1793.3525039583892,0.7867674,0.0012177696,5674169,eclipsing_binary
1793.3538928373787,0.7864111,0.0012182477,5674169,eclipsing_binary
1793.3552817168343,0.7845575,0.0012159783,5674169,eclipsing_binary
1793.3566705958242,0.7842366,0.0012186213,5674169,eclipsing_binary
1793.3580594748141,0.78422576,0.0012204077,5674169,eclipsing_binary
1793.3594483542697,0.78534764,0.0012164235,5674169,eclipsing_binary
1793.3608372332592,0.7872567,0.0012145452,5674169,eclipsing_binary
1793.3622261122491,0.78371,0.0012177996,5674169,eclipsing_binary
1793.363614991239,0.78448296,0.0012158208,5674169,eclipsing_binary
1793.3650038706942,0.78454715,0.0012155869,5674169,eclipsing_binary
1793.366392749684,0.7839599,0.0012210974,5674169,eclipsing_binary
1793.367781628674,0.7847818,0.0012149911,5674169,eclipsing_binary
1793.369170507664,0.7860565,0.0012209439,5674169,eclipsing_binary
1793.3705593871196,0.7854356,0.0012161129,5674169,eclipsing_binary
1793.3719482661088,0.78535855,0.001215592,5674169,eclipsing_binary
1793.373337145099,0.78591985,0.0012162911,5674169,eclipsing_binary
1793.374726024089,0.7869292,0.0012157984,5674169,eclipsing_binary
1793.3761149030788,0.7861984,0.0012152735,5674169,eclipsing_binary
1793.3775037820687,0.7889298,0.0012191959,5674169,eclipsing_binary
1793.3788926615234,0.79284954,0.0012172866,5674169,eclipsing_binary
1793.380281540513,0.8004103,0.0012217967,5674169,eclipsing_binary
1793.3816704195028,0.8102089,0.0012266119,5674169,eclipsing_binary
1793.3830592984937,0.82355297,0.0012236047,5674169,eclipsing_binary
1793.3844481774836,0.8364303,0.0012240829,5674169,eclipsing_binary
1793.3858370564726,0.84873563,0.0012264479,5674169,eclipsing_binary
1793.387225935462,0.86150676,0.001231687,5674169,eclipsing_binary
1793.388614814451,0.8784911,0.0012325208,5674169,eclipsing_binary
1793.390003693442,0.88826984,0.0012332178,5674169,eclipsing_binary
1793.3913925724328,0.9026617,0.0012343259,5674169,eclipsing_binary
1793.3927814518875,0.9175973,0.0012427043,5674169,eclipsing_binary
1793.394170330877,0.92925787,0.0012433884,5674169,eclipsing_binary
1793.395559209866,0.94174,0.0012414805,5674169,eclipsing_binary
1793.3969480888559,0.9535321,0.0012464635,5674169,eclipsing_binary
1793.3983369678467,0.966729,0.0012456339,5674169,eclipsing_binary
1793.3997258468366,0.97580117,0.0012537923,5674169,eclipsing_binary
1793.4011147258261,0.987608,0.0012510547,5674169,eclipsing_binary
1793.4025036048151,0.99688387,0.0012511549,5674169,eclipsing_binary
1793.403892483805,1.0058157,0.0012542038,5674169,eclipsing_binary
1793.4052813623293,1.0154072,0.0012568787,5674169,eclipsing_binary
1793.4066702413193,1.0219692,0.0012607089,5674169,eclipsing_binary
1793.4080591203092,1.0295463,0.0012559233,5674169,eclipsing_binary
1793.4094479992987,1.0371405,0.0012587371,5674169,eclipsing_binary
1793.4108368782886,1.0446177,0.001260374,5674169,eclipsing_binary
1793.4122257572785,1.0504632,0.0012617342,5674169,eclipsing_binary
1793.413614636268,1.0575508,0.0012649769,5674169,eclipsing_binary
1793.415003515258,1.064156,0.0012640146,5674169,eclipsing_binary
1793.4163923942479,1.0701975,0.0012652803,5674169,eclipsing_binary
1793.4177812732378,1.0750622,0.0012639574,5674169,eclipsing_binary
1793.419170151762,1.0804564,0.0012636872,5674169,eclipsing_binary
1793.4205590307515,1.0874662,0.0012690591,5674169,eclipsing_binary
1793.4219479097405,1.0944887,0.0012677644,5674169,eclipsing_binary
1793.4233367887305,1.0973336,0.0012694192,5674169,eclipsing_binary
1793.4247256677213,1.1045574,0.0012731624,5674169,eclipsing_binary
1793.4261145467112,1.1087769,0.0012712333,5674169,eclipsing_binary
1793.4275034252348,1.1131498,0.0012698253,5674169,eclipsing_binary
1793.428892304224,1.1173539,0.0012718869,5674169,eclipsing_binary
1793.430281183214,1.1217389,0.0012780965,5674169,eclipsing_binary
1793.4316700622048,1.1264207,0.0012732309,5674169,eclipsing_binary
1793.433058940729,1.128804,0.0012724402,5674169,eclipsing_binary
1793.4344478197181,1.1335546,0.0012750431,5674169,eclipsing_binary
1793.4358366987076,1.1363546,0.0012834745,5674169,eclipsing_binary
1793.4372255776968,1.1387942,0.0012761585,5674169,eclipsing_binary
1793.4386144562218,1.1397638,0.0012755387,5674169,eclipsing_binary
1793.4400033352126,1.1426439,0.0012755108,5674169,eclipsing_binary
1793.4413922142016,1.1454364,0.0012762691,5674169,eclipsing_binary
1793.4427810927255,1.1450579,0.0012781159,5674169,eclipsing_binary
1793.4441699717145,1.1457839,0.0012817906,5674169,eclipsing_binary
1793.4455588507046,1.1450634,0.0012771188,5674169,eclipsing_binary
1793.4469477292296,1.146356,0.0012785281,5674169,eclipsing_binary
1793.4483366082195,1.1446228,0.0012771591,5674169,eclipsing_binary
1793.449725487209,1.1434333,0.0012793186,5674169,eclipsing_binary
1793.4511143657323,1.1438966,0.0012779809,5674169,eclipsing_binary
1793.4525032447223,1.141969,0.0012758032,5674169,eclipsing_binary
1793.4538921237122,1.1394396,0.0012753052,5674169,eclipsing_binary
1793.4552810022367,1.1360271,0.0012752935,5674169,eclipsing_binary
1793.4566698812268,1.1334171,0.0012750251,5674169,eclipsing_binary
1793.458058759751,1.1306528,0.0012764282,5674169,eclipsing_binary
1793.459447638741,1.1271017,0.0012758186,5674169,eclipsing_binary
1793.4608365172644,1.1221011,0.0012718586,5674169,eclipsing_binary
1793.4622253962539,1.1178069,0.0012714623,5674169,eclipsing_binary
1793.4636142752438,1.1143715,0.0012711884,5674169,eclipsing_binary
1793.465003153769,1.108787,0.0012757322,5674169,eclipsing_binary
1793.466392032759,1.1025329,0.0012691263,5674169,eclipsing_binary
1793.4677809112823,1.1001426,0.0012710154,5674169,eclipsing_binary
1793.4691697902717,1.0916773,0.0012697428,5674169,eclipsing_binary
1793.470558668795,1.0851551,0.0012733646,5674169,eclipsing_binary
1793.4719475473203,1.0780096,0.0012662896,5674169,eclipsing_binary
1793.473336426311,1.0711267,0.0012639232,5674169,eclipsing_binary
1793.4747253048345,1.0649445,0.0012616923,5674169,eclipsing_binary
1793.476114183824,1.0570328,0.0012644989,5674169,eclipsing_binary
1793.4775030623473,1.0488529,0.0012605153,5674169,eclipsing_binary
1793.4788919413381,1.0433067,0.0012583795,5674169,eclipsing_binary
1793.4802808198629,1.0349838,0.0012592005,5674169,eclipsing_binary
1793.4816696988523,1.0246191,0.00125812,5674169,eclipsing_binary
1793.4830585773761,1.0164996,0.0012554358,5674169,eclipsing_binary
1793.4844474558995,1.0064843,0.0012545042,5674169,eclipsing_binary
1793.4858363348894,0.9979933,0.0012579167,5674169,eclipsing_binary
1793.4872252134146,0.9879705,0.0012525293,5674169,eclipsing_binary
1793.4886140919389,0.976955,0.0012497017,5674169,eclipsing_binary
1793.490002970928,0.9663668,0.0012543645,5674169,eclipsing_binary
1793.4913918494517,0.95373744,0.0012436693,5674169,eclipsing_binary
1793.492780727976,0.94343305,0.0012478268,5674169,eclipsing_binary
1793.494169606966,0.9303428,0.0012433543,5674169,eclipsing_binary
1793.4955584854902,0.91883117,0.0012394667,5674169,eclipsing_binary
1793.4969473640144,0.9046436,0.0012454452,5674169,eclipsing_binary
1793.498336243004,0.89157975,0.001235742,5674169,eclipsing_binary
1793.4997251215282,0.8792551,0.0012353327,5674169,eclipsing_binary
1793.5011140000524,0.86456275,0.0012291785,5674169,eclipsing_binary
1793.5025028785763,0.8532915,0.0012281027,5674169,eclipsing_binary
1793.5038917575662,0.8372804,0.0012269282,5674169,eclipsing_binary
1793.5052806360904,0.8256338,0.0012208665,5674169,eclipsing_binary
1793.5066695146147,0.81201506,0.0012219938,5674169,eclipsing_binary
1793.508058393139,0.80213696,0.0012192737,5674169,eclipsing_binary
1793.5094472716626,0.7900233,0.0012158649,5674169,eclipsing_binary
1793.5108361506518,0.78322905,0.0012161521,5674169,eclipsing_binary
1793.512225029176,0.7812657,0.0012186127,5674169,eclipsing_binary
1793.5136139077013,0.77761406,0.0012133971,5674169,eclipsing_binary
1793.5150027862255,0.7761103,0.0012190345,5674169,eclipsing_binary
1793.5163916647489,0.77543044,0.0012153721,5674169,eclipsing_binary
1793.5177805437384,0.77370936,0.0012150271,5674169,eclipsing_binary
1793.5191694222626,0.77225417,0.0012130407,5674169,eclipsing_binary
1793.5205583007878,0.7723742,0.0012134452,5674169,eclipsing_binary
1793.521947179312,0.77031463,0.0012151309,5674169,eclipsing_binary
1793.5233360578354,0.7704453,0.0012128323,5674169,eclipsing_binary
1793.5247249363592,0.7698557,0.0012116026,5674169,eclipsing_binary
1793.5261138148826,0.77051455,0.0012121995,5674169,eclipsing_binary
1793.5275026934078,0.7717527,0.0012134019,5674169,eclipsing_binary
1793.528891571933,0.770601,0.0012134674,5674169,eclipsing_binary
1793.5302804504563,0.7720212,0.0012126365,5674169,eclipsing_binary
1793.5316693289801,0.772304,0.0012140125,5674169,eclipsing_binary
1793.5330582075035,0.7752234,0.0012164292,5674169,eclipsing_binary
1793.5344470860277,0.7755045,0.0012150292,5674169,eclipsing_binary
1793.535835964553,0.7779022,0.0012154052,5674169,eclipsing_binary
1793.5372248430772,0.78307056,0.0012149992,5674169,eclipsing_binary
1793.538613721601,0.7891486,0.0012191988,5674169,eclipsing_binary
1793.5400026001244,0.80137146,0.0012173072,5674169,eclipsing_binary
1793.5413914786486,0.8109873,0.0012206632,5674169,eclipsing_binary
1793.542780357173,0.8237507,0.0012229917,5674169,eclipsing_binary
1793.5441692356972,0.83586365,0.0012241892,5674169,eclipsing_binary
1793.5455581142214,0.8488653,0.0012292874,5674169,eclipsing_binary
1793.5469469927452,0.8623566,0.0012362277,5674169,eclipsing_binary
1793.5483358712695,0.8747609,0.001233896,5674169,eclipsing_binary
1793.5497247497938,0.8867575,0.0012365391,5674169,eclipsing_binary
1793.5511136283176,0.8987079,0.0012358025,5674169,eclipsing_binary
1793.5525025068418,0.9125078,0.00123868,5674169,eclipsing_binary
1793.5538913853661,0.92390347,0.0012440344,5674169,eclipsing_binary
1793.5552802638904,0.93486816,0.0012433836,5674169,eclipsing_binary
1793.556669141949,0.94707704,0.0012447911,5674169,eclipsing_binary
1793.5580580204728,0.95668405,0.0012465297,5674169,eclipsing_binary
1793.5594468989962,0.9680625,0.0012480721,5674169,eclipsing_binary
1793.5608357775204,0.97843474,0.0012506485,5674169,eclipsing_binary
1793.5622246560456,0.987373,0.0012510392,5674169,eclipsing_binary
1793.5636135345699,0.9969769,0.0012529488,5674169,eclipsing_binary
1793.5650024126278,1.0050734,0.0012582311,5674169,eclipsing_binary
1793.5663912911514,1.0142769,0.0012547635,5674169,eclipsing_binary
1793.5677801696756,1.0211898,0.0012559225,5674169,eclipsing_binary
1793.5691690482008,1.0303789,0.001257212,5674169,eclipsing_binary
1793.570557926725,1.036288,0.0012578657,5674169,eclipsing_binary
1793.5719468047828,1.0443101,0.001262806,5674169,eclipsing_binary
1793.5733356833066,1.0492635,0.0012603964,5674169,eclipsing_binary
1793.5747245618302,1.0549455,0.0012648654,5674169,eclipsing_binary
1793.5761134403551,1.0645837,0.0012632557,5674169,eclipsing_binary
1793.5775023184146,1.067771,0.001264121,5674169,eclipsing_binary
1793.578891196938,1.0751196,0.0012641689,5674169,eclipsing_binary
1793.5802800754618,1.0822246,0.0012709475,5674169,eclipsing_binary
1793.5816689535195,1.0854436,0.0012663321,5674169,eclipsing_binary
1793.583057832044,1.0910081,0.0012713616,5674169,eclipsing_binary
1793.584446710569,1.0965915,0.0012691763,5674169,eclipsing_binary
1793.5858355886276,1.1003819,0.001268505,5674169,eclipsing_binary
1793.5872244671514,1.1058271,0.0012685043,5674169,eclipsing_binary
1793.5886133456747,1.1092895,0.0012703447,5674169,eclipsing_binary
1793.5900022237333,1.1138165,0.0012704307,5674169,eclipsing_binary
1793.5913911022576,1.1155288,0.0012777131,5674169,eclipsing_binary
1793.592779980782,1.1206853,0.0012733634,5674169,eclipsing_binary
1793.594168858841,1.1221179,0.0012762008,5674169,eclipsing_binary
1793.5955577373643,1.1231837,0.001272664,5674169,eclipsing_binary
1793.596946615423,1.1262763,0.00127657,5674169,eclipsing_binary
1793.5983354939472,1.1258143,0.001272883,5674169,eclipsing_binary
1793.5997243720053,1.1269139,0.0012722564,5674169,eclipsing_binary
1793.6011132505296,1.1297636,0.0012724075,5674169,eclipsing_binary
1793.6025021290538,1.1285697,0.0012718891,5674169,eclipsing_binary
1793.6038910071125,1.1272769,0.0012764873,5674169,eclipsing_binary
1793.6052798856367,1.1282179,0.0012730213,5674169,eclipsing_binary
1793.6066687636949,1.1267352,0.0012730137,5674169,eclipsing_binary
1793.6080576422191,1.1244743,0.0012773459,5674169,eclipsing_binary
1793.6094465202777,1.1244271,0.0012804352,5674169,eclipsing_binary
1793.610835398802,1.1220837,0.0012771018,5674169,eclipsing_binary
1793.6122242768606,1.1193261,0.0012762675,5674169,eclipsing_binary
1793.6136131549188,1.1183015,0.0012791305,5674169,eclipsing_binary
1793.6150020334421,1.1133424,0.0012720684,5674169,eclipsing_binary
1793.6163909115007,1.109553,0.0012724467,5674169,eclipsing_binary
1793.617779790026,1.106266,0.0012691815,5674169,eclipsing_binary
1793.6191686680845,1.1036481,0.0012681931,5674169,eclipsing_binary
1793.6205575466083,1.0989437,0.0012676304,5674169,eclipsing_binary
1793.621946424666,1.0957867,0.0012704369,5674169,eclipsing_binary
1793.6233353027242,1.0884591,0.001269871,5674169,eclipsing_binary
1793.624724181249,1.0845035,0.0012655627,5674169,eclipsing_binary
1793.6261130593084,1.0795687,0.0012665066,5674169,eclipsing_binary
1793.6275019378318,1.0742501,0.0012696024,5674169,eclipsing_binary
1793.62889081589,1.0697857,0.0012686314,5674169,eclipsing_binary
1793.630279693948,1.0621954,0.0012620746,5674169,eclipsing_binary
1793.6316685724723,1.0561242,0.0012608751,5674169,eclipsing_binary
1793.6330574505314,1.052672,0.0012617458,5674169,eclipsing_binary
1793.63444632859,1.0448043,0.001262907,5674169,eclipsing_binary
1793.6358352071138,1.0383142,0.0012595288,5674169,eclipsing_binary
1793.6372240851715,1.031766,0.0012596673,5674169,eclipsing_binary
1793.6386129632303,1.026936,0.0012581331,5674169,eclipsing_binary
1793.6400018412892,1.0181909,0.0012557502,5674169,eclipsing_binary
1793.6413907198134,1.0113505,0.0012612715,5674169,eclipsing_binary
1793.642779597872,1.00435,0.001253449,5674169,eclipsing_binary
1793.6441684759297,0.9974218,0.0012586936,5674169,eclipsing_binary
1793.6455573539884,0.9864689,0.0012491758,5674169,eclipsing_binary
1793.6469462325128,0.9782427,0.0012473703,5674169,eclipsing_binary
1793.6483351105717,0.9675952,0.0012449655,5674169,eclipsing_binary
1793.6497239886303,0.95643383,0.0012457304,5674169,eclipsing_binary
1793.651112866688,0.9471476,0.0012450308,5674169,eclipsing_binary
1793.6525017447466,0.93350136,0.0012418746,5674169,eclipsing_binary
1793.6538906232709,0.92158276,0.0012370595,5674169,eclipsing_binary
1793.655279501329,0.9080667,0.0012394099,5674169,eclipsing_binary
1793.6566683793876,0.8961131,0.0012354524,5674169,eclipsing_binary
1793.6580572574462,0.8821351,0.0012326767,5674169,eclipsing_binary
1793.6594461355048,0.8697004,0.0012296344,5674169,eclipsing_binary
1793.6608350135634,0.85565823,0.0012277018,5674169,eclipsing_binary
1793.6622238916216,0.84093297,0.0012257912,5674169,eclipsing_binary
1793.663612770145,0.829039,0.0012250554,5674169,eclipsing_binary
1793.6650016482035,0.81748986,0.0012208377,5674169,eclipsing_binary
1793.666390526263,0.80568826,0.001222561,5674169,eclipsing_binary
1793.6677794043217,0.7965952,0.0012196758,5674169,eclipsing_binary
1793.6691682823798,0.790235,0.0012182363,5674169,eclipsing_binary
1793.6705571604375,0.78613365,0.0012150229,5674169,eclipsing_binary
1793.6719460384957,0.78686476,0.0012159265,5674169,eclipsing_binary
1793.6733349165547,0.7866155,0.0012194822,5674169,eclipsing_binary
1793.6747237946142,0.7846883,0.0012163144,5674169,eclipsing_binary
1793.6761126726724,0.7843396,0.0012241553,5674169,eclipsing_binary
1793.67750155073,0.7844176,0.0012190442,5674169,eclipsing_binary
1793.6788904287882,0.78460956,0.001214401,5674169,eclipsing_binary
1793.6802793068468,0.785115,0.0012172387,5674169,eclipsing_binary
1793.681668184906,0.7851503,0.0012190293,5674169,eclipsing_binary
1793.6830570629645,0.78528714,0.0012168963,5674169,eclipsing_binary
1793.6844459410227,0.78451794,0.0012147112,5674169,eclipsing_binary
1793.6858348190808,0.78435344,0.0012190293,5674169,eclipsing_binary
1793.6872236971394,0.7851133,0.001219028,5674169,eclipsing_binary
1793.6886125751985,0.7861563,0.0012206628,5674169,eclipsing_binary
1793.690001453257,0.7869053,0.0012175351,5674169,eclipsing_binary
1793.6913903313152,0.7867384,0.0012166994,5674169,eclipsing_binary
1793.692779209373,0.78720105,0.0012185533,5674169,eclipsing_binary
1793.694168086966,0.7869274,0.0012147964,5674169,eclipsing_binary
1793.695556965025,0.78885305,0.0012171633,5674169,eclipsing_binary
1793.6969458430835,0.79257417,0.0012169629,5674169,eclipsing_binary
1793.6983347211421,0.79928714,0.0012180584,5674169,eclipsing_binary
1793.6997235991998,0.80981064,0.0012203016,5674169,eclipsing_binary
1793.7011124772584,0.8214386,0.0012242242,5674169,eclipsing_binary
1793.7025013553173,0.83328235,0.0012232264,5674169,eclipsing_binary
1793.7038902329095,0.8463152,0.0012266033,5674169,eclipsing_binary
1793.7052791109681,0.85954905,0.0012302591,5674169,eclipsing_binary
1793.7066679890268,0.8742338,0.0012309959,5674169,eclipsing_binary
1793.7080568670854,0.88744485,0.0012325634,5674169,eclipsing_binary
1793.709445745144,0.90149397,0.0012370856,5674169,eclipsing_binary
1793.7108346227365,0.91415584,0.0012399359,5674169,eclipsing_binary
1793.7122235007944,0.92894626,0.0012422546,5674169,eclipsing_binary
1793.7136123788532,0.9400952,0.0012481228,5674169,eclipsing_binary
1793.7150012569123,0.9521959,0.0012459272,5674169,eclipsing_binary
1793.7163901345052,0.9631487,0.0012476901,5674169,eclipsing_binary
1793.7177790125634,0.97550184,0.0012509988,5674169,eclipsing_binary
1793.719167890621,0.9851367,0.0012517477,5674169,eclipsing_binary
1793.7205567686792,0.99531895,0.0012527751,5674169,eclipsing_binary
1793.7219456462728,1.0037055,0.0012532854,5674169,eclipsing_binary
1793.7233345243321,1.0141122,0.0012534832,5674169,eclipsing_binary
1793.7247234023903,1.0216938,0.0012560533,5674169,eclipsing_binary
1793.7261122799823,1.0272118,0.0012555204,5674169,eclipsing_binary
1793.7275011580405,1.0363846,0.0012607242,5674169,eclipsing_binary
1793.7288900360998,1.042372,0.0012587613,5674169,eclipsing_binary
1793.7302789136934,1.0493647,0.0012647354,5674169,eclipsing_binary
1793.7316677917515,1.0553639,0.0012610895,5674169,eclipsing_binary
1793.7330566693436,1.0605183,0.001261519,5674169,eclipsing_binary
1793.7344455474017,1.0701534,0.0012633371,5674169,eclipsing_binary
1793.7358344254603,1.075357,0.0012666851,5674169,eclipsing_binary
1793.7372233030537,1.0806221,0.0012666578,5674169,eclipsing_binary
1793.7386121811126,1.0861549,0.0012678554,5674169,eclipsing_binary
1793.7400010587048,1.0917553,0.0012678149,5674169,eclipsing_binary
1793.741389936763,1.0980196,0.0012692744,5674169,eclipsing_binary
1793.7427788148216,1.1033599,0.0012690474,5674169,eclipsing_binary
1793.7441676924145,1.1058825,0.001270426,5674169,eclipsing_binary
1793.7455565704731,1.1132008,0.0012713949,5674169,eclipsing_binary
1793.746945448066,1.1176909,0.0012755778,5674169,eclipsing_binary
1793.748334326124,1.1214435,0.0012747099,5674169,eclipsing_binary
1793.7497232037172,1.123773,0.001272974,5674169,eclipsing_binary
1793.7511120817758,1.1288182,0.0012764229,5674169,eclipsing_binary
1793.7525009593678,1.1328504,0.0012733714,5674169,eclipsing_binary
1793.7538898374264,1.1362178,0.0012746236,5674169,eclipsing_binary
1793.7552787150194,1.137425,0.001275427,5674169,eclipsing_binary
1793.7566675930782,1.1392579,0.0012761629,5674169,eclipsing_binary
1793.7580564706714,1.1427093,0.001275408,5674169,eclipsing_binary
1793.7594453482634,1.1432339,0.0012824651,5674169,eclipsing_binary
1793.7608342263215,1.1446339,0.0012748347,5674169,eclipsing_binary
1793.7622231039145,1.1464612,0.0012783303,5674169,eclipsing_binary
1793.7636119819736,1.1449684,0.0012776614,5674169,eclipsing_binary
1793.7650008595665,1.1471496,0.0012762902,5674169,eclipsing_binary
1793.766389737159,1.1461029,0.0012757884,5674169,eclipsing_binary
1793.7677786152171,1.1432576,0.001279347,5674169,eclipsing_binary
1793.7691674928105,1.1432478,0.0012760662,5674169,eclipsing_binary
1793.77055637087,1.139686,0.0012745939,5674169,eclipsing_binary
1793.771945248462,1.1400422,0.0012745947,5674169,eclipsing_binary
1793.7733341260546,1.1358124,0.0012727819,5674169,eclipsing_binary
1793.7747230041123,1.1348511,0.001277312,5674169,eclipsing_binary
1793.7761118817054,1.1304321,0.001277603,5674169,eclipsing_binary
1793.777500759299,1.1278049,0.0012775557,5674169,eclipsing_binary
1793.7788896373577,1.1246635,0.001272826,5674169,eclipsing_binary
1793.7802785149502,1.1193814,0.001271351,5674169,eclipsing_binary
1793.7816673925422,1.1143212,0.0012701523,5674169,eclipsing_binary
1793.7830562701351,1.1088762,0.0012740094,5674169,eclipsing_binary
1793.7844451481938,1.1042064,0.0012727593,5674169,eclipsing_binary
1793.785834025787,1.0989715,0.001269028,5674169,eclipsing_binary
1793.78722290338,1.0905144,0.0012683386,5674169,eclipsing_binary
1793.7886117809721,1.0839851,0.0012672809,5674169,eclipsing_binary
1793.7900006590307,1.0789578,0.001268825,5674169,eclipsing_binary
1793.7913895366237,1.0726407,0.0012634418,5674169,eclipsing_binary
1793.7927784142162,1.065681,0.0012627648,5674169,eclipsing_binary
1793.7941672918091,1.05877,0.001265412,5674169,eclipsing_binary
1793.795556169402,1.0514889,0.0012617564,5674169,eclipsing_binary
1793.7969450474607,1.043908,0.0012622797,5674169,eclipsing_binary
1793.7983339250536,1.0349019,0.0012586508,5674169,eclipsing_binary
1793.799722802646,1.0270492,0.0012570699,5674169,eclipsing_binary
1793.801111680239,1.019056,0.0012548943,5674169,eclipsing_binary
1793.802500557832,1.0099537,0.0012536669,5674169,eclipsing_binary
1793.803889435425,0.99969745,0.0012548297,5674169,eclipsing_binary
1793.8052783130179,0.9876113,0.0012520123,5674169,eclipsing_binary
1793.806667191076,0.9796159,0.0012512037,5674169,eclipsing_binary
1793.808056068668,0.9672896,0.0012467107,5674169,eclipsing_binary
1793.809444946261,0.95503736,0.0012463949,5674169,eclipsing_binary
1793.8108338238549,0.9439138,0.0012449346,5674169,eclipsing_binary
1793.8122227014478,0.9324801,0.0012403171,5674169,eclipsing_binary
1793.8136115790403,0.91927165,0.0012408887,5674169,eclipsing_binary
1793.8150004566323,0.9059597,0.001240848,5674169,eclipsing_binary
1793.8163893342248,0.8938158,0.0012331455,5674169,eclipsing_binary
1793.8177782118182,0.8811402,0.0012339671,5674169,eclipsing_binary
1793.819167089412,0.86705256,0.0012295132,5674169,eclipsing_binary
1793.820555967004,0.85319465,0.0012275924,5674169,eclipsing_binary
1793.8219448445966,0.8396893,0.001228466,5674169,eclipsing_binary
1793.823333722189,0.8268965,0.0012224779,5674169,eclipsing_binary
1793.824722599782,0.81366795,0.0012212623,5674169,eclipsing_binary
1793.8261114773754,0.802662,0.0012215623,5674169,eclipsing_binary
1793.8275003549684,0.7932737,0.0012156303,5674169,eclipsing_binary
1793.8288892325609,0.78540117,0.0012133279,5674169,eclipsing_binary
1793.830278110153,0.78155136,0.0012142167,5674169,eclipsing_binary
1793.831666987746,0.7787382,0.0012215396,5674169,eclipsing_binary
1793.8330558653397,0.776395,0.001218706,5674169,eclipsing_binary
1793.8344447429326,0.7744246,0.0012150279,5674169,eclipsing_binary
1793.8358336205251,0.7732348,0.0012173785,5674169,eclipsing_binary
1793.8372224976515,0.7750395,0.0012135666,5674169,eclipsing_binary
1793.8386113752445,0.772901,0.0012166471,5674169,eclipsing_binary
1793.8400002528376,0.77117443,0.0012135742,5674169,eclipsing_binary
1793.8413891304308,0.7697558,0.0012127239,5674169,eclipsing_binary
1793.8427780080237,0.7705149,0.0012141591,5674169,eclipsing_binary
1793.8441668856158,0.7718177,0.001214792,5674169,eclipsing_binary
1793.8455557632087,0.76964706,0.0012139045,5674169,eclipsing_binary
1793.846944640336,0.77109814,0.0012183711,5674169,eclipsing_binary
1793.8483335179285,0.7719384,0.0012152193,5674169,eclipsing_binary
1793.8497223955214,0.77281684,0.0012157715,5674169,eclipsing_binary
1793.8511112731144,0.772844,0.0012146286,5674169,eclipsing_binary
1793.8525001507073,0.7762365,0.0012170955,5674169,eclipsing_binary
1793.8538890278346,0.7777492,0.0012149741,5674169,eclipsing_binary
1793.855277905427,0.7815525,0.0012162104,5674169,eclipsing_binary
1793.8566667830191,0.78866905,0.0012170627,5674169,eclipsing_binary
1793.8580556606123,0.7996976,0.001221226,5674169,eclipsing_binary
1793.8594445377403,0.81056434,0.0012211628,5674169,eclipsing_binary
1793.8608334153332,0.8215494,0.0012205417,5674169,eclipsing_binary
1793.8622222929257,0.83391076,0.001223602,5674169,eclipsing_binary
1793.8636111705177,0.84759533,0.0012277226,5674169,eclipsing_binary
1793.8650000476446,0.8606995,0.0012316663,5674169,eclipsing_binary
1793.866388925238,0.87373435,0.0012322746,5674169,eclipsing_binary
1793.8677778028318,0.88616395,0.0012323225,5674169,eclipsing_binary
1793.8691666799587,0.8990798,0.0012373207,5674169,eclipsing_binary
1793.8705555575507,0.91177166,0.0012354272,5674169,eclipsing_binary
1793.8719444351432,0.92266506,0.0012388158,5674169,eclipsing_binary
1793.873333312271,0.9341517,0.001242323,5674169,eclipsing_binary
1793.8747221898648,0.94648653,0.0012420361,5674169,eclipsing_binary
1793.876111067457,0.9570957,0.0012449704,5674169,eclipsing_binary
1793.8774999445836,0.96908534,0.0012505827,5674169,eclipsing_binary
1793.8788888221761,0.97650784,0.0012488589,5674169,eclipsing_binary
1793.8802776993034,0.9877908,0.0012497907,5674169,eclipsing_binary
1793.8816665768968,0.99763757,0.0012499557,5674169,eclipsing_binary
1793.8830554544897,1.0066409,0.0012586646,5674169,eclipsing_binary
1793.8844443316166,1.0126275,0.0012543808,5674169,eclipsing_binary
1793.8858332092088,1.0209371,0.0012565915,5674169,eclipsing_binary
1793.8872220863364,1.0287983,0.0012578797,5674169,eclipsing_binary
1793.8886109639293,1.0360581,0.0012563653,5674169,eclipsing_binary
1793.8899998410566,1.0425539,0.0012588187,5674169,eclipsing_binary
1793.8913887186495,1.0491203,0.0012608884,5674169,eclipsing_binary
1793.892777595776,1.05699,0.0012651486,5674169,eclipsing_binary
1793.8941664733688,1.0636066,0.0012635132,5674169,eclipsing_binary
1793.8955553504964,1.0678191,0.0012654312,5674169,eclipsing_binary
1793.8969442280886,1.0761247,0.0012634423,5674169,eclipsing_binary
1793.898333105216,1.0803077,0.0012650995,5674169,eclipsing_binary
1793.8997219828088,1.0860054,0.0012684016,5674169,eclipsing_binary
1793.9011108599361,1.0925891,0.0012705303,5674169,eclipsing_binary
1793.902499737529,1.0966686,0.0012686471,5674169,eclipsing_binary
1793.903888614656,1.1012813,0.0012678807,5674169,eclipsing_binary
1793.9052774922488,1.1056627,0.001270984,5674169,eclipsing_binary
1793.9066663693761,1.1095423,0.0012715275,5674169,eclipsing_binary
1793.9080552465034,1.1118107,0.0012707366,5674169,eclipsing_binary
1793.9094441240964,1.1156604,0.0012702511,5674169,eclipsing_binary
1793.9108330012232,1.1187212,0.0012742486,5674169,eclipsing_binary
1793.9122218788152,1.1207165,0.0012772845,5674169,eclipsing_binary
1793.9136107559427,1.1233702,0.0012760503,5674169,eclipsing_binary
1793.9149996330707,1.1272471,0.0012741374,5674169,eclipsing_binary
1793.9163885106636,1.1262907,0.00127447,5674169,eclipsing_binary
1793.9177773877905,1.1277843,0.0012775884,5674169,eclipsing_binary
1793.9191662649168,1.1310045,0.0012772094,5674169,eclipsing_binary
1793.9205551425093,1.1296631,0.0012745505,5674169,eclipsing_binary
1793.9219440196373,1.129949,0.0012707356,5674169,eclipsing_binary
1793.9233328967653,1.1277869,0.0012720408,5674169,eclipsing_binary
1793.9247217743577,1.127649,0.0012756783,5674169,eclipsing_binary
1793.9261106514841,1.1260172,0.0012727766,5674169,eclipsing_binary
1793.927499528611,1.125691,0.001272082,5674169,eclipsing_binary
1793.9288884057382,1.1221194,0.0012724082,5674169,eclipsing_binary
1793.9302772833316,1.1209555,0.0012734412,5674169,eclipsing_binary
1793.9316661604591,1.1184009,0.0012723544,5674169,eclipsing_binary
1793.9330550375857,1.1169583,0.0012707519,5674169,eclipsing_binary
1793.9344439147126,1.1112946,0.0012727538,5674169,eclipsing_binary
1793.9358327923055,1.1091856,0.0012700841,5674169,eclipsing_binary
1793.9372216694333,1.1039855,0.0012699218,5674169,eclipsing_binary
1793.9386105465605,1.0992932,0.001271665,5674169,eclipsing_binary
1793.9399994236874,1.0961549,0.0012680847,5674169,eclipsing_binary
1793.941388300814,1.0887383,0.0012674539,5674169,eclipsing_binary
1793.9427771784071,1.085605,0.0012663318,5674169,eclipsing_binary
1793.9441660555344,1.0807779,0.001265227,5674169,eclipsing_binary
1793.9455549326617,1.0739212,0.0012639437,5674169,eclipsing_binary
1793.946943809789,1.0681094,0.0012639958,5674169,eclipsing_binary
1793.9483326869154,1.0638263,0.0012619039,5674169,eclipsing_binary
1793.9497215640429,1.0571887,0.0012606003,5674169,eclipsing_binary
1793.9511104411704,1.0507874,0.0012638668,5674169,eclipsing_binary
1793.9524993182968,1.0455035,0.0012602682,5674169,eclipsing_binary
1793.9538881958897,1.0395103,0.00126305,5674169,eclipsing_binary
1793.955277073017,1.0318322,0.0012665765,5674169,eclipsing_binary
1793.9566659501443,1.0267422,0.0012610578,5674169,eclipsing_binary
1793.9580548272716,1.0201527,0.0012550474,5674169,eclipsing_binary
1793.9594437043984,1.0125519,0.0012600641,5674169,eclipsing_binary
1793.9608325815252,1.0060025,0.0012524566,5674169,eclipsing_binary
1793.9622214586525,0.99636304,0.0012519757,5674169,eclipsing_binary
1793.9636103357802,0.9881556,0.001251103,5674169,eclipsing_binary
1793.9649992129075,0.9785594,0.0012530502,5674169,eclipsing_binary
1793.9663880900343,0.9693013,0.0012475207,5674169,eclipsing_binary
1793.9677769671607,0.95856667,0.0012445982,5674169,eclipsing_binary
1793.9691658442882,0.9464292,0.0012444721,5674169,eclipsing_binary
1793.9705547214162,0.9366961,0.0012425432,5674169,eclipsing_binary
1793.9719435985435,0.9210908,0.0012389004,5674169,eclipsing_binary
1793.9733324756703,0.9097118,0.0012350329,5674169,eclipsing_binary
1793.9747213527967,0.8965843,0.0012410892,5674169,eclipsing_binary
1793.9761102299235,0.88434607,0.0012334887,5674169,eclipsing_binary
1793.9774991070515,0.8700445,0.0012311166,5674169,eclipsing_binary
1793.9788879841794,0.85613924,0.0012271419,5674169,eclipsing_binary
1793.9802768613063,0.8429495,0.0012249782,5674169,eclipsing_binary
1793.981665737967,0.8314804,0.0012240956,5674169,eclipsing_binary
1793.9830546150938,0.82006425,0.0012255136,5674169,eclipsing_binary
1793.984443492221,0.80871904,0.0012222457,5674169,eclipsing_binary
1793.985832369349,0.79716754,0.0012165831,5674169,eclipsing_binary
1793.9872212464766,0.7902875,0.0012150736,5674169,eclipsing_binary
1793.988610123603,0.78743935,0.001221784,5674169,eclipsing_binary
1793.9899990007298,0.78592056,0.0012152026,5674169,eclipsing_binary
1793.9913878773914,0.78507626,0.001218061,5674169,eclipsing_binary
1793.9927767545187,0.78505635,0.0012151176,5674169,eclipsing_binary
1793.994165631646,0.78469205,0.0012173869,5674169,eclipsing_binary
1793.9955545087732,0.7848374,0.0012165079,5674169,eclipsing_binary
1793.9969433859,0.78442645,0.0012161144,5674169,eclipsing_binary
1793.9983322630274,0.78468174,0.0012147258,5674169,eclipsing_binary
1793.999721139689,0.78504705,0.0012135867,5674169,eclipsing_binary
1794.0011100168163,0.78404045,0.0012177994,5674169,eclipsing_binary
1794.0024988939435,0.784891,0.0012200027,5674169,eclipsing_binary
1794.00388777107,0.7847098,0.001222813,5674169,eclipsing_binary
1794.0052766477318,0.78493565,0.0012151324,5674169,eclipsing_binary
1794.0066655248593,0.7850782,0.0012161037,5674169,eclipsing_binary
1794.0080544019856,0.7864674,0.0012149175,5674169,eclipsing_binary
1794.009443279113,0.78608954,0.0012187954,5674169,eclipsing_binary
1794.0108321557746,0.78691566,0.0012173026,5674169,eclipsing_binary
1794.0122210329018,0.7870779,0.001216719,5674169,eclipsing_binary
1794.0136099100293,0.78905165,0.0012155962,5674169,eclipsing_binary
1794.0149987866903,0.79214835,0.0012199313,5674169,eclipsing_binary
1794.016387663817,0.7994151,0.0012195793,5674169,eclipsing_binary
1794.0177765409444,0.8095886,0.0012203145,5674169,eclipsing_binary
1794.0191654176065,0.8203041,0.0012203482,5674169,eclipsing_binary
1794.0205542947338,0.8318082,0.0012248575,5674169,eclipsing_binary
1794.0219431718606,0.8458141,0.0012252716,5674169,eclipsing_binary
1794.0233320485215,0.8593712,0.0012295225,5674169,eclipsing_binary
1794.0247209256481,0.8737784,0.0012311012,5674169,eclipsing_binary
1794.0261098023107,0.88804585,0.0012344822,5674169,eclipsing_binary
1794.0274986794384,0.90101147,0.001234866,5674169,eclipsing_binary
1794.0288875565652,0.9139994,0.0012429247,5674169,eclipsing_binary
1794.030276433226,0.92584515,0.0012408347,5674169,eclipsing_binary
1794.0316653103528,0.94018084,0.0012435439,5674169,eclipsing_binary
1794.033054187015,0.9515543,0.0012464753,5674169,eclipsing_binary
1794.034443064143,0.96365875,0.0012457644,5674169,eclipsing_binary
1794.0358319408042,0.97497076,0.0012508706,5674169,eclipsing_binary
1794.0372208179306,0.98467994,0.0012499333,5674169,eclipsing_binary
1794.0386096945917,0.9943496,0.0012523123,5674169,eclipsing_binary
1794.039998571719,1.004257,0.0012600591,5674169,eclipsing_binary
1794.0413874483813,1.0133038,0.0012547291,5674169,eclipsing_binary
1794.0427763255088,1.0213213,0.0012540917,5674169,eclipsing_binary
1794.0441652021696,1.0298692,0.0012594386,5674169,eclipsing_binary
1794.0455540792964,1.0350935,0.0012575935,5674169,eclipsing_binary
1794.046942955958,1.0435364,0.001263539,5674169,eclipsing_binary
1794.0483318330853,1.0480849,0.0012627264,5674169,eclipsing_binary
1794.049720709747,1.054971,0.0012623403,5674169,eclipsing_binary
1794.0511095868742,1.0602006,0.0012620284,5674169,eclipsing_binary
1794.0524984635354,1.0666761,0.0012667055,5674169,eclipsing_binary
1794.053887340197,1.0741599,0.0012652008,5674169,eclipsing_binary
1794.0552762173243,1.0782005,0.0012681707,5674169,eclipsing_binary
1794.0566650939859,1.0847774,0.001265031,5674169,eclipsing_binary
1794.0580539711132,1.0938587,0.0012708323,5674169,eclipsing_binary
1794.0594428477739,1.0956227,0.0012707923,5674169,eclipsing_binary
1794.0608317244357,1.1032583,0.0012690154,5674169,eclipsing_binary
1794.0622206015632,1.1076187,0.0012726305,5674169,eclipsing_binary
1794.063609478224,1.1129154,0.0012705297,5674169,eclipsing_binary
1794.0649983548856,1.1175945,0.0012747223,5674169,eclipsing_binary
1794.0663872320129,1.1217916,0.001270156,5674169,eclipsing_binary
1794.0677761086745,1.1252439,0.0012776322,5674169,eclipsing_binary
1794.0691649853363,1.1275697,0.0012720688,5674169,eclipsing_binary
1794.070553862463,1.131414,0.0012754316,5674169,eclipsing_binary
1794.071942739124,1.1346122,0.0012750888,5674169,eclipsing_binary
1794.0733316157857,1.1380836,0.0012737437,5674169,eclipsing_binary
1794.0747204924478,1.1400931,0.0012787918,5674169,eclipsing_binary
1794.076109369575,1.1405652,0.001277463,5674169,eclipsing_binary
1794.0774982462362,1.1434871,0.0012765352,5674169,eclipsing_binary
1794.0788871228972,1.1437814,0.001278603,5674169,eclipsing_binary
1794.080275999559,1.1462631,0.0012795489,5674169,eclipsing_binary
1794.0816648766868,1.1465473,0.0012812106,5674169,eclipsing_binary
1794.0830537533484,1.1491671,0.0012762061,5674169,eclipsing_binary
1794.0844426300096,1.1456888,0.0012750046,5674169,eclipsing_binary
1794.0858315066703,1.1443152,0.0012747811,5674169,eclipsing_binary
1794.0872203833321,1.1433622,0.0012761669,5674169,eclipsing_binary
1794.08860926046,1.1409783,0.0012746326,5674169,eclipsing_binary
1794.0899981371217,1.1393672,0.0012750734,5674169,eclipsing_binary
1794.0913870137829,1.1367354,0.0012781349,5674169,eclipsing_binary
1794.0927758904436,1.1321831,0.0012745969,5674169,eclipsing_binary
1794.0941647671052,1.1301609,0.0012729138,5674169,eclipsing_binary
1794.0955536437668,1.1282828,0.0012715344,5674169,eclipsing_binary
1794.0969425208943,1.1230011,0.0012730052,5674169,eclipsing_binary
1794.0983313975562,1.118433,0.0012709604,5674169,eclipsing_binary
1794.099720274217,1.1149217,0.0012699224,5674169,eclipsing_binary
1794.1011091508785,1.1093547,0.00126991,5674169,eclipsing_binary
1794.1024980275402,1.1030957,0.001271302,5674169,eclipsing_binary
1794.1038869042013,1.0998887,0.0012684132,5674169,eclipsing_binary
1794.105275780863,1.0913783,0.0012707448,5674169,eclipsing_binary
1794.1066646575246,1.0857788,0.0012667121,5674169,eclipsing_binary
1794.1080535341862,1.0817715,0.0012661947,5674169,eclipsing_binary
1794.1094424108478,1.0719036,0.0012662612,5674169,eclipsing_binary
1794.110831287509,1.0665224,0.0012636207,5674169,eclipsing_binary
1794.1122201641697,1.0613012,0.001267065,5674169,eclipsing_binary
1794.1136090408313,1.052818,0.0012625029,5674169,eclipsing_binary
1794.1149979174938,1.0442753,0.0012606896,5674169,eclipsing_binary
1794.1163867941555,1.0356442,0.00125785,5674169,eclipsing_binary
1794.1177756708166,1.0284835,0.0012615924,5674169,eclipsing_binary
1794.1191645474773,1.0177355,0.001254203,5674169,eclipsing_binary
1794.120553424139,1.00983,0.0012541319,5674169,eclipsing_binary
1794.1219423008015,1.0001109,0.0012539617,5674169,eclipsing_binary
1794.1233311774631,0.99095035,0.0012526327,5674169,eclipsing_binary
1794.124720054124,0.97982484,0.0012479353,5674169,eclipsing_binary
1794.126108930785,0.9682641,0.0012577637,5674169,eclipsing_binary
1794.1274978074462,0.9580017,0.0012435309,5674169,eclipsing_binary
1794.1288866841082,0.9458973,0.0012464268,5674169,eclipsing_binary
1794.1302755607708,0.9344786,0.0012444396,5674169,eclipsing_binary
1794.1316644369658,0.92141986,0.0012389477,5674169,eclipsing_binary
1794.133053313627,0.9089288,0.0012367977,5674169,eclipsing_binary
1794.1344421902882,0.8955956,0.0012352493,5674169,eclipsing_binary
1794.1358310669498,0.8819498,0.001233932,5674169,eclipsing_binary
1794.1372199436119,0.868515,0.0012361831,5674169,eclipsing_binary
1794.1386088202735,0.8546022,0.0012281724,5674169,eclipsing_binary
1794.1399976969346,0.8425756,0.0012255126,5674169,eclipsing_binary
1794.1413865731297,0.82880723,0.0012260625,5674169,eclipsing_binary
1794.1427754497915,0.8144929,0.0012214697,5674169,eclipsing_binary
1794.1441643264538,0.80449146,0.0012178262,5674169,eclipsing_binary
1794.1455532031155,0.7951062,0.0012232768,5674169,eclipsing_binary
1794.1469420797766,0.78739977,0.0012150574,5674169,eclipsing_binary
1794.1483309559717,0.780603,0.0012128662,5674169,eclipsing_binary
1794.1497198326333,0.7782929,0.0012174633,5674169,eclipsing_binary
1794.151108709295,0.77729934,0.0012136532,5674169,eclipsing_binary
1794.1524975859568,0.77494353,0.001216625,5674169,eclipsing_binary
1794.153886462153,0.77463275,0.0012160171,5674169,eclipsing_binary
1794.1552753388137,0.7738134,0.0012145363,5674169,eclipsing_binary
1794.1566642154753,0.77255124,0.0012128846,5674169,eclipsing_binary
1794.158053092137,0.7716605,0.001212785,5674169,eclipsing_binary
1794.1594419683324,0.7718672,0.0012128438,5674169,eclipsing_binary
1794.160830844994,0.7716283,0.001212862,5674169,eclipsing_binary
1794.1622197216557,0.7718839,0.0012165545,5674169,eclipsing_binary
1794.1636085978516,0.77054274,0.0012125743,5674169,eclipsing_binary
1794.1649974745133,0.7714613,0.0012164864,5674169,eclipsing_binary
1794.1663863511744,0.7721741,0.001215341,5674169,eclipsing_binary
1794.1677752273695,0.7740189,0.0012164328,5674169,eclipsing_binary
1794.169164104031,0.77445495,0.0012174185,5674169,eclipsing_binary
1794.1705529806936,0.7750303,0.001212026,5674169,eclipsing_binary
1794.1719418568896,0.77764606,0.0012159381,5674169,eclipsing_binary
1794.1733307335508,0.781844,0.0012161628,5674169,eclipsing_binary
1794.1747196097458,0.78748596,0.0012167223,5674169,eclipsing_binary
1794.1761084864074,0.7989494,0.0012208542,5674169,eclipsing_binary
1794.17749736307,0.80977243,0.0012205973,5674169,eclipsing_binary
1794.178886239266,0.8220085,0.0012214001,5674169,eclipsing_binary
1794.180275115927,0.8332341,0.0012242153,5674169,eclipsing_binary
1794.1816639921221,0.8477042,0.0012289827,5674169,eclipsing_binary
1794.1830528687833,0.85889894,0.0012280152,5674169,eclipsing_binary
1794.1844417449797,0.873168,0.0012312874,5674169,eclipsing_binary
1794.1858306216423,0.8858865,0.0012326924,5674169,eclipsing_binary
1794.1872194978373,0.89659584,0.0012368966,5674169,eclipsing_binary
1794.1886083744985,0.911103,0.0012351279,5674169,eclipsing_binary
1794.189997250694,0.9217546,0.0012387516,5674169,eclipsing_binary
1794.1913861273556,0.934693,0.0012441357,5674169,eclipsing_binary
1794.192775003552,0.9457168,0.0012439473,5674169,eclipsing_binary
1794.1941638802136,0.9569415,0.0012426325,5674169,eclipsing_binary
1794.1955527564091,0.9666596,0.0012469045,5674169,eclipsing_binary
1794.1969416330699,0.9774083,0.0012502688,5674169,eclipsing_binary
1794.198330509266,0.9860473,0.0012539391,5674169,eclipsing_binary
1794.1997193859283,0.9973578,0.0012527957,5674169,eclipsing_binary
1794.2011082621243,1.0058136,0.0012553594,5674169,eclipsing_binary
1794.2024971383198,1.0132564,0.0012562328,5674169,eclipsing_binary
1794.2038860149805,1.0218649,0.0012593071,5674169,eclipsing_binary
1794.2052748911765,1.0293628,0.0012566379,5674169,eclipsing_binary
1794.2066637678383,1.0356505,0.0012596184,5674169,eclipsing_binary
1794.2080526440345,1.0441462,0.00126129,5674169,eclipsing_binary
1794.2094415202305,1.0500567,0.001266397,5674169,eclipsing_binary
1794.2108303968912,1.0567251,0.0012644682,5674169,eclipsing_binary
1794.2122192730872,1.062927,0.0012636088,5674169,eclipsing_binary
1794.2136081492831,1.0690407,0.0012639493,5674169,eclipsing_binary
1794.2149970259443,1.0750896,0.0012641104,5674169,eclipsing_binary
1794.2163859021402,1.0812955,0.0012653187,5674169,eclipsing_binary
1794.2177747783362,1.0869515,0.0012676388,5674169,eclipsing_binary
1794.2191636549978,1.0915042,0.0012691207,5674169,eclipsing_binary
1794.2205525311938,1.096804,0.0012666126,5674169,eclipsing_binary
1794.2219414073893,1.1007465,0.0012676705,5674169,eclipsing_binary
1794.2233302835843,1.1052141,0.0012690192,5674169,eclipsing_binary
1794.2247191602462,1.1087396,0.0012742114,5674169,eclipsing_binary
1794.2261080364428,1.1130123,0.0012713372,5674169,eclipsing_binary
1794.2274969126388,1.115376,0.0012703068,5674169,eclipsing_binary
1794.2288857888343,1.1194816,0.0012832291,5674169,eclipsing_binary
1794.230274665495,1.1210123,0.0012721322,5674169,eclipsing_binary
1794.231663541691,1.1236691,0.0012735612,5674169,eclipsing_binary
1794.2330524178878,1.1246476,0.0012733908,5674169,eclipsing_binary
1794.2344412940838,1.1268572,0.0012737124,5674169,eclipsing_binary
1794.2358301702793,1.1281426,0.0012740418,5674169,eclipsing_binary
1794.23721904694,1.1301906,0.001272246,5674169,eclipsing_binary
1794.2386079231355,1.1283228,0.0012743764,5674169,eclipsing_binary
1794.239996799332,1.1260432,0.0012765334,5674169,eclipsing_binary
1794.2413856755288,1.1266742,0.0012727221,5674169,eclipsing_binary
1794.242774551724,1.1257621,0.0012828384,5674169,eclipsing_binary
1794.2441634279194,1.1252177,0.0012739764,5674169,eclipsing_binary
1794.2455523045805,1.1261643,0.001273905,5674169,eclipsing_binary
1794.2469411807765,1.1216671,0.0012712474,5674169,eclipsing_binary
1794.248330056973,1.1195602,0.001271325,5674169,eclipsing_binary
1794.2497189331689,1.117764,0.0012706632,5674169,eclipsing_binary
1794.2511078093644,1.1139212,0.0012712715,5674169,eclipsing_binary
1794.2524966855597,1.1099845,0.0012702239,5674169,eclipsing_binary
1794.2538855617559,1.1058018,0.001268886,5674169,eclipsing_binary
1794.2552744379523,1.1029567,0.001269275,5674169,eclipsing_binary
1794.2566633141482,1.0999147,0.0012722783,5674169,eclipsing_binary
1794.2580521903437,1.0944926,0.0012661231,5674169,eclipsing_binary
1794.2594410665388,1.0911176,0.0012676206,5674169,eclipsing_binary
1794.2608299427347,1.0856094,0.0012678152,5674169,eclipsing_binary
1794.262218818931,1.0783517,0.0012654098,5674169,eclipsing_binary
1794.2636076951271,1.0743127,0.0012653618,5674169,eclipsing_binary
1794.264996571323,1.0664554,0.0012653791,5674169,eclipsing_binary
1794.2663854475181,1.0625572,0.0012610503,5674169,eclipsing_binary
1794.267774323714,1.0569121,0.0012607288,5674169,eclipsing_binary
1794.26916319991,1.0517744,0.001261836,5674169,eclipsing_binary
1794.2705520761056,1.0453602,0.0012606515,5674169,eclipsing_binary
1794.2719409523015,1.0388361,0.0012643217,5674169,eclipsing_binary
1794.2733298284975,1.0333289,0.001256375,5674169,eclipsing_binary
1794.2747187046934,1.026771,0.0012583164,5674169,eclipsing_binary
1794.2761075808894,1.0204647,0.0012584876,5674169,eclipsing_binary
1794.277496457085,1.013088,0.001254845,5674169,eclipsing_binary
1794.2788853332809,1.0046496,0.0012559554,5674169,eclipsing_binary
1794.2802742094768,0.99572575,0.0012505049,5674169,eclipsing_binary
1794.2816630856728,0.9895268,0.0012501371,5674169,eclipsing_binary
1794.283051961403,0.97890604,0.0012543083,5674169,eclipsing_binary
1794.2844408375986,0.9681921,0.0012540157,5674169,eclipsing_binary
1794.2858297137936,0.95789003,0.0012485288,5674169,eclipsing_binary
1794.2872185899896,0.9471079,0.0012424289,5674169,eclipsing_binary
1794.2886074661865,0.9343141,0.0012397501,5674169,eclipsing_binary
1794.2899963423824,0.9229519,0.0012420774,5674169,eclipsing_binary
1794.2913852181123,0.91046757,0.0012365277,5674169,eclipsing_binary
1794.2927740943073,0.8975809,0.0012401416,5674169,eclipsing_binary
1794.2941629705028,0.884344,0.0012377325,5674169,eclipsing_binary
1794.2955518466993,0.8706413,0.0012352664,5674169,eclipsing_binary
1794.2969407228961,0.8563394,0.0012375736,5674169,eclipsing_binary
1794.2983295986257,0.84295243,0.0012234409,5674169,eclipsing_binary
1794.299718474821,0.83179355,0.0012246025,5674169,eclipsing_binary
1794.3011073510165,0.8199903,0.0012227963,5674169,eclipsing_binary
1794.3024962272125,0.8080206,0.0012179413,5674169,eclipsing_binary
1794.3038851029432,0.7984582,0.0012190344,5674169,eclipsing_binary
1794.3052739791392,0.79017186,0.0012158123,5674169,eclipsing_binary
1794.3066628553347,0.7866873,0.0012200159,5674169,eclipsing_binary
1794.30805173153,0.7883782,0.0012165934,5674169,eclipsing_binary
1794.3094406072605,0.7845918,0.0012211447,5674169,eclipsing_binary
1794.310829483457,0.78592116,0.0012174081,5674169,eclipsing_binary
1794.312218359653,0.7856387,0.0012145472,5674169,eclipsing_binary
1794.3136072353827,0.7847866,0.0012156386,5674169,eclipsing_binary
1794.3149961115778,0.7848529,0.0012142387,5674169,eclipsing_binary
1794.316384987774,0.78645676,0.0012164232,5674169,eclipsing_binary
1794.3177738635045,0.78463143,0.0012143063,5674169,eclipsing_binary
1794.3191627397005,0.7834433,0.0012214113,5674169,eclipsing_binary
1794.3205516158964,0.785353,0.0012153835,5674169,eclipsing_binary
1794.3219404916258,0.783729,0.0012160538,5674169,eclipsing_binary
1794.3233293678218,0.7847964,0.0012158753,5674169,eclipsing_binary
1794.324718243552,0.78428775,0.0012147909,5674169,eclipsing_binary
1794.3261071197476,0.7859795,0.0012153605,5674169,eclipsing_binary
1794.3274959959435,0.7854569,0.0012180732,5674169,eclipsing_binary
1794.3288848716738,0.78618556,0.0012178172,5674169,eclipsing_binary
1794.3302737478698,0.78686905,0.0012166814,5674169,eclipsing_binary
1794.3316626236,0.7873723,0.001216256,5674169,eclipsing_binary
1794.3330514997956,0.7899409,0.0012181641,5674169,eclipsing_binary
1794.334440375526,0.797586,0.0012179646,5674169,eclipsing_binary
1794.3358292517219,0.8072387,0.0012210221,5674169,eclipsing_binary
1794.3372181274522,0.81955874,0.0012218831,5674169,eclipsing_binary
1794.3386070036481,0.8312589,0.0012250068,5674169,eclipsing_binary
1794.339995879378,0.84317034,0.0012253588,5674169,eclipsing_binary
1794.341384755573,0.85801995,0.0012283229,5674169,eclipsing_binary
1794.3427736313033,0.8706303,0.0012318325,5674169,eclipsing_binary
1794.3441625075002,0.8845031,0.0012395306,5674169,eclipsing_binary
1794.3455513832305,0.89823776,0.001236199,5674169,eclipsing_binary
1794.346940259426,0.91180766,0.0012381617,5674169,eclipsing_binary
1794.3483291351554,0.924556,0.001244209,5674169,eclipsing_binary
1794.349718011351,0.937478,0.001244812,5674169,eclipsing_binary
1794.3511068870816,0.9498306,0.0012428826,5674169,eclipsing_binary
1794.3524957628129,0.9618887,0.001245774,5674169,eclipsing_binary
1794.3538846390081,0.9725508,0.0012473,5674169,eclipsing_binary
1794.3552735147377,0.9843295,0.001247549,5674169,eclipsing_binary
1794.3566623909333,0.995048,0.0012527663,5674169,eclipsing_binary
1794.358051266664,1.0016768,0.0012534572,5674169,eclipsing_binary
1794.3594401423952,1.0112586,0.0012601063,5674169,eclipsing_binary
1794.3608290185903,1.0189478,0.0012569122,5674169,eclipsing_binary
1794.36221789432,1.0274124,0.0012559433,5674169,eclipsing_binary
1794.36360677005,1.0330796,0.0012577334,5674169,eclipsing_binary
1794.364995646246,1.0406814,0.0012591012,5674169,eclipsing_binary
1794.3663845219767,1.0487742,0.0012591734,5674169,eclipsing_binary
1794.367773397707,1.0546671,0.0012606712,5674169,eclipsing_binary
1794.3691622739025,1.0606115,0.0012632079,5674169,eclipsing_binary
1794.3705511496319,1.0683131,0.0012630434,5674169,eclipsing_binary
1794.3719400253624,1.0745122,0.001268784,5674169,eclipsing_binary
1794.3733289015586,1.078802,0.0012690607,5674169,eclipsing_binary
1794.3747177772889,1.0852063,0.0012653156,5674169,eclipsing_binary
1794.3761066530192,1.0931333,0.001268687,5674169,eclipsing_binary
1794.3774955287486,1.0961506,0.00126881,5674169,eclipsing_binary
1794.3788844049445,1.1046001,0.0012692059,5674169,eclipsing_binary
1794.3802732806748,1.107386,0.0012686878,5674169,eclipsing_binary
1794.3816621564054,1.1123904,0.0012734721,5674169,eclipsing_binary
1794.3830510321359,1.1139498,0.0012717014,5674169,eclipsing_binary
1794.3844399078653,1.1220459,0.0012743201,5674169,eclipsing_binary
1794.3858287840612,1.124756,0.0012733382,5674169,eclipsing_binary
1794.3872176597915,1.128875,0.0012713021,5674169,eclipsing_binary
1794.3886065355214,1.1299412,0.0012745631,5674169,eclipsing_binary
1794.3899954112517,1.1345892,0.0012746193,5674169,eclipsing_binary
1794.3913842869829,1.1383595,0.0012765547,5674169,eclipsing_binary
1794.3927731627132,1.1393659,0.0012741915,5674169,eclipsing_binary
1794.3941620389082,1.1426444,0.0012774386,5674169,eclipsing_binary
1794.395550914638,1.1445076,0.001274006,5674169,eclipsing_binary
1794.3969397903675,1.1437713,0.0012769306,5674169,eclipsing_binary
1794.3983286660987,1.1451391,0.0012794139,5674169,eclipsing_binary
1794.39971754183,1.1457481,0.0012759544,5674169,eclipsing_binary
1794.4011064175593,1.1458085,0.0012769271,5674169,eclipsing_binary
1794.4024952932891,1.1457124,0.0012756983,5674169,eclipsing_binary
1794.4038841690185,1.1455054,0.0012821816,5674169,eclipsing_binary
1794.4052730447497,1.1417528,0.0012759259,5674169,eclipsing_binary
1794.4066619204805,1.1432967,0.0012753612,5674169,eclipsing_binary
1794.4080507962103,1.1387796,0.0012754244,5674169,eclipsing_binary
1794.4094396719402,1.1368872,0.0012734175,5674169,eclipsing_binary
1794.4108285481352,1.1342007,0.0012752685,5674169,eclipsing_binary
1794.4122174238655,1.1323886,0.0012806699,5674169,eclipsing_binary
1794.4136062995967,1.127877,0.0012737556,5674169,eclipsing_binary
1794.414995175327,1.1237309,0.0012713188,5674169,eclipsing_binary
1794.4163840510564,1.1198242,0.0012734188,5674169,eclipsing_binary
1794.4177729267863,1.1142612,0.0012713175,5674169,eclipsing_binary
1794.4191618025166,1.1112794,0.0012710692,5674169,eclipsing_binary
1794.4205506777812,1.1054602,0.0012704732,5674169,eclipsing_binary
1794.4219395535115,1.1006622,0.001269782,5674169,eclipsing_binary
1794.4233284292418,1.0934501,0.0012666121,5674169,eclipsing_binary
1794.4247173049716,1.0882906,0.0012672147,5674169,eclipsing_binary
1794.426106180702,1.0816839,0.0012636856,5674169,eclipsing_binary
1794.4274950564322,1.0742527,0.0012651834,5674169,eclipsing_binary
1794.4288839321625,1.0675596,0.0012630331,5674169,eclipsing_binary
1794.4302728078928,1.0610412,0.0012612974,5674169,eclipsing_binary
1794.4316616836227,1.053935,0.0012616218,5674169,eclipsing_binary
1794.433050559353,1.0445321,0.001259658,5674169,eclipsing_binary
1794.4344394350833,1.0373957,0.0012627813,5674169,eclipsing_binary
1794.4358283103472,1.0292674,0.0012598617,5674169,eclipsing_binary
1794.4372171860778,1.0214133,0.001256975,5674169,eclipsing_binary
1794.438606061808,1.0114657,0.0012573685,5674169,eclipsing_binary
1794.4399949375384,1.0034351,0.0012543414,5674169,eclipsing_binary
1794.4413838132687,0.9923433,0.0012506082,5674169,eclipsing_binary
1794.442772688998,0.9817509,0.0012534875,5674169,eclipsing_binary
1794.4441615642622,0.97054195,0.0012496687,5674169,eclipsing_binary
1794.4455504399925,0.958963,0.0012454417,5674169,eclipsing_binary
1794.4469393157237,0.9479307,0.0012457086,5674169,eclipsing_binary
1794.448328191454,0.9347723,0.0012412475,5674169,eclipsing_binary
1794.4497170671834,0.92435527,0.0012403859,5674169,eclipsing_binary
1794.4511059424476,0.9106539,0.001236748,5674169,eclipsing_binary
1794.452494818178,0.8975141,0.0012358368,5674169,eclipsing_binary
1794.453883693909,0.884083,0.0012331783,5674169,eclipsing_binary
1794.4552725696394,0.8711398,0.001235651,5674169,eclipsing_binary
1794.4566614449031,0.8572827,0.0012274657,5674169,eclipsing_binary
1794.458050320633,0.8446445,0.0012255734,5674169,eclipsing_binary
1794.4594391963624,0.83125263,0.001224679,5674169,eclipsing_binary
1794.4608280720936,0.81710494,0.0012199159,5674169,eclipsing_binary
1794.4622169473587,0.8062008,0.0012229217,5674169,eclipsing_binary
1794.4636058230885,0.7951305,0.0012181045,5674169,eclipsing_binary
1794.4649946988184,0.7869202,0.0012183296,5674169,eclipsing_binary
1794.466383574082,0.7827819,0.0012206068,5674169,eclipsing_binary
1794.4677724498124,0.78031147,0.00121593,5674169,eclipsing_binary
1794.4691613255436,0.7765037,0.0012151815,5674169,eclipsing_binary
1794.4705502008082,0.7748585,0.0012158169,5674169,eclipsing_binary
1794.4719390765379,0.77376586,0.0012127729,5674169,eclipsing_binary
1794.4733279518018,0.7738509,0.0012146886,5674169,eclipsing_binary
1794.4747168275321,0.7714754,0.0012119771,5674169,eclipsing_binary
1794.4761057032633,0.7722251,0.0012129026,5674169,eclipsing_binary
1794.477494578528,0.7722957,0.0012161118,5674169,eclipsing_binary
1794.4788834542574,0.7707491,0.0012199009,5674169,eclipsing_binary
1794.4802723295215,0.7715071,0.0012129394,5674169,eclipsing_binary
1794.4816612052518,0.7711759,0.0012124099,5674169,eclipsing_binary
1794.4830500809821,0.7715327,0.0012133962,5674169,eclipsing_binary
1794.4844389562468,0.77224165,0.001212277,5674169,eclipsing_binary
1794.485827831977,0.77412945,0.0012124502,5674169,eclipsing_binary
1794.4872167072413,0.7740385,0.001217516,5674169,eclipsing_binary
1794.4886055829716,0.7753608,0.001214677,5674169,eclipsing_binary
1794.4899944582362,0.77802455,0.0012160676,5674169,eclipsing_binary
1794.4913833339658,0.7797132,0.0012146911,5674169,eclipsing_binary
1794.4927722092307,0.78906655,0.0012161195,5674169,eclipsing_binary
1794.494161084961,0.7980587,0.0012196876,5674169,eclipsing_binary
1794.4955499602256,0.8075251,0.0012182912,5674169,eclipsing_binary
1794.496938835956,0.8212848,0.001222218,5674169,eclipsing_binary
1794.4983277112196,0.83544576,0.0012221959,5674169,eclipsing_binary
1794.4997165864845,0.8464571,0.0012266141,5674169,eclipsing_binary
1794.501105462215,0.8589477,0.0012292137,5674169,eclipsing_binary
1794.5024943374797,0.87085485,0.0012315339,5674169,eclipsing_binary
1794.50388321321,0.88490456,0.0012326044,5674169,eclipsing_binary
1794.5052720884737,0.89623183,0.0012343904,5674169,eclipsing_binary
1794.5066609642035,0.91123337,0.0012381593,5674169,eclipsing_binary
1794.5080498394682,0.9213297,0.0012419573,5674169,eclipsing_binary
1794.5094387147335,0.9333949,0.0012402276,5674169,eclipsing_binary
1794.510827590464,0.945857,0.0012418266,5674169,eclipsing_binary
1794.5122164657278,0.95609796,0.001250347,5674169,eclipsing_binary
1794.513605340992,0.9662307,0.0012469277,5674169,eclipsing_binary
1794.5149942167213,0.9758901,0.0012501769,5674169,eclipsing_binary
1794.5163830919869,0.98740476,0.0012542185,5674169,eclipsing_binary
1794.5177719672522,0.99623626,0.0012562465,5674169,eclipsing_binary
1794.5191608429818,1.004212,0.0012548832,5674169,eclipsing_binary
1794.520549718246,1.0125563,0.0012542922,5674169,eclipsing_binary
1794.5219385935097,1.0205119,0.0012566439,5674169,eclipsing_binary
1794.523327469241,1.0289308,0.0012606276,5674169,eclipsing_binary
1794.524716344506,1.0362694,0.0012575655,5674169,eclipsing_binary
1794.5261052197702,1.0430361,0.0012580378,5674169,eclipsing_binary
1794.5274940950342,1.0489383,0.0012632007,5674169,eclipsing_binary
1794.5288829707638,1.0571268,0.0012632206,5674169,eclipsing_binary
1794.5302718460284,1.0622106,0.0012651954,5674169,eclipsing_binary
1794.531660721294,1.069312,0.0012660304,5674169,eclipsing_binary
1794.5330495965586,1.0756922,0.0012633284,5674169,eclipsing_binary
1794.534438472288,1.0802853,0.0012657146,5674169,eclipsing_binary
1794.5358273475522,1.0870535,0.0012716975,5674169,eclipsing_binary
1794.5372162228168,1.0923574,0.0012692731,5674169,eclipsing_binary
1794.5386050980815,1.0963815,0.0012688031,5674169,eclipsing_binary
1794.539993973346,1.0994297,0.0012696305,5674169,eclipsing_binary
1794.5413828490764,1.1056783,0.0012690753,5674169,eclipsing_binary
1794.5427717243406,1.1082612,0.0012730603,5674169,eclipsing_binary
1794.5441605996052,1.1130586,0.0012720441,5674169,eclipsing_binary
1794.5455494748699,1.1152899,0.0012713013,5674169,eclipsing_binary
1794.5469383501345,1.1182412,0.0012731773,5674169,eclipsing_binary
1794.5483272253991,1.1212766,0.0012751783,5674169,eclipsing_binary
1794.549716101129,1.1238184,0.0012756577,5674169,eclipsing_binary
1794.5511049763936,1.1240538,0.0012766726,5674169,eclipsing_binary
1794.5524938516583,1.1277001,0.0012723289,5674169,eclipsing_binary
1794.553882726922,1.1281456,0.0012717482,5674169,eclipsing_binary
1794.5552716021868,1.12831,0.0012755595,5674169,eclipsing_binary
1794.5566604774517,1.1284473,0.0012732741,5674169,eclipsing_binary
1794.5580493527164,1.1287419,0.0012732885,5674169,eclipsing_binary
1794.559438227981,1.1284848,0.0012740599,5674169,eclipsing_binary
1794.5608271032447,1.1263567,0.00127305,5674169,eclipsing_binary
1794.562215978509,1.1246874,0.0012732866,5674169,eclipsing_binary
1794.5636048537735,1.1253544,0.0012713314,5674169,eclipsing_binary
1794.564993729039,1.1208328,0.0012726443,5674169,eclipsing_binary
1794.5663826043037,1.119435,0.0012732175,5674169,eclipsing_binary
1794.5677714795675,1.1170144,0.0012709175,5674169,eclipsing_binary
1794.5691603548316,1.1141969,0.0012706423,5674169,eclipsing_binary
1794.5705492300963,1.1114402,0.0012704561,5674169,eclipsing_binary
1794.5719381053614,1.1076039,0.0012751804,5674169,eclipsing_binary
1794.5733269806262,1.1023657,0.0012702238,5674169,eclipsing_binary
1794.5747158558902,1.099264,0.0012677995,5674169,eclipsing_binary
1794.5761047311544,1.0943837,0.0012669592,5674169,eclipsing_binary
1794.577493606418,1.0923209,0.0012707906,5674169,eclipsing_binary
1794.5788824816836,1.0867592,0.0012673738,5674169,eclipsing_binary
1794.5802713569487,1.0786015,0.0012720813,5674169,eclipsing_binary
1794.581660232213,1.0750744,0.0012741414,5674169,eclipsing_binary
1794.583049107477,1.0701977,0.0012635284,5674169,eclipsing_binary
1794.5844379827408,1.0638865,0.0012639312,5674169,eclipsing_binary
1794.5858268575398,1.0571325,0.0012622928,5674169,eclipsing_binary
1794.5872157328054,1.0511053,0.0012589486,5674169,eclipsing_binary
1794.58860460807,1.0449291,0.0012607799,5674169,eclipsing_binary
1794.5899934833337,1.0385513,0.0012599883,5674169,eclipsing_binary
1794.591382358598,1.0311432,0.0012574062,5674169,eclipsing_binary
1794.5927712338625,1.027419,0.0012635288,5674169,eclipsing_binary
1794.594160109128,1.0209678,0.0012574479,5674169,eclipsing_binary
1794.595548983927,1.0125666,0.0012570159,5674169,eclipsing_binary
1794.5969378591908,1.0046748,0.0012536424,5674169,eclipsing_binary
1794.598326734455,0.99510974,0.0012555507,5674169,eclipsing_binary
1794.5997156097196,0.9879991,0.0012577713,5674169,eclipsing_binary
1794.6011044849843,0.97937316,0.0012519927,5674169,eclipsing_binary
1794.6024933597832,0.9676768,0.0012476874,5674169,eclipsing_binary
1794.6038822350479,0.9591692,0.0012490032,5674169,eclipsing_binary
1794.605271110312,0.9474139,0.001242416,5674169,eclipsing_binary
1794.6066599855767,0.9360424,0.0012402181,5674169,eclipsing_binary
1794.6080488603757,0.92406785,0.0012382729,5674169,eclipsing_binary
1794.6094377356394,0.91014475,0.0012371577,5674169,eclipsing_binary
1794.6108266109043,0.89906365,0.0012359438,5674169,eclipsing_binary
1794.6122154861691,0.8853545,0.0012338987,5674169,eclipsing_binary
1794.613604360968,0.8710835,0.001229146,5674169,eclipsing_binary
1794.6149932362327,0.8592964,0.0012302265,5674169,eclipsing_binary
1794.6163821114965,0.8460367,0.001230511,5674169,eclipsing_binary
1794.6177709862955,0.8327442,0.0012250145,5674169,eclipsing_binary
1794.6191598615603,0.8221702,0.0012252324,5674169,eclipsing_binary
1794.6205487368252,0.80945915,0.0012204322,5674169,eclipsing_binary
1794.6219376116242,0.799376,0.0012185907,5674169,eclipsing_binary
1794.623326486888,0.7908163,0.0012209017,5674169,eclipsing_binary
1794.624715362152,0.78671014,0.0012162954,5674169,eclipsing_binary
1794.626104236951,0.78526783,0.0012160606,5674169,eclipsing_binary
1794.6274931122164,0.7858469,0.0012158328,5674169,eclipsing_binary
1794.6288819870156,0.78478736,0.0012160719,5674169,eclipsing_binary
1794.6302708622793,0.7851068,0.0012159473,5674169,eclipsing_binary
1794.6316597375435,0.78520644,0.0012213504,5674169,eclipsing_binary
1794.6330486123425,0.78496283,0.0012161772,5674169,eclipsing_binary
1794.6344374876076,0.78324986,0.001213706,5674169,eclipsing_binary
1794.6358263624065,0.785264,0.0012156033,5674169,eclipsing_binary
1794.6372152376707,0.78455544,0.0012151098,5674169,eclipsing_binary
1794.6386041124692,0.78452885,0.0012150699,5674169,eclipsing_binary
1794.639992987733,0.78386897,0.0012159263,5674169,eclipsing_binary
1794.6413818629985,0.7857199,0.0012161465,5674169,eclipsing_binary
1794.642770737798,0.78568774,0.0012184748,5674169,eclipsing_binary
1794.6441596130621,0.7853325,0.0012166415,5674169,eclipsing_binary
1794.6455484878602,0.7851884,0.0012171596,5674169,eclipsing_binary
1794.6469373631244,0.7846263,0.0012147919,5674169,eclipsing_binary
1794.6483262379234,0.78677976,0.0012159224,5674169,eclipsing_binary
1794.649715113189,0.7853354,0.0012152024,5674169,eclipsing_binary
1794.6511039879879,0.7894871,0.0012165403,5674169,eclipsing_binary
1794.652492862786,0.796675,0.0012234178,5674169,eclipsing_binary
1794.6538817380501,0.80494136,0.0012246644,5674169,eclipsing_binary
1794.655270612849,0.81833595,0.0012239633,5674169,eclipsing_binary
1794.6566594881147,0.82901925,0.0012288211,5674169,eclipsing_binary
1794.6580483629136,0.84231156,0.0012240986,5674169,eclipsing_binary
1794.6594372381774,0.8547873,0.0012298626,5674169,eclipsing_binary
1794.6608261129759,0.87044996,0.0012321051,5674169,eclipsing_binary
1794.6622149877749,0.88367486,0.0012327752,5674169,eclipsing_binary
1794.6636038630395,0.8964056,0.0012329841,5674169,eclipsing_binary
1794.6649927378385,0.9093895,0.0012378598,5674169,eclipsing_binary
1794.6663816126375,0.92229784,0.0012446843,5674169,eclipsing_binary
1794.6677704879016,0.9352866,0.0012422949,5674169,eclipsing_binary
1794.6691593627006,0.9484557,0.0012426146,5674169,eclipsing_binary
1794.6705482379652,0.960352,0.0012461744,5674169,eclipsing_binary
1794.6719371127633,0.97226393,0.0012553955,5674169,eclipsing_binary
1794.6733259875625,0.981996,0.0012500813,5674169,eclipsing_binary
1794.6747148623617,0.9920715,0.0012504325,5674169,eclipsing_binary
1794.6761037376264,1.0005679,0.0012516731,5674169,eclipsing_binary
1794.6774926124253,1.0090692,0.0012541031,5674169,eclipsing_binary
1794.6788814872234,1.0185162,0.0012542962,5674169,eclipsing_binary
1794.680270362488,1.0247465,0.001256146,5674169,eclipsing_binary
1794.681659237287,1.0317987,0.0012582425,5674169,eclipsing_binary
1794.6830481120862,1.0411713,0.0012602393,5674169,eclipsing_binary
1794.6844369868854,1.0467759,0.0012570652,5674169,eclipsing_binary
1794.6858258621492,1.0535427,0.0012622259,5674169,eclipsing_binary
1794.6872147369477,1.0592651,0.0012621136,5674169,eclipsing_binary
1794.6886036117467,1.0651289,0.0012680461,5674169,eclipsing_binary
1794.689992486546,1.0716324,0.0012690371,5674169,eclipsing_binary
1794.691381361345,1.076999,0.0012638037,5674169,eclipsing_binary
1794.6927702366092,1.0836958,0.0012668363,5674169,eclipsing_binary
1794.6941591114078,1.0885803,0.0012664795,5674169,eclipsing_binary
1794.6955479862058,1.0963475,0.0012685014,5674169,eclipsing_binary
1794.6969368610057,1.0998242,0.0012675116,5674169,eclipsing_binary
1794.6983257358052,1.1051586,0.0012682454,5674169,eclipsing_binary
1794.6997146110693,1.1089615,0.0012708767,5674169,eclipsing_binary
1794.7011034858676,1.1151887,0.0012754119,5674169,eclipsing_binary
1794.7024923606668,1.1195338,0.0012729455,5674169,eclipsing_binary
1794.7038812354663,1.1229312,0.0012722097,5674169,eclipsing_binary
1794.7052701102652,1.1270688,0.0012797135,5674169,eclipsing_binary
1794.7066589850638,1.1304908,0.0012762194,5674169,eclipsing_binary
1794.7080478598618,1.1329135,0.0012739383,5674169,eclipsing_binary
1794.7094367346608,1.1359957,0.0012738389,5674169,eclipsing_binary
1794.71082560946,1.139456,0.0012756129,5674169,eclipsing_binary
1794.7122144842592,1.1398928,0.0012774549,5674169,eclipsing_binary
1794.7136033595239,1.1417143,0.0012743876,5674169,eclipsing_binary
1794.714992234322,1.1433892,0.001286341,5674169,eclipsing_binary
1794.716381109121,1.1423802,0.0012791714,5674169,eclipsing_binary
1794.7177699839199,1.1434556,0.0012795458,5674169,eclipsing_binary
1794.719158858719,1.1451354,0.0012782114,5674169,eclipsing_binary
1794.7205477335183,1.1456422,0.0012775011,5674169,eclipsing_binary
1794.7219366083164,1.1435221,0.001276279,5674169,eclipsing_binary
1794.7233254831153,1.1436077,0.0012745919,5674169,eclipsing_binary
1794.7247143579143,1.1418543,0.0012759215,5674169,eclipsing_binary
1794.7261032327128,1.1389686,0.0012738197,5674169,eclipsing_binary
1794.7274921075118,1.1384673,0.0012754637,5674169,eclipsing_binary
1794.7288809823108,1.133274,0.0012754704,5674169,eclipsing_binary
1794.7302698571098,1.1317164,0.0012722961,5674169,eclipsing_binary
1794.731658731443,1.1280458,0.0012731268,5674169,eclipsing_binary
1794.7330476062416,1.1237358,0.0012729592,5674169,eclipsing_binary
1794.7344364810397,1.1209617,0.001273311,5674169,eclipsing_binary
1794.7358253558386,1.1148583,0.0012711384,5674169,eclipsing_binary
1794.7372142306385,1.1112957,0.0012718957,5674169,eclipsing_binary
1794.7386031054375,1.105209,0.0012710916,5674169,eclipsing_binary
1794.739991980236,1.0991004,0.0012696909,5674169,eclipsing_binary
1794.741380855034,1.0932292,0.0012679427,5674169,eclipsing_binary
1794.742769729833,1.0865972,0.001269344,5674169,eclipsing_binary
1794.744158604633,1.0802459,0.0012659046,5674169,eclipsing_binary
1794.7455474789663,1.0762671,0.0012650191,5674169,eclipsing_binary
1794.7469363537646,1.0680071,0.0012649145,5674169,eclipsing_binary
1794.7483252285629,1.0607697,0.0012616604,5674169,eclipsing_binary
1794.7497141033614,1.0551981,0.0012631937,5674169,eclipsing_binary
1794.7511029781608,1.0465753,0.0012611597,5674169,eclipsing_binary
1794.7524918529607,1.0378864,0.0012576161,5674169,eclipsing_binary
1794.753880727293,1.0316144,0.0012580574,5674169,eclipsing_binary
1794.7552696020916,1.0225912,0.0012580975,5674169,eclipsing_binary
1794.75665847689,1.0131749,0.0012546749,5674169,eclipsing_binary
1794.7580473516891,1.0033443,0.0012567425,5674169,eclipsing_binary
1794.759436226023,0.99333376,0.0012517776,5674169,eclipsing_binary
1794.7608251008219,0.9837952,0.0012491376,5674169,eclipsing_binary
1794.7622139756204,0.971905,0.0012479674,5674169,eclipsing_binary
1794.7636028504185,0.95955473,0.0012454455,5674169,eclipsing_binary
1794.764991724752,0.94900966,0.0012476759,5674169,eclipsing_binary
1794.7663805995517,0.9360067,0.001241697,5674169,eclipsing_binary
1794.7677694743506,0.92551893,0.0012387541,5674169,eclipsing_binary
1794.7691583491492,0.9106835,0.0012386127,5674169,eclipsing_binary
1794.7705472234816,0.89901096,0.0012349555,5674169,eclipsing_binary
1794.7719360982805,0.88518494,0.00123405,5674169,eclipsing_binary
1794.7733249730795,0.8707594,0.0012288296,5674169,eclipsing_binary
1794.774713847413,0.8589792,0.0012321253,5674169,eclipsing_binary
1794.7761027222123,0.8461093,0.0012253608,5674169,eclipsing_binary
1794.7774915970103,0.83189243,0.0012293695,5674169,eclipsing_binary
1794.7788804713437,0.8206532,0.0012263369,5674169,eclipsing_binary
1794.7802693461426,0.8068757,0.001218569,5674169,eclipsing_binary
1794.7816582209416,0.796543,0.0012177964,5674169,eclipsing_binary
1794.7830470952752,0.787318,0.001218213,5674169,eclipsing_binary
1794.7844359700734,0.78253007,0.001216901,5674169,eclipsing_binary
1794.7858248444068,0.78036827,0.0012160668,5674169,eclipsing_binary
1794.7872137192057,0.77758306,0.0012149782,5674169,eclipsing_binary
1794.7886025935386,0.7771158,0.0012145762,5674169,eclipsing_binary
1794.7899914683376,0.77401763,0.0012141374,5674169,eclipsing_binary
1794.7913803431366,0.77363753,0.0012124719,5674169,eclipsing_binary
1794.7927692174699,0.77260166,0.0012190404,5674169,eclipsing_binary
1794.7941580922688,0.7724174,0.0012152707,5674169,eclipsing_binary
1794.7955469666017,0.77169234,0.0012129742,5674169,eclipsing_binary
1794.7969358413998,0.77368605,0.0012139599,5674169,eclipsing_binary
1794.798324715733,0.77195346,0.0012121837,5674169,eclipsing_binary
1794.799713590533,0.77095926,0.0012137392,5674169,eclipsing_binary
1794.8011024648663,0.7724495,0.0012113765,5674169,eclipsing_binary
1794.8024913396646,0.7731168,0.0012144829,5674169,eclipsing_binary
1794.8038802139972,0.7744274,0.0012119008,5674169,eclipsing_binary
1794.8052690887962,0.77353173,0.0012135596,5674169,eclipsing_binary
1794.8066579631304,0.7761754,0.0012148556,5674169,eclipsing_binary
1794.8080468379294,0.77704227,0.0012192758,5674169,eclipsing_binary
1794.8094357122618,0.77996314,0.0012141381,5674169,eclipsing_binary
1794.8108245870603,0.786869,0.001215113,5674169,eclipsing_binary
1794.8122134613932,0.796842,0.0012189567,5674169,eclipsing_binary
1794.813602335727,0.8069448,0.001222598,5674169,eclipsing_binary
1794.8149912105268,0.82045186,0.0012208079,5674169,eclipsing_binary
1794.8163800848592,0.8330598,0.0012251642,5674169,eclipsing_binary
1794.8177689596578,0.84376174,0.0012272985,5674169,eclipsing_binary
1794.8191578339902,0.8595341,0.0012282785,5674169,eclipsing_binary
1794.8205467083244,0.8714914,0.001234878,5674169,eclipsing_binary
1794.8219355831243,0.88368285,0.0012353706,5674169,eclipsing_binary
1794.8233244574567,0.8962946,0.0012340083,5674169,eclipsing_binary
1794.8247133317896,0.9084075,0.0012396857,5674169,eclipsing_binary
1794.8261022065876,0.9212835,0.0012390522,5674169,eclipsing_binary
1794.827491080921,0.93283194,0.00124031,5674169,eclipsing_binary
1794.8288799552552,0.9446518,0.0012431332,5674169,eclipsing_binary
1794.8302688300541,0.9556588,0.0012467313,5674169,eclipsing_binary
1794.831657704387,0.9653426,0.0012489848,5674169,eclipsing_binary
1794.8330465787194,0.97664195,0.0012470294,5674169,eclipsing_binary
1794.8344354535184,0.9846957,0.0012492161,5674169,eclipsing_binary
1794.8358243278517,0.994735,0.0012571089,5674169,eclipsing_binary
1794.837213202185,1.0036837,0.001254808,5674169,eclipsing_binary
1794.8386020765186,1.0134606,0.0012560714,5674169,eclipsing_binary
1794.8399909513168,1.0198641,0.0012559489,5674169,eclipsing_binary
1794.8413798256502,1.0276921,0.0012565415,5674169,eclipsing_binary
1794.8427686999835,1.0343928,0.0012634863,5674169,eclipsing_binary
1794.8441575743168,1.0427067,0.0012597537,5674169,eclipsing_binary
1794.8455464491158,1.0486563,0.0012600931,5674169,eclipsing_binary
1794.8469353234486,1.054785,0.00126026,5674169,eclipsing_binary
1794.848324197782,1.0615597,0.0012650525,5674169,eclipsing_binary
1794.8497130721153,1.0676589,0.0012649831,5674169,eclipsing_binary
1794.8511019464481,1.0734628,0.0012642152,5674169,eclipsing_binary
1794.8524908207814,1.080632,0.0012709696,5674169,eclipsing_binary
1794.8538796955804,1.0850832,0.0012686466,5674169,eclipsing_binary
1794.8552685699137,1.0906545,0.0012666899,5674169,eclipsing_binary
1794.856657444247,1.0963014,0.001273282,5674169,eclipsing_binary
1794.85804631858,1.0991784,0.0012668653,5674169,eclipsing_binary
1794.8594351929132,1.1026455,0.0012704014,5674169,eclipsing_binary
1794.8608240672465,1.1091688,0.0012715273,5674169,eclipsing_binary
1794.8622129415799,1.1117766,0.0012714136,5674169,eclipsing_binary
1794.8636018163788,1.1159828,0.0012705169,5674169,eclipsing_binary
1794.8649906907112,1.1180327,0.0012713965,5674169,eclipsing_binary
1794.866379565044,1.1210501,0.0012765634,5674169,eclipsing_binary
1794.8677684393774,1.1218559,0.00127288,5674169,eclipsing_binary
1794.8691573137116,1.1255548,0.0012711099,5674169,eclipsing_binary
1794.870546188045,1.127854,0.0012734942,5674169,eclipsing_binary
1794.8719350623774,1.1271185,0.0012771487,5674169,eclipsing_binary
1794.8733239367102,1.1294299,0.0012741042,5674169,eclipsing_binary
1794.8747128110426,1.1295708,0.0012732659,5674169,eclipsing_binary
1794.8761016853769,1.1291503,0.0012735552,5674169,eclipsing_binary
1794.877490559711,1.1272134,0.0012738658,5674169,eclipsing_binary
1794.8788794340435,1.1268114,0.0012727594,5674169,eclipsing_binary
1794.8802683083763,1.1266109,0.0012793101,5674169,eclipsing_binary
1794.8816571827088,1.124782,0.0012723499,5674169,eclipsing_binary
1794.883046057043,1.1221904,0.0012762554,5674169,eclipsing_binary
1794.884434931377,1.1198943,0.0012719468,5674169,eclipsing_binary
1794.8858238057096,1.1187524,0.0012748558,5674169,eclipsing_binary
1794.8872126800425,1.1146188,0.0012706948,5674169,eclipsing_binary
1794.8886015543749,1.1109043,0.0012727862,5674169,eclipsing_binary
1794.8899904287082,1.1067662,0.0012712572,5674169,eclipsing_binary
1794.8913793030424,1.1045188,0.0012680558,5674169,eclipsing_binary
1794.8927681773757,1.1002029,0.0012736566,5674169,eclipsing_binary
1794.894157051243,1.0958656,0.0012703312,5674169,eclipsing_binary
1794.8955459255753,1.0908883,0.0012676397,5674169,eclipsing_binary
1794.8969347999086,1.085905,0.0012677589,5674169,eclipsing_binary
1794.8983236742429,1.0807153,0.0012667936,5674169,eclipsing_binary
1794.8997125485762,1.0746062,0.001264934,5674169,eclipsing_binary
1794.9011014229086,1.070623,0.0012663868,5674169,eclipsing_binary
1794.9024902972415,1.0623299,0.0012624311,5674169,eclipsing_binary
1794.9038791715748,1.0575259,0.0012628058,5674169,eclipsing_binary
1794.9052680454424,1.0527763,0.001259897,5674169,eclipsing_binary
1794.9066569197757,1.0463247,0.0012597528,5674169,eclipsing_binary
1794.908045794109,1.0403949,0.0012576241,5674169,eclipsing_binary
1794.909434668442,1.0343089,0.0012586525,5674169,eclipsing_binary
1794.912212416643,1.0208629,0.0012595056,5674169,eclipsing_binary
1794.9136012909757,1.0126129,0.0012554404,5674169,eclipsing_binary
1794.914990165309,1.0068417,0.0012523436,5674169,eclipsing_binary
1794.9163790396424,0.9981931,0.0012599496,5674169,eclipsing_binary
1794.91776791351,0.98957515,0.0012516002,5674169,eclipsing_binary
1794.9191567878433,0.9802662,0.0012494253,5674169,eclipsing_binary
1794.9205456621758,0.9687714,0.0012475636,5674169,eclipsing_binary
1794.9219345365093,0.9604189,0.0012467596,5674169,eclipsing_binary
1794.9233234103772,0.94771266,0.0012438417,5674169,eclipsing_binary
1794.9247122847105,0.937246,0.0012452749,5674169,eclipsing_binary
1794.9261011590438,0.92483276,0.0012387583,5674169,eclipsing_binary
1794.9274900333762,0.9124733,0.001236665,5674169,eclipsing_binary
1794.9288789072434,0.8987561,0.0012355071,5674169,eclipsing_binary
1794.9302677815767,0.8866594,0.0012331081,5674169,eclipsing_binary
1794.931656655911,0.8736521,0.0012314938,5674169,eclipsing_binary
1794.9330455297786,0.86037487,0.0012272183,5674169,eclipsing_binary
1794.934434404111,0.84804565,0.0012275268,5674169,eclipsing_binary
1794.9358232779782,0.8329628,0.0012243993,5674169,eclipsing_binary
1794.9372121523115,0.8215685,0.0012230787,5674169,eclipsing_binary
1794.9386010266455,0.8098037,0.0012204852,5674169,eclipsing_binary
1794.9399899005134,0.8004736,0.0012178455,5674169,eclipsing_binary
1794.9413787748458,0.7918783,0.0012178626,5674169,eclipsing_binary
1794.9427676491787,0.7864197,0.0012191585,5674169,eclipsing_binary
1794.9441565230454,0.7853779,0.0012150521,5674169,eclipsing_binary
1794.9552675163154,0.7841212,0.0012168513,5674169,eclipsing_binary
1794.9566563901822,0.7837273,0.0012155612,5674169,eclipsing_binary
1794.958045264515,0.78447646,0.0012136061,5674169,eclipsing_binary
1794.9594341383827,0.78478175,0.0012141886,5674169,eclipsing_binary
1794.9608230122512,0.7831559,0.0012148311,5674169,eclipsing_binary
1794.9622118865846,0.78603745,0.0012155853,5674169,eclipsing_binary
1794.9636007604513,0.7848975,0.0012163048,5674169,eclipsing_binary
1794.9649896347842,0.7858337,0.0012169252,5674169,eclipsing_binary
1794.9663785086518,0.78516,0.001214537,5674169,eclipsing_binary
1794.9677673829851,0.78743565,0.0012179285,5674169,eclipsing_binary
1794.9691562568528,0.7900304,0.0012154202,5674169,eclipsing_binary
1794.970545131186,0.7955612,0.001217291,5674169,eclipsing_binary
1794.9719340050533,0.8032038,0.001217348,5674169,eclipsing_binary
1794.973322878921,0.8156747,0.0012220105,5674169,eclipsing_binary
1794.9747117532543,0.8275899,0.0012242328,5674169,eclipsing_binary
1794.976100627122,0.8400013,0.0012258224,5674169,eclipsing_binary
1794.9774895014552,0.8539956,0.0012392055,5674169,eclipsing_binary
1794.9788783753224,0.86756474,0.0012327007,5674169,eclipsing_binary
1794.98026724919,0.88084656,0.0012337795,5674169,eclipsing_binary
1794.9816561235234,0.89627343,0.0012335874,5674169,eclipsing_binary
1794.9830449973902,0.9081921,0.0012365028,5674169,eclipsing_binary
1794.984433871258,0.92043024,0.0012415373,5674169,eclipsing_binary
1794.9858227455916,0.9349345,0.001241383,5674169,eclipsing_binary
1794.9872116194592,0.9462964,0.0012452719,5674169,eclipsing_binary
1794.9886004933269,0.9589711,0.0012472537,5674169,eclipsing_binary
1794.9899893676593,0.9681788,0.0012484099,5674169,eclipsing_binary
1794.9913782415265,0.98013693,0.0012496796,5674169,eclipsing_binary
1794.9927671153941,0.9886917,0.0012498116,5674169,eclipsing_binary
1794.9941559892625,0.99907714,0.0012523138,5674169,eclipsing_binary
1794.995544863596,1.0070776,0.0012534304,5674169,eclipsing_binary
1794.9969337374628,1.0180311,0.0012561625,5674169,eclipsing_binary
1794.99832261133,1.0223808,0.0012554709,5674169,eclipsing_binary
1794.9997114851976,1.0306056,0.0012562565,5674169,eclipsing_binary
1795.0011003595314,1.0390809,0.0012606375,5674169,eclipsing_binary
1795.002489233399,1.0458006,0.0012591757,5674169,eclipsing_binary
1795.0038781072662,1.0510943,0.0012616164,5674169,eclipsing_binary
1795.0052669811334,1.0576456,0.0012629614,5674169,eclipsing_binary
1795.0066558550002,1.0639588,0.001267168,5674169,eclipsing_binary
1795.0080447293344,1.0698622,0.0012636781,5674169,eclipsing_binary
1795.0094336032025,1.077173,0.0012642818,5674169,eclipsing_binary
1795.0108224770697,1.0823687,0.0012667831,5674169,eclipsing_binary
1795.0122113509367,1.0881091,0.0012682418,5674169,eclipsing_binary
1795.0136002248046,1.0942826,0.0012667493,5674169,eclipsing_binary
1795.0149890986727,1.0989809,0.0012682131,5674169,eclipsing_binary
1795.016377973006,1.1061726,0.001274958,5674169,eclipsing_binary
1795.0177668468732,1.1104262,0.0012720489,5674169,eclipsing_binary
1795.01915572074,1.1127409,0.0012709056,5674169,eclipsing_binary
1795.0205445946076,1.1187484,0.001274747,5674169,eclipsing_binary
1795.0219334684755,1.1229925,0.0012709706,5674169,eclipsing_binary
1795.0233223423434,1.127082,0.0012763712,5674169,eclipsing_binary
1795.024711216211,1.1293752,0.0012775414,5674169,eclipsing_binary
1795.0261000900778,1.1336112,0.0012829053,5674169,eclipsing_binary
1795.0274889639454,1.1357074,0.0012753619,5674169,eclipsing_binary
1795.028877837813,1.1382295,0.0012758984,5674169,eclipsing_binary
1795.030266711681,1.1403297,0.0012768203,5674169,eclipsing_binary
1795.0316555855488,1.1401199,0.001275727,5674169,eclipsing_binary
1795.0330444594156,1.1437365,0.0012762268,5674169,eclipsing_binary
1795.0344333332832,1.143315,0.001276635,5674169,eclipsing_binary
1795.0358222071509,1.1463299,0.0012788215,5674169,eclipsing_binary
1795.037211081018,1.1444247,0.0012748439,5674169,eclipsing_binary
1795.0385999548857,1.1442972,0.0012757196,5674169,eclipsing_binary
1795.0399888287534,1.1441437,0.001278151,5674169,eclipsing_binary
1795.041377702621,1.1421932,0.0012748553,5674169,eclipsing_binary
1795.0427665764887,1.1405244,0.0012746849,5674169,eclipsing_binary
1795.044155450356,1.1399359,0.0012762576,5674169,eclipsing_binary
1795.0455443242226,1.1360538,0.0012791312,5674169,eclipsing_binary
1795.0469331980903,1.1357107,0.0012732432,5674169,eclipsing_binary
1795.0483220719589,1.1314698,0.0012733137,5674169,eclipsing_binary
1795.0497109458265,1.1280973,0.0012731169,5674169,eclipsing_binary
1795.0510998196937,1.1255447,0.0012713934,5674169,eclipsing_binary
1795.0524886935605,1.1210326,0.0012724297,5674169,eclipsing_binary
1795.0538775674281,1.1156712,0.0012722764,5674169,eclipsing_binary
1795.0552664412967,1.1108125,0.001270543,5674169,eclipsing_binary
1795.0566553146987,1.106351,0.0012705865,5674169,eclipsing_binary
1795.0580441885656,1.1015589,0.001266785,5674169,eclipsing_binary
1795.0594330624326,1.0963813,0.0012685099,5674169,eclipsing_binary
1795.0608219362998,1.0892609,0.001269461,5674169,eclipsing_binary
1795.062210810168,1.0835339,0.0012663819,5674169,eclipsing_binary
1795.0635996840365,1.0755576,0.0012640766,5674169,eclipsing_binary
1795.0649885579032,1.070295,0.0012663171,5674169,eclipsing_binary
1795.0663774313048,1.063063,0.001262362,5674169,eclipsing_binary
1795.0677663051717,1.0565952,0.0012605741,5674169,eclipsing_binary
1795.06915517904,1.0479455,0.0012616824,5674169,eclipsing_binary
1795.0705440529086,1.0402536,0.0012624853,5674169,eclipsing_binary
1795.0719329267754,1.031129,0.0012564663,5674169,eclipsing_binary
1795.073321800177,1.0221459,0.0012579408,5674169,eclipsing_binary
1795.0747106740437,1.0144086,0.0012545517,5674169,eclipsing_binary
1795.0760995479116,1.0043731,0.0012514959,5674169,eclipsing_binary
1795.07748842178,0.9943605,0.0012532088,5674169,eclipsing_binary
1795.0788772951819,0.98430043,0.001249197,5674169,eclipsing_binary
1795.080266169049,0.97330403,0.0012485092,5674169,eclipsing_binary
1795.0816550429158,0.96416545,0.0012470406,5674169,eclipsing_binary
1795.0830439163178,0.9502208,0.001243554,5674169,eclipsing_binary
1795.0844327901864,0.93902355,0.0012431414,5674169,eclipsing_binary
1795.085821664054,0.9259032,0.0012439436,5674169,eclipsing_binary
1795.0872105379212,0.9129706,0.0012369814,5674169,eclipsing_binary
1795.0885994113223,0.90135986,0.0012352193,5674169,eclipsing_binary
1795.08998828519,0.8861119,0.0012361696,5674169,eclipsing_binary
1795.0913771590576,0.8736926,0.0012312743,5674169,eclipsing_binary
1795.0927660324596,0.8601741,0.001227305,5674169,eclipsing_binary
1795.0941549063275,0.84718186,0.001227182,5674169,eclipsing_binary
1795.0955437797288,0.83364654,0.001224343,5674169,eclipsing_binary
1795.0969326535965,0.82045025,0.0012222213,5674169,eclipsing_binary
1795.0983215274641,0.8101594,0.0012230923,5674169,eclipsing_binary
1795.0997104008657,0.7979978,0.0012194199,5674169,eclipsing_binary
1795.1010992747333,0.78821355,0.0012149538,5674169,eclipsing_binary
1795.1024881481353,0.783411,0.0012178331,5674169,eclipsing_binary
1795.103877022003,0.7808443,0.0012146523,5674169,eclipsing_binary
1795.1052658958706,0.7767278,0.0012139664,5674169,eclipsing_binary
1795.1066547692722,0.7758113,0.0012168643,5674169,eclipsing_binary
1795.1080436431398,0.77520216,0.0012139669,5674169,eclipsing_binary
1795.1094325165418,0.7738822,0.0012142302,5674169,eclipsing_binary
1795.1108213904095,0.77333516,0.0012121848,5674169,eclipsing_binary
1795.1122102638114,0.77152306,0.0012168353,5674169,eclipsing_binary
1795.1135991376784,0.77136546,0.0012179621,5674169,eclipsing_binary
1795.1149880110797,0.7712597,0.0012137109,5674169,eclipsing_binary
1795.1163768849474,0.77283835,0.0012164052,5674169,eclipsing_binary
1795.1177657583503,0.7712219,0.0012123152,5674169,eclipsing_binary
1795.119154632218,0.7719047,0.0012136924,5674169,eclipsing_binary
1795.120543505619,0.7722788,0.0012148491,5674169,eclipsing_binary
1795.1219323794862,0.77342325,0.0012140343,5674169,eclipsing_binary
1795.1233212528882,0.7747329,0.0012124015,5674169,eclipsing_binary
1795.1247101267568,0.7765266,0.001214995,5674169,eclipsing_binary
1795.1260990001588,0.777086,0.0012171849,5674169,eclipsing_binary
1795.1274878740255,0.78064644,0.0012177933,5674169,eclipsing_binary
1795.128876747427,0.78683174,0.0012223346,5674169,eclipsing_binary
1795.1302656208281,0.79682356,0.0012221629,5674169,eclipsing_binary
1795.1316544946967,0.8079026,0.0012192624,5674169,eclipsing_binary
1795.1330433680996,0.81887054,0.0012219193,5674169,eclipsing_binary
1795.1344322419664,0.83133173,0.0012248767,5674169,eclipsing_binary
1795.135821115368,0.843323,0.0012287946,5674169,eclipsing_binary
1795.137209988769,0.8568744,0.0012279513,5674169,eclipsing_binary
1795.1385988626375,0.8698345,0.0012292777,5674169,eclipsing_binary
1795.1399877360402,0.8829588,0.0012357831,5674169,eclipsing_binary
1795.1413766094415,0.89524937,0.0012360403,5674169,eclipsing_binary
1795.1427654833087,0.9071351,0.0012348329,5674169,eclipsing_binary
1795.1441543567098,0.9197919,0.0012372917,5674169,eclipsing_binary
1795.1455432301118,0.9324862,0.0012391863,5674169,eclipsing_binary
1795.1469321039804,0.94435793,0.0012419639,5674169,eclipsing_binary
1795.1483209773824,0.9548673,0.0012455211,5674169,eclipsing_binary
1795.1497098507837,0.9647344,0.0012490149,5674169,eclipsing_binary
1795.1510987246506,0.97557503,0.001249622,5674169,eclipsing_binary
1795.1524875980526,0.9869552,0.0012492439,5674169,eclipsing_binary
1795.1538764714555,0.9935376,0.0012542269,5674169,eclipsing_binary
1795.1552653448575,1.0038778,0.0012532305,5674169,eclipsing_binary
1795.1566542187243,1.0095097,0.0012568152,5674169,eclipsing_binary
1795.1580430921258,1.0189091,0.0012547639,5674169,eclipsing_binary
1795.1594319655278,1.0259734,0.0012575963,5674169,eclipsing_binary
1795.1608208389298,1.0348997,0.0012580047,5674169,eclipsing_binary
1795.1622097127974,1.0434873,0.0012593357,5674169,eclipsing_binary
1795.1635985861994,1.0481018,0.0012645692,5674169,eclipsing_binary
1795.164987459601,1.0572248,0.0012630174,5674169,eclipsing_binary
1795.166376333003,1.0626035,0.0012610534,5674169,eclipsing_binary
1795.167765206405,1.0690323,0.001264123,5674169,eclipsing_binary
1795.1691540798065,1.0745844,0.0012645881,5674169,eclipsing_binary
1795.1705429536742,1.0808995,0.0012657953,5674169,eclipsing_binary
1795.1719318270762,1.0841472,0.0012666524,5674169,eclipsing_binary
1795.1733207004781,1.0908958,0.0012690066,5674169,eclipsing_binary
1795.1747095738801,1.0955346,0.0012680682,5674169,eclipsing_binary
1795.1760984472812,1.09989,0.0012712,5674169,eclipsing_binary
1795.1774873206834,1.1047288,0.0012690111,5674169,eclipsing_binary
1795.1788761940857,1.109515,0.0012732446,5674169,eclipsing_binary
1795.1802650674877,1.1120088,0.0012704382,5674169,eclipsing_binary
1795.1816539413553,1.1148485,0.0012703144,5674169,eclipsing_binary
1795.1830428147564,1.117969,0.001270384,5674169,eclipsing_binary
1795.184431688158,1.1209264,0.0012728446,5674169,eclipsing_binary
1795.18582056156,1.1228116,0.001274288,5674169,eclipsing_binary
1795.1872094349628,1.1247233,0.0012723673,5674169,eclipsing_binary
1795.1885983083648,1.125104,0.0012739127,5674169,eclipsing_binary
1795.189987181766,1.1282526,0.0012744212,5674169,eclipsing_binary
1795.1913760551674,1.1283888,0.0012775608,5674169,eclipsing_binary
1795.1927649285694,1.1295294,0.0012772282,5674169,eclipsing_binary
1795.1941538019719,1.1279924,0.0012745864,5674169,eclipsing_binary
1795.195542675374,1.1269526,0.0012786911,5674169,eclipsing_binary
1795.1969315487754,1.1281164,0.0012748035,5674169,eclipsing_binary
1795.198320422177,1.1252252,0.0012758481,5674169,eclipsing_binary
1795.199709295578,1.1245126,0.0012723655,5674169,eclipsing_binary
1795.201098168981,1.1208923,0.001275632,5674169,eclipsing_binary
1795.2024870423834,1.119776,0.0012741438,5674169,eclipsing_binary
1795.203875915785,1.1175476,0.001271195,5674169,eclipsing_binary
1795.2052647891865,1.1156051,0.0012710722,5674169,eclipsing_binary
1795.2066536625875,1.1112064,0.0012702714,5674169,eclipsing_binary
1795.2080425359904,1.1086546,0.001271746,5674169,eclipsing_binary
1795.209431409393,1.1039511,0.0012708982,5674169,eclipsing_binary
1795.2108202827944,1.0991843,0.0012688302,5674169,eclipsing_binary
1795.2122091557299,1.0961168,0.0012675661,5674169,eclipsing_binary
1795.2135980291314,1.0907776,0.0012671411,5674169,eclipsing_binary
1795.2149869025334,1.0855058,0.0012684726,5674169,eclipsing_binary
1795.2163757759363,1.0811625,0.0012646227,5674169,eclipsing_binary
1795.2177646493383,1.0749816,0.0012674083,5674169,eclipsing_binary
1795.2191535227394,1.069688,0.0012645724,5674169,eclipsing_binary
1795.220542396141,1.0653083,0.0012613812,5674169,eclipsing_binary
1795.2219312690772,1.059057,0.0012628834,5674169,eclipsing_binary
1795.22332014248,1.0529792,0.0012611843,5674169,eclipsing_binary
1795.2247090158821,1.046815,0.0012603957,5674169,eclipsing_binary
1795.2260978892832,1.0410198,0.0012602815,5674169,eclipsing_binary
1795.2274867626847,1.0338142,0.0012593607,5674169,eclipsing_binary
1795.2288756360867,1.0280428,0.0012566347,5674169,eclipsing_binary
1795.230264509023,1.0211413,0.0012560019,5674169,eclipsing_binary
1795.231653382425,1.0126544,0.0012562141,5674169,eclipsing_binary
1795.233042255827,1.0063459,0.0012529684,5674169,eclipsing_binary
1795.2344311292286,0.9983271,0.0012519921,5674169,eclipsing_binary
1795.235820002165,0.9882211,0.001250417,5674169,eclipsing_binary
1795.237208875567,0.98189664,0.0012498439,5674169,eclipsing_binary
1795.238597748968,0.9708564,0.0012465592,5674169,eclipsing_binary
1795.23998662237,0.96154803,0.0012481314,5674169,eclipsing_binary
1795.2413754953066,0.95089036,0.0012443931,5674169,eclipsing_binary
1795.2427643687088,0.9390521,0.0012415539,5674169,eclipsing_binary
1795.2441532421108,0.9250182,0.0012420065,5674169,eclipsing_binary
1795.2455421150462,0.9136609,0.0012371081,5674169,eclipsing_binary
1795.2469309884482,0.90079015,0.001234628,5674169,eclipsing_binary
1795.2483198618502,0.88740516,0.0012327565,5674169,eclipsing_binary
1795.2497087347867,0.8740344,0.0012327457,5674169,eclipsing_binary
1795.251097608189,0.86109644,0.001230817,5674169,eclipsing_binary
1795.25248648159,0.8478598,0.0012312997,5674169,eclipsing_binary
1795.253875354526,0.8346205,0.0012234228,5674169,eclipsing_binary
1795.255264227928,0.82259053,0.0012239706,5674169,eclipsing_binary
1795.2566531013304,0.8111158,0.0012239639,5674169,eclipsing_binary
1795.2580419742667,0.8014995,0.0012179575,5674169,eclipsing_binary
1795.2594308476682,0.7917268,0.0012163117,5674169,eclipsing_binary
1795.260819720604,0.78640765,0.0012152327,5674169,eclipsing_binary
1795.262208594006,0.78587985,0.0012188506,5674169,eclipsing_binary
1795.2635974674085,0.78477687,0.0012189624,5674169,eclipsing_binary
1795.2649863403449,0.78513026,0.0012180507,5674169,eclipsing_binary
1795.2663752137464,0.78313935,0.0012168149,5674169,eclipsing_binary
1795.2677640866818,0.78406495,0.0012136188,5674169,eclipsing_binary
1795.2691529600834,0.7852475,0.0012170334,5674169,eclipsing_binary
1795.2705418330206,0.78360856,0.0012205018,5674169,eclipsing_binary
1795.271930706423,0.7846065,0.0012174009,5674169,eclipsing_binary
1795.273319579359,0.78403836,0.0012142375,5674169,eclipsing_binary
1795.27470845276,0.7846846,0.0012142383,5674169,eclipsing_binary
1795.276097325696,0.78432286,0.0012168981,5674169,eclipsing_binary
1795.2774861990986,0.78345454,0.0012152392,5674169,eclipsing_binary
1795.2788750720356,0.78479844,0.0012137567,5674169,eclipsing_binary
1795.2802639454371,0.7845273,0.0012149164,5674169,eclipsing_binary
1795.2816528183725,0.7850014,0.0012152599,5674169,eclipsing_binary
1795.283041691774,0.7871828,0.0012175766,5674169,eclipsing_binary
1795.2844305647104,0.7863501,0.0012157173,5674169,eclipsing_binary
1795.2858194381129,0.7855746,0.0012177952,5674169,eclipsing_binary
1795.2872083110494,0.7888199,0.0012208145,5674169,eclipsing_binary
1795.2885971844507,0.79596174,0.001223654,5674169,eclipsing_binary
1795.2899860573866,0.8043652,0.001220877,5674169,eclipsing_binary
1795.291374930323,0.81393874,0.0012236758,5674169,eclipsing_binary
1795.2927638037254,0.82535535,0.0012256764,5674169,eclipsing_binary
1795.2941526766617,0.83969355,0.0012314612,5674169,eclipsing_binary
1795.2955415500633,0.851946,0.0012324753,5674169,eclipsing_binary
1795.2969304229991,0.8653117,0.0012318585,5674169,eclipsing_binary
1795.2983192959355,0.87968683,0.0012324644,5674169,eclipsing_binary
1795.2997081693375,0.89356655,0.0012362031,5674169,eclipsing_binary
1795.3010970422738,0.9063008,0.0012360951,5674169,eclipsing_binary
1795.3024859152101,0.92157024,0.0012397339,5674169,eclipsing_binary
1795.3038747886112,0.93362284,0.0012438758,5674169,eclipsing_binary
1795.3052636615478,0.9465467,0.0012427082,5674169,eclipsing_binary
1795.3066525344843,0.9564754,0.0012455448,5674169,eclipsing_binary
1795.3080414078863,0.9689646,0.0012503291,5674169,eclipsing_binary
1795.3094302808227,0.97977704,0.0012509632,5674169,eclipsing_binary
1795.310819153758,0.9888638,0.0012513045,5674169,eclipsing_binary
1795.31220802716,0.9997359,0.001251685,5674169,eclipsing_binary
1795.3135969000964,1.0075147,0.0012534597,5674169,eclipsing_binary
1795.3149857730323,1.0152824,0.0012546597,5674169,eclipsing_binary
1795.3163746459686,1.02401,0.0012574879,5674169,eclipsing_binary
1795.3177635193706,1.029847,0.0012608907,5674169,eclipsing_binary
1795.319152392307,1.0381753,0.0012581865,5674169,eclipsing_binary
1795.3205412652433,1.0446343,0.0012628849,5674169,eclipsing_binary
1795.3219301381791,1.0521592,0.0012600138,5674169,eclipsing_binary
1795.3233190111155,1.0576867,0.0012637806,5674169,eclipsing_binary
1795.3247078845175,1.0639411,0.0012629168,5674169,eclipsing_binary
1795.3260967574538,1.0706037,0.0012633695,5674169,eclipsing_binary
1795.3274856303901,1.0763057,0.0012649292,5674169,eclipsing_binary
1795.328874503326,1.0819265,0.001266475,5674169,eclipsing_binary
1795.3302633762614,1.0876669,0.0012716401,5674169,eclipsing_binary
1795.3316522491987,1.0931894,0.0012682746,5674169,eclipsing_binary
1795.3330411226016,1.0977237,0.0012672326,5674169,eclipsing_binary
1795.334429995537,1.1039261,0.0012730766,5674169,eclipsing_binary
1795.3358188684729,1.1090368,0.0012709991,5674169,eclipsing_binary
1795.3372077414083,1.1134454,0.0012715085,5674169,eclipsing_binary
1795.3385966143446,1.1177356,0.0012719885,5674169,eclipsing_binary
1795.3399854872819,1.1224357,0.0012790348,5674169,eclipsing_binary
1795.3413743602182,1.1260428,0.0012791968,5674169,eclipsing_binary
1795.342763233154,1.1291963,0.0012738019,5674169,eclipsing_binary
1795.3441521065552,1.1320744,0.0012737096,5674169,eclipsing_binary
1795.3455409794915,1.1345252,0.001277315,5674169,eclipsing_binary
1795.3469298524287,1.1388648,0.0012734566,5674169,eclipsing_binary
1795.348318725365,1.1400685,0.0012747284,5674169,eclipsing_binary
1795.3497075983005,1.141788,0.001274863,5674169,eclipsing_binary
1795.3510964712364,1.1421834,0.0012770206,5674169,eclipsing_binary
1795.3524853441727,1.144581,0.0012745637,5674169,eclipsing_binary
1795.353874217109,1.1445265,0.0012758152,5674169,eclipsing_binary
1795.3552630900454,1.1445178,0.0012799732,5674169,eclipsing_binary
1795.3566519629817,1.1448698,0.0012765122,5674169,eclipsing_binary
1795.3580408359176,1.1433741,0.0012759421,5674169,eclipsing_binary
1795.359429708854,1.1432197,0.0012772671,5674169,eclipsing_binary
1795.3608185817902,1.1412021,0.0012762601,5674169,eclipsing_binary
1795.3622074547266,1.1395192,0.0012778199,5674169,eclipsing_binary
1795.363596327663,1.1359228,0.0012776748,5674169,eclipsing_binary
1795.3649852005988,1.1343324,0.0012746349,5674169,eclipsing_binary
1795.366374073535,1.1309941,0.0012734619,5674169,eclipsing_binary
1795.3677629464714,1.1290805,0.001276715,5674169,eclipsing_binary
1795.3691518189414,1.1246573,0.0012726851,5674169,eclipsing_binary
1795.370540691878,1.1207542,0.0012742962,5674169,eclipsing_binary
1795.3719295648143,1.1169237,0.0012784983,5674169,eclipsing_binary
1795.3733184377506,1.112432,0.0012767644,5674169,eclipsing_binary
1795.374707310687,1.104753,0.0012693228,5674169,eclipsing_binary
1795.3760961836224,1.1014221,0.001268749,5674169,eclipsing_binary
1795.377485056559,1.0941287,0.0012677248,5674169,eclipsing_binary
1795.3788739294955,1.0894626,0.0012699913,5674169,eclipsing_binary
1795.3802628024318,1.0830848,0.0012678007,5674169,eclipsing_binary
1795.3816516749025,1.0768882,0.0012696162,5674169,eclipsing_binary
1795.383040547838,1.0696627,0.0012635962,5674169,eclipsing_binary
1795.3844294207738,1.0626906,0.0012652453,5674169,eclipsing_binary
1795.3858182937101,1.0553176,0.0012607436,5674169,eclipsing_binary
1795.3872071666472,1.0498409,0.0012619293,5674169,eclipsing_binary
1795.3885960395837,1.0414275,0.0012629046,5674169,eclipsing_binary
1795.3899849120535,1.032224,0.0012585367,5674169,eclipsing_binary
1795.3913737849894,1.0232862,0.0012580553,5674169,eclipsing_binary
1795.3927626579257,1.0147831,0.0012565051,5674169,eclipsing_binary
1795.3941515308625,1.0068364,0.0012523715,5674169,eclipsing_binary
1795.3955404033331,0.9953687,0.0012503619,5674169,eclipsing_binary
1795.396929276269,0.98484486,0.0012534435,5674169,eclipsing_binary
1795.398318149205,0.9730005,0.0012488186,5674169,eclipsing_binary
1795.3997070221403,0.9635903,0.0012486038,5674169,eclipsing_binary
1795.401095894612,0.95126855,0.0012505362,5674169,eclipsing_binary
1795.4024847675487,0.9395858,0.0012428401,5674169,eclipsing_binary
1795.4038736404846,0.9283796,0.0012392082,5674169,eclipsing_binary
1795.4052625134202,0.91472375,0.0012427473,5674169,eclipsing_binary
1795.4066513858902,0.9028856,0.0012361726,5674169,eclipsing_binary
1795.4080402588274,0.88888425,0.0012345628,5674169,eclipsing_binary
1795.4094291317642,0.87455934,0.0012315339,5674169,eclipsing_binary
1795.4108180042344,0.8609756,0.0012310725,5674169,eclipsing_binary
1795.4122068771699,0.84826034,0.0012258914,5674169,eclipsing_binary
1795.4135957501057,0.8348241,0.0012225214,5674169,eclipsing_binary
1795.4149846225764,0.8228476,0.0012243584,5674169,eclipsing_binary
1795.4163734955137,0.81029654,0.0012195917,5674169,eclipsing_binary
1795.4177623679843,0.7995443,0.0012204174,5674169,eclipsing_binary
1795.4191512409197,0.78922164,0.0012164582,5674169,eclipsing_binary
1795.4205401138556,0.783352,0.0012161332,5674169,eclipsing_binary
1795.4219289863263,0.77997786,0.0012160301,5674169,eclipsing_binary
1795.4233178592633,0.7785756,0.0012153519,5674169,eclipsing_binary
1795.4247067317342,0.77541167,0.0012121829,5674169,eclipsing_binary
1795.4260956046696,0.7753633,0.0012143529,5674169,eclipsing_binary
1795.4274844776055,0.77473813,0.0012123687,5674169,eclipsing_binary
1795.4288733500762,0.77381104,0.0012169782,5674169,eclipsing_binary
1795.4302622230125,0.77306706,0.0012130147,5674169,eclipsing_binary
1795.4316510954832,0.77012575,0.0012149863,5674169,eclipsing_binary
1795.4330399684195,0.7729379,0.0012131204,5674169,eclipsing_binary
1795.4344288408897,0.7722142,0.0012149009,5674169,eclipsing_binary
1795.435817713826,0.7722226,0.0012170434,5674169,eclipsing_binary
1795.4372065862967,0.7718779,0.0012130537,5674169,eclipsing_binary
1795.438595459233,0.7739727,0.0012174436,5674169,eclipsing_binary
1795.4399843317037,0.7747576,0.0012147353,5674169,eclipsing_binary
1795.4413732046391,0.7749909,0.0012167118,5674169,eclipsing_binary
1795.44276207711,0.77653587,0.0012146793,5674169,eclipsing_binary
1795.4441509500466,0.7766986,0.0012154208,5674169,eclipsing_binary
1795.4455398225164,0.77960044,0.0012158444,5674169,eclipsing_binary
1795.4469286954527,0.78689724,0.001217444,5674169,eclipsing_binary
1795.4483175679234,0.7949142,0.0012176404,5674169,eclipsing_binary
1795.449706440394,0.8059873,0.0012200486,5674169,eclipsing_binary
1795.4510953133306,0.8196575,0.0012210041,5674169,eclipsing_binary
1795.4524841858006,0.8298915,0.0012318648,5674169,eclipsing_binary
1795.453873058737,0.84348077,0.0012277578,5674169,eclipsing_binary
1795.4552619312076,0.8546731,0.001232602,5674169,eclipsing_binary
1795.4566508036783,0.86878216,0.0012333198,5674169,eclipsing_binary
1795.4580396766146,0.8807441,0.0012329826,5674169,eclipsing_binary
1795.4594285490848,0.89413375,0.0012351213,5674169,eclipsing_binary
1795.4608174220205,0.90711975,0.0012397517,5674169,eclipsing_binary
1795.4622062944914,0.91938716,0.0012373589,5674169,eclipsing_binary
1795.4635951669625,0.9288531,0.0012397437,5674169,eclipsing_binary
1795.4649840398988,0.9426396,0.0012436879,5674169,eclipsing_binary
1795.466372912369,0.9521186,0.001243576,5674169,eclipsing_binary
1795.4677617848388,0.9634801,0.0012449197,5674169,eclipsing_binary
1795.4691506577753,0.97470576,0.0012489106,5674169,eclipsing_binary
1795.4705395302467,0.9837832,0.0012510021,5674169,eclipsing_binary
1795.4719284027174,0.9921947,0.0012516662,5674169,eclipsing_binary
1795.4733172751876,1.0034951,0.0012522188,5674169,eclipsing_binary
1795.474706148123,1.0110056,0.0012565936,5674169,eclipsing_binary
1795.4760950205932,1.019242,0.0012557253,5674169,eclipsing_binary
1795.4774838930643,1.0268589,0.0012588339,5674169,eclipsing_binary
1795.478872765536,1.0321443,0.001256859,5674169,eclipsing_binary
1795.4802616384718,1.0414122,0.0012585032,5674169,eclipsing_binary
1795.4816505109416,1.0462508,0.0012614948,5674169,eclipsing_binary
1795.4830393834118,1.0536408,0.0012600112,5674169,eclipsing_binary
1795.484428255883,1.059618,0.0012618368,5674169,eclipsing_binary
1795.4858171288201,1.0667533,0.001264902,5674169,eclipsing_binary
1795.4872060012901,1.0730214,0.0012661464,5674169,eclipsing_binary
1795.4885948737601,1.0784583,0.0012648678,5674169,eclipsing_binary
1795.4899837462303,1.0860637,0.0012680368,5674169,eclipsing_binary
1795.491372618701,1.0903461,0.001268045,5674169,eclipsing_binary
1795.4927614916378,1.0950634,0.0012660923,5674169,eclipsing_binary
1795.4941503641085,1.098655,0.0012687206,5674169,eclipsing_binary
1795.4955392365787,1.1044276,0.0012697425,5674169,eclipsing_binary
1795.4969281090487,1.1077985,0.0012704856,5674169,eclipsing_binary
1795.4983169815196,1.1119728,0.0012712704,5674169,eclipsing_binary
1795.4997058539907,1.1159916,0.0012730603,5674169,eclipsing_binary
1795.5010947264614,1.1186768,0.0012714723,5674169,eclipsing_binary
1795.5024835989316,1.1221192,0.0012727517,5674169,eclipsing_binary
1795.503872471867,1.1246294,0.0012739341,5674169,eclipsing_binary
1795.5052613443377,1.1251111,0.0012759598,5674169,eclipsing_binary
1795.5066502168086,1.1253619,0.0012721673,5674169,eclipsing_binary
1795.5080390892795,1.1265008,0.0012741731,5674169,eclipsing_binary
1795.5094279617501,1.1285208,0.0012770545,5674169,eclipsing_binary
1795.51081683422,1.1285467,0.0012758266,5674169,eclipsing_binary
1795.5122057066906,1.1287673,0.0012754865,5674169,eclipsing_binary
1795.5135945791612,1.1274986,0.0012736631,5674169,eclipsing_binary
1795.5149834516321,1.1288764,0.0012729379,5674169,eclipsing_binary
1795.516372324103,1.1257647,0.0012745276,5674169,eclipsing_binary
1795.5177611965728,1.1249144,0.0012756268,5674169,eclipsing_binary
1795.5191500690435,1.1230514,0.0012726925,5674169,eclipsing_binary
1795.5205389415141,1.1198959,0.0012737794,5674169,eclipsing_binary
1795.5219278139843,1.1190451,0.0012791166,5674169,eclipsing_binary
1795.523316686455,1.1151552,0.0012749239,5674169,eclipsing_binary
1795.5247055589257,1.1115702,0.0012718461,5674169,eclipsing_binary
1795.5260944313964,1.1085314,0.0012702111,5674169,eclipsing_binary
1795.527483303867,1.1037627,0.0012756775,5674169,eclipsing_binary
1795.5288721763372,1.1016278,0.0012715607,5674169,eclipsing_binary
1795.530261048808,1.0959848,0.0012692964,5674169,eclipsing_binary
1795.5316499212786,1.0892056,0.0012732771,5674169,eclipsing_binary
1795.5330387937493,1.0874774,0.0012672496,5674169,eclipsing_binary
1795.5344276657543,1.0811093,0.0012654305,5674169,eclipsing_binary
1795.5358165382245,1.0746957,0.0012637594,5674169,eclipsing_binary
1795.5372054106942,1.0699704,0.0012654705,5674169,eclipsing_binary
1795.538594283165,1.0650127,0.0012632508,5674169,eclipsing_binary
1795.5399831556365,1.0577697,0.001261557,5674169,eclipsing_binary
1795.5413720281072,1.0528169,0.0012601971,5674169,eclipsing_binary
1795.5427609005772,1.0487226,0.0012631967,5674169,eclipsing_binary
1795.5441497730471,1.0409627,0.0012590557,5674169,eclipsing_binary
1795.5455386450521,1.0354792,0.0012610123,5674169,eclipsing_binary
1795.5469275175237,1.0287871,0.0012560078,5674169,eclipsing_binary
1795.5483163899944,1.0211378,0.0012569346,5674169,eclipsing_binary
1795.5497052624642,1.0142075,0.0012544111,5674169,eclipsing_binary
1795.5510941349344,1.0091679,0.001252547,5674169,eclipsing_binary
1795.5524830069387,0.998341,0.0012561396,5674169,eclipsing_binary
1795.55387187941,0.9937574,0.0012535226,5674169,eclipsing_binary
1795.5552607518816,0.98028064,0.0012493238,5674169,eclipsing_binary
1795.5566496243514,0.972692,0.0012502122,5674169,eclipsing_binary
1795.5580384968216,0.9610322,0.0012452907,5674169,eclipsing_binary
1795.5594273688257,0.9507203,0.0012450353,5674169,eclipsing_binary
1795.5608162412973,0.9407683,0.0012404353,5674169,eclipsing_binary
1795.5622051137689,0.92698574,0.0012395268,5674169,eclipsing_binary
1795.5635939862386,0.91480887,0.0012395509,5674169,eclipsing_binary
1795.5649828582432,0.9008637,0.0012360101,5674169,eclipsing_binary
1795.566371730713,0.88991654,0.0012362867,5674169,eclipsing_binary
1795.5677606031836,0.87582815,0.0012316547,5674169,eclipsing_binary
1795.5691494751895,0.8618922,0.0012303271,5674169,eclipsing_binary
1795.5705383476602,0.8485526,0.0012243227,5674169,eclipsing_binary
1795.5719272201304,0.8352734,0.0012252271,5674169,eclipsing_binary
1795.5733160921345,0.8236227,0.0012242318,5674169,eclipsing_binary
1795.5747049646052,0.8121206,0.0012193712,5674169,eclipsing_binary
1795.5760938370768,0.80357337,0.0012176618,5674169,eclipsing_binary
1795.5774827090818,0.79276943,0.0012155004,5674169,eclipsing_binary
1795.5788715815518,0.78871477,0.0012153519,5674169,eclipsing_binary
1795.5802604540218,0.78541183,0.0012166138,5674169,eclipsing_binary
1795.5816493260268,0.78512996,0.0012175429,5674169,eclipsing_binary
1795.5830381984974,0.7836347,0.0012181967,5674169,eclipsing_binary
1795.5844270705024,0.78419036,0.0012215301,5674169,eclipsing_binary
1795.585815942973,0.7842081,0.0012188881,5674169,eclipsing_binary
1795.5872048154433,0.7826849,0.001216382,5674169,eclipsing_binary
1795.5885936874483,0.7836605,0.0012198956,5674169,eclipsing_binary
1795.589982559919,0.7839192,0.0012152534,5674169,eclipsing_binary
1795.591371431924,0.7841799,0.0012143234,5674169,eclipsing_binary
1795.5927603043947,0.78422093,0.0012166769,5674169,eclipsing_binary
1795.5941491763992,0.7837826,0.0012203496,5674169,eclipsing_binary
1795.59553804887,0.7837181,0.0012170168,5674169,eclipsing_binary
1795.596926920875,0.7830657,0.0012143576,5674169,eclipsing_binary
1795.598315793345,0.78401005,0.0012152856,5674169,eclipsing_binary
1795.5997046653501,0.7849709,0.001215888,5674169,eclipsing_binary
1795.6010935378208,0.78570205,0.0012146352,5674169,eclipsing_binary
1795.6024824098258,0.7860777,0.0012164548,5674169,eclipsing_binary
1795.6038712822965,0.7855726,0.0012158797,5674169,eclipsing_binary
1795.6052601543006,0.78793705,0.0012162749,5674169,eclipsing_binary
1795.6066490267715,0.7944699,0.0012169892,5674169,eclipsing_binary
1795.6080378987767,0.802858,0.0012178574,5674169,eclipsing_binary
1795.6094267712474,0.8128429,0.0012197638,5674169,eclipsing_binary
1795.6108156432524,0.8238809,0.0012223102,5674169,eclipsing_binary
1795.6122045157222,0.83773166,0.00122313,5674169,eclipsing_binary
1795.6135933877267,0.85108167,0.0012305247,5674169,eclipsing_binary
1795.6149822597317,0.86353433,0.0012286477,5674169,eclipsing_binary
1795.616371132203,0.8789502,0.0012343986,5674169,eclipsing_binary
1795.6177600042083,0.89200175,0.0012349094,5674169,eclipsing_binary
1795.619148876678,0.9066191,0.001235562,5674169,eclipsing_binary
1795.6205377486826,0.9176288,0.0012402814,5674169,eclipsing_binary
1795.6219266206876,0.9315377,0.0012419763,5674169,eclipsing_binary
1795.6233154931588,0.94311845,0.0012408402,5674169,eclipsing_binary
1795.624704365164,0.954517,0.0012434528,5674169,eclipsing_binary
1795.6260932371683,0.96846473,0.0012461076,5674169,eclipsing_binary
1795.6274821096385,0.97830296,0.0012507434,5674169,eclipsing_binary
1795.6288709816426,0.9883314,0.0012506464,5674169,eclipsing_binary
1795.6302598536486,0.99656856,0.0012516256,5674169,eclipsing_binary
1795.6316487261197,1.0073427,0.0012529128,5674169,eclipsing_binary
1795.6330375981242,1.0139047,0.0012525896,5674169,eclipsing_binary
1795.6344264701286,1.0227809,0.001256315,5674169,eclipsing_binary
1795.6358153425986,1.031769,0.0012566793,5674169,eclipsing_binary
1795.6372042146045,1.036072,0.001260153,5674169,eclipsing_binary
1795.63859308661,1.0442443,0.0012589368,5674169,eclipsing_binary
1795.6399819586145,1.0507439,0.0012607216,5674169,eclipsing_binary
1795.6413708310843,1.0569347,0.0012625502,5674169,eclipsing_binary
1795.6427597030895,1.0653216,0.0012641818,5674169,eclipsing_binary
1795.6441485750947,1.0688949,0.0012633876,5674169,eclipsing_binary
1795.6455374470997,1.0748538,0.0012638622,5674169,eclipsing_binary
1795.6469263195704,1.08121,0.0012646975,5674169,eclipsing_binary
1795.6483151915745,1.0869142,0.0012685895,5674169,eclipsing_binary
1795.6497040635795,1.0926632,0.0012724245,5674169,eclipsing_binary
1795.6510929355845,1.0993032,0.0012701455,5674169,eclipsing_binary
1795.6524818075898,1.1027856,0.0012684322,5674169,eclipsing_binary
1795.6538706800607,1.1085209,0.0012708043,5674169,eclipsing_binary
1795.6552595520648,1.1155856,0.0012701931,5674169,eclipsing_binary
1795.6566484240698,1.1178882,0.0012764367,5674169,eclipsing_binary
1795.6580372960748,1.1226718,0.0012728849,5674169,eclipsing_binary
1795.6594261680793,1.1259931,0.0012740451,5674169,eclipsing_binary
1795.6608150400843,1.1288203,0.0012789539,5674169,eclipsing_binary
1795.662203912555,1.1323361,0.0012728204,5674169,eclipsing_binary
1795.66359278456,1.1351637,0.0012743014,5674169,eclipsing_binary
1795.664981656565,1.1375793,0.0012768469,5674169,eclipsing_binary
1795.6663705285696,1.1403985,0.0012757793,5674169,eclipsing_binary
1795.6677594005746,1.1424319,0.0012764019,5674169,eclipsing_binary
1795.6691482725796,1.142982,0.0012769405,5674169,eclipsing_binary
1795.6705371445846,1.1446166,0.0012785257,5674169,eclipsing_binary
1795.6719260165896,1.1444331,0.0012781403,5674169,eclipsing_binary
1795.6733148885942,1.1454014,0.0012781104,5674169,eclipsing_binary
1795.6747037605983,1.1428499,0.0012751597,5674169,eclipsing_binary
1795.6760926326033,1.1448357,0.0012750621,5674169,eclipsing_binary
1795.6774815046092,1.1435369,0.001279364,5674169,eclipsing_binary
1795.6788703766142,1.141067,0.0012764246,5674169,eclipsing_binary
1795.6802592486185,1.1405972,0.0012759687,5674169,eclipsing_binary
1795.6816481206229,1.1379355,0.0012772827,5674169,eclipsing_binary
1795.6830369926279,1.1366214,0.0012769601,5674169,eclipsing_binary
1795.6844258646338,1.131895,0.0012775025,5674169,eclipsing_binary
1795.6858147366388,1.129415,0.0012764236,5674169,eclipsing_binary
1795.687203608643,1.1270635,0.0012738039,5674169,eclipsing_binary
1795.6885924806475,1.1196455,0.0012705467,5674169,eclipsing_binary
1795.689981352652,1.1169784,0.0012728432,5674169,eclipsing_binary
1795.6913702246575,1.1119119,0.0012707398,5674169,eclipsing_binary
1795.6927590966634,1.1056178,0.0012707976,5674169,eclipsing_binary
1795.6941479686675,1.1010902,0.0012720298,5674169,eclipsing_binary
1795.695536840672,1.0956677,0.001270119,5674169,eclipsing_binary
1795.6969257126761,1.090117,0.0012708756,5674169,eclipsing_binary
1795.698314584682,1.0840468,0.0012664871,5674169,eclipsing_binary
1795.699703456688,1.0777237,0.0012652642,5674169,eclipsing_binary
1795.701092328692,1.0716108,0.0012666266,5674169,eclipsing_binary
1795.702481200231,1.0640433,0.0012627768,5674169,eclipsing_binary
1795.703870072235,1.0581512,0.0012613036,5674169,eclipsing_binary
1795.70525894424,1.0491247,0.001264044,5674169,eclipsing_binary
1795.706647816246,1.0413824,0.00126261,5674169,eclipsing_binary
1795.708036688251,1.0322907,0.0012600641,5674169,eclipsing_binary
1795.7094255602556,1.024457,0.0012559996,5674169,eclipsing_binary
1795.7108144322597,1.0154343,0.0012549537,5674169,eclipsing_binary
1795.712203303799,1.0049281,0.0012523907,5674169,eclipsing_binary
1795.713592175805,0.996966,0.0012529807,5674169,eclipsing_binary
1795.71498104781,0.9852668,0.0012532916,5674169,eclipsing_binary
1795.7163699198143,0.97616595,0.0012514225,5674169,eclipsing_binary
1795.7177587918186,0.96335673,0.0012470455,5674169,eclipsing_binary
1795.719147663358,0.95296896,0.001243612,5674169,eclipsing_binary
1795.720536535363,0.9405261,0.0012428164,5674169,eclipsing_binary
1795.721925407368,0.92974275,0.001241326,5674169,eclipsing_binary
1795.723314279373,0.915635,0.0012373623,5674169,eclipsing_binary
1795.7247031509119,0.90321577,0.0012355972,5674169,eclipsing_binary
1795.7260920229169,0.8899364,0.0012359505,5674169,eclipsing_binary
1795.7274808949219,0.87700635,0.0012347221,5674169,eclipsing_binary
1795.728869766927,0.8628803,0.0012305663,5674169,eclipsing_binary
1795.7302586384662,0.85019076,0.0012283723,5674169,eclipsing_binary
1795.7316475104708,0.83721054,0.0012245782,5674169,eclipsing_binary
1795.7330363824758,0.82403326,0.0012214737,5674169,eclipsing_binary
1795.7344252540152,0.81106526,0.0012219866,5674169,eclipsing_binary
1795.7358141260197,0.79964304,0.0012169422,5674169,eclipsing_binary
1795.7372029980247,0.7899889,0.0012163777,5674169,eclipsing_binary
1795.738591869564,0.78433,0.0012177172,5674169,eclipsing_binary
1795.739980741569,0.78083795,0.0012170931,5674169,eclipsing_binary
1795.741369613574,0.7779655,0.0012150874,5674169,eclipsing_binary
1795.7427584851125,0.77661574,0.001213355,5674169,eclipsing_binary
1795.7441473571178,0.77454996,0.0012159843,5674169,eclipsing_binary
1795.745536229123,0.7744267,0.0012167649,5674169,eclipsing_binary
1795.7469251006623,0.7732267,0.0012128698,5674169,eclipsing_binary
1795.7483139726673,0.7729327,0.0012137749,5674169,eclipsing_binary
1795.7497028442058,0.7735125,0.0012156446,5674169,eclipsing_binary
1795.7510917162108,0.7723747,0.0012172742,5674169,eclipsing_binary
1795.752480588216,0.77308697,0.0012176232,5674169,eclipsing_binary
1795.7538694597556,0.7717241,0.0012116882,5674169,eclipsing_binary
1795.7552583317606,0.77184814,0.0012151591,5674169,eclipsing_binary
1795.756647203299,0.7739928,0.0012126399,5674169,eclipsing_binary
1795.7580360753036,0.7733993,0.0012144715,5674169,eclipsing_binary
1795.759424946843,0.77497643,0.0012144351,5674169,eclipsing_binary
1795.7608138188484,0.77677363,0.0012170862,5674169,eclipsing_binary
1795.762202690388,0.778238,0.0012158384,5674169,eclipsing_binary
1795.7635915623923,0.7797733,0.0012159611,5674169,eclipsing_binary
1795.7649804339312,0.785966,0.0012183648,5674169,eclipsing_binary
1795.7663693059362,0.7936256,0.001222361,5674169,eclipsing_binary
1795.767758177476,0.8043562,0.0012192784,5674169,eclipsing_binary
1795.769147049481,0.8156981,0.0012221653,5674169,eclipsing_binary
1795.77053592102,0.8285083,0.0012223208,5674169,eclipsing_binary
1795.7719247930245,0.842291,0.0012271955,5674169,eclipsing_binary
1795.773313664563,0.85461843,0.0012300619,5674169,eclipsing_binary
1795.7747025365688,0.866699,0.0012289656,5674169,eclipsing_binary
1795.7760914081086,0.88044596,0.0012328629,5674169,eclipsing_binary
1795.7774802801132,0.89252865,0.0012329669,5674169,eclipsing_binary
1795.7788691516516,0.90551686,0.0012350209,5674169,eclipsing_binary
1795.7802580231905,0.9158354,0.0012385418,5674169,eclipsing_binary
1795.7816468951964,0.92973924,0.0012405403,5674169,eclipsing_binary
1795.7830357667362,0.94194984,0.001242964,5674169,eclipsing_binary
1795.7844246387408,0.95405364,0.001243921,5674169,eclipsing_binary
1795.7858135102792,0.9630834,0.0012472372,5674169,eclipsing_binary
1795.7872023818181,0.9732088,0.0012467615,5674169,eclipsing_binary
1795.7885912538231,0.9835301,0.0012497338,5674169,eclipsing_binary
1795.7899801253632,0.9909742,0.0012562466,5674169,eclipsing_binary
1795.7913689969027,0.99984634,0.0012504389,5674169,eclipsing_binary
1795.7927578689068,1.0081934,0.0012578807,5674169,eclipsing_binary
1795.7941467404457,1.0175408,0.0012546072,5674169,eclipsing_binary
1795.795535611985,1.0248476,0.0012585925,5674169,eclipsing_binary
1795.7969244839906,1.0330626,0.0012566538,5674169,eclipsing_binary
1795.7983133555301,1.0399747,0.001258785,5674169,eclipsing_binary
1795.7997022270688,1.0466883,0.0012595512,5674169,eclipsing_binary
1795.8010910986077,1.0539249,0.001260585,5674169,eclipsing_binary
1795.8024799706127,1.0593636,0.0012617209,5674169,eclipsing_binary
1795.803868842152,1.0661227,0.0012642996,5674169,eclipsing_binary
1795.8052577136914,1.0716466,0.0012671892,5674169,eclipsing_binary
1795.8066465852307,1.0779494,0.0012643958,5674169,eclipsing_binary
1795.808035457235,1.0839884,0.0012664757,5674169,eclipsing_binary
1795.8094243287746,1.0889236,0.0012692342,5674169,eclipsing_binary
1795.810813200314,1.0940162,0.0012676957,5674169,eclipsing_binary
1795.8122020718533,1.0982006,0.0012681183,5674169,eclipsing_binary
1795.8135909438583,1.1031785,0.0012705933,5674169,eclipsing_binary
1795.8149798153968,1.1068935,0.0012695914,5674169,eclipsing_binary
1795.8163686869364,1.1108192,0.0012723323,5674169,eclipsing_binary
1795.817757558476,1.1141928,0.0012717986,5674169,eclipsing_binary
1795.8191464300144,1.1169773,0.0012708101,5674169,eclipsing_binary
1795.8205353020194,1.1191188,0.0012767887,5674169,eclipsing_binary
1795.8219241735587,1.1230559,0.0012722632,5674169,eclipsing_binary
1795.823313045098,1.1239176,0.001282911,5674169,eclipsing_binary
1795.8247019166374,1.1252455,0.0012729162,5674169,eclipsing_binary
1795.8260907881763,1.1276459,0.0012784911,5674169,eclipsing_binary
1795.8274796597157,1.1273097,0.0012736797,5674169,eclipsing_binary
1795.828868531255,1.1286622,0.0012730451,5674169,eclipsing_binary
1795.8302574027944,1.1291364,0.0012739571,5674169,eclipsing_binary
1795.8316462747994,1.1280757,0.0012785811,5674169,eclipsing_binary
1795.8330351463383,1.1265252,0.0012738523,5674169,eclipsing_binary
1795.8344240178767,1.1264356,0.0012752619,5674169,eclipsing_binary
1795.8358128894163,1.1251076,0.0012728522,5674169,eclipsing_binary
1795.8372017609563,1.1216255,0.001273236,5674169,eclipsing_binary
1795.8385906324957,1.1199293,0.0012728614,5674169,eclipsing_binary
1795.8399795040345,1.1186353,0.0012734272,5674169,eclipsing_binary
1795.841368375573,1.1155971,0.0012697522,5674169,eclipsing_binary
1795.8427572471123,1.1113359,0.0012725064,5674169,eclipsing_binary
1795.8441461186526,1.1060845,0.0012704497,5674169,eclipsing_binary
1795.845534990192,1.105244,0.0012701076,5674169,eclipsing_binary
1795.8469238617308,1.1014555,0.0012703668,5674169,eclipsing_binary
1795.8483127332693,1.0966702,0.0012701027,5674169,eclipsing_binary
1795.8497016048086,1.0914359,0.0012690282,5674169,eclipsing_binary
1795.8510904763489,1.0860481,0.0012679473,5674169,eclipsing_binary
1795.8524793478882,1.082496,0.0012662187,5674169,eclipsing_binary
1795.853868219427,1.0759362,0.001264468,5674169,eclipsing_binary
1795.8552570909656,1.0706884,0.0012669469,5674169,eclipsing_binary
1795.8566459625044,1.065894,0.0012631082,5674169,eclipsing_binary
1795.8580348340442,1.0578363,0.0012641418,5674169,eclipsing_binary
1795.8594237055845,1.0528399,0.0012653382,5674169,eclipsing_binary
1795.860812577123,1.0479978,0.0012614813,5674169,eclipsing_binary
1795.8622014486618,1.0408871,0.0012607415,5674169,eclipsing_binary
1795.863590319735,1.034004,0.0012608442,5674169,eclipsing_binary
1795.8649791912749,1.0299174,0.001259237,5674169,eclipsing_binary
1795.8663680628151,1.0212065,0.0012551169,5674169,eclipsing_binary
1795.8677569343536,1.0138739,0.0012536836,5674169,eclipsing_binary
1795.8691458058925,1.0097467,0.0012555326,5674169,eclipsing_binary
1795.870534677431,1.0000033,0.0012521272,5674169,eclipsing_binary
1795.8719235489705,0.9916871,0.0012494077,5674169,eclipsing_binary
1795.8733124205105,0.98207784,0.0012491795,5674169,eclipsing_binary
1795.8747012915842,0.97186077,0.001250329,5674169,eclipsing_binary
1795.876090163123,0.9613973,0.0012508135,5674169,eclipsing_binary
1795.8774790346615,0.9511832,0.0012453694,5674169,eclipsing_binary
1795.8788679062009,0.93958455,0.0012467826,5674169,eclipsing_binary
1795.8802567777411,0.9280389,0.0012417859,5674169,eclipsing_binary
1795.8816456488148,0.91348106,0.001237767,5674169,eclipsing_binary
1795.8830345203537,0.90347415,0.0012367474,5674169,eclipsing_binary
1795.8844233918921,0.8907636,0.0012337102,5674169,eclipsing_binary
1795.8858122634315,0.87680036,0.0012290305,5674169,eclipsing_binary
1795.8872011349708,0.86258507,0.001233588,5674169,eclipsing_binary
1795.8885900060445,0.8478606,0.0012268575,5674169,eclipsing_binary
1795.889978877584,0.8365359,0.0012259029,5674169,eclipsing_binary
1795.8913677491228,0.8234356,0.001222688,5674169,eclipsing_binary
1795.892756620662,0.8130161,0.0012187379,5674169,eclipsing_binary
1795.8941454917358,0.80273455,0.0012201288,5674169,eclipsing_binary
1795.8955343632751,0.79438394,0.0012195046,5674169,eclipsing_binary
1795.8969232348145,0.7866682,0.0012190255,5674169,eclipsing_binary
1795.8983121058877,0.7838368,0.0012154788,5674169,eclipsing_binary
1795.899700977427,0.7846367,0.00121499,5674169,eclipsing_binary
1795.9010898489664,0.78469944,0.0012153435,5674169,eclipsing_binary
1795.9024787200397,0.7846122,0.0012134187,5674169,eclipsing_binary
1795.903867591579,0.7842588,0.0012154403,5674169,eclipsing_binary
1795.9052564631183,0.78387207,0.0012152044,5674169,eclipsing_binary
1795.906645334192,0.78407377,0.0012148793,5674169,eclipsing_binary
1795.9080342057314,0.7834971,0.0012143269,5674169,eclipsing_binary
1795.9094230772703,0.78239137,0.001214051,5674169,eclipsing_binary
1795.910811948344,0.7848872,0.0012169314,5674169,eclipsing_binary
1795.9122008198833,0.78337723,0.0012161295,5674169,eclipsing_binary
1795.913589690957,0.78393555,0.0012158202,5674169,eclipsing_binary
1795.9149785624963,0.7838194,0.0012218704,5674169,eclipsing_binary
1795.9163674340348,0.784132,0.001216329,5674169,eclipsing_binary
1795.9177563051087,0.7842275,0.0012145546,5674169,eclipsing_binary
1795.9191451766483,0.78533,0.0012152186,5674169,eclipsing_binary
1795.920534047722,0.78555834,0.0012212836,5674169,eclipsing_binary
1795.9219229192613,0.78415984,0.0012170378,5674169,eclipsing_binary
1795.923311790334,0.78712606,0.0012154335,5674169,eclipsing_binary
1795.924700661873,0.79303396,0.0012173961,5674169,eclipsing_binary
1795.9260895334123,0.8013946,0.0012176303,5674169,eclipsing_binary
1795.927478404487,0.8111516,0.0012232681,5674169,eclipsing_binary
1795.9288672760263,0.82336617,0.0012224009,5674169,eclipsing_binary
1795.930256147099,0.83689004,0.0012242616,5674169,eclipsing_binary
1795.931645018638,0.8489202,0.0012295011,5674169,eclipsing_binary
1795.9330338897116,0.8618054,0.0012285082,5674169,eclipsing_binary
1795.9344227612517,0.8764635,0.00123072,5674169,eclipsing_binary
1795.9358116323256,0.8897586,0.0012370044,5674169,eclipsing_binary
1795.9372005033983,0.9046277,0.0012350986,5674169,eclipsing_binary
1795.9385893749372,0.9177923,0.0012374467,5674169,eclipsing_binary
1795.93997824601,0.9300818,0.0012431012,5674169,eclipsing_binary
1795.9413671175503,0.9416693,0.0012421742,5674169,eclipsing_binary
1795.9427559886244,0.95588326,0.0012445902,5674169,eclipsing_binary
1795.9441448601633,0.96638757,0.0012478783,5674169,eclipsing_binary
1795.9455337312365,0.9771593,0.0012479263,5674169,eclipsing_binary
1795.9469226023093,0.9875655,0.0012500174,5674169,eclipsing_binary
1795.9483114738496,0.9971892,0.0012511518,5674169,eclipsing_binary
1795.9497003449237,1.0058973,0.0012552749,5674169,eclipsing_binary
1795.9510892164626,1.0144479,0.001256915,5674169,eclipsing_binary
1795.9524780875354,1.0222934,0.0012553497,5674169,eclipsing_binary
1795.9538669586093,1.029337,0.0012562386,5674169,eclipsing_binary
1795.9552558301489,1.0366651,0.0012578362,5674169,eclipsing_binary
1795.9566447012226,1.0418015,0.0012679809,5674169,eclipsing_binary
1795.9580335722962,1.0494475,0.0012624518,5674169,eclipsing_binary
1795.9594224438347,1.0566597,0.001262295,5674169,eclipsing_binary
1795.9608113149084,1.0638545,0.0012648905,5674169,eclipsing_binary
1795.962200185982,1.068948,0.0012645001,5674169,eclipsing_binary
1795.9635890575216,1.075282,0.0012654398,5674169,eclipsing_binary
1795.9649779285955,1.0810155,0.0012669076,5674169,eclipsing_binary
1795.9663667996683,1.0873739,0.0012728274,5674169,eclipsing_binary
1795.967755670742,1.0920017,0.0012671839,5674169,eclipsing_binary
1795.9691445422814,1.0974535,0.0012723595,5674169,eclipsing_binary
1795.9705334133546,1.1025074,0.0012674683,5674169,eclipsing_binary
1795.9719222844283,1.1077032,0.0012762246,5674169,eclipsing_binary
1795.973311155502,1.1126812,0.0012734527,5674169,eclipsing_binary
1795.9747000270413,1.1162424,0.0012709876,5674169,eclipsing_binary
1795.976088898115,1.1214578,0.0012755189,5674169,eclipsing_binary
1795.9774777691882,1.1241564,0.0012727898,5674169,eclipsing_binary
1795.978866640262,1.1295245,0.0012765743,5674169,eclipsing_binary
1795.9802555118013,1.1299291,0.0012736638,5674169,eclipsing_binary
1795.981644382875,1.1341317,0.0012745087,5674169,eclipsing_binary
1795.9830332539486,1.1373011,0.0012766663,5674169,eclipsing_binary
1795.9844221250219,1.138897,0.0012766975,5674169,eclipsing_binary
1795.9858109960956,1.1412176,0.0012759108,5674169,eclipsing_binary
1795.9871998671692,1.1431983,0.0012779805,5674169,eclipsing_binary
1795.9885887387086,1.1431581,0.0012767062,5674169,eclipsing_binary
1795.9899776097823,1.1431695,0.0012753686,5674169,eclipsing_binary
1795.9913664808555,1.1460204,0.001275097,5674169,eclipsing_binary
1795.9927553519283,1.1436979,0.0012752643,5674169,eclipsing_binary
1795.994144223002,1.1425077,0.0012773057,5674169,eclipsing_binary
1795.9955330940766,1.1428477,0.0012773768,5674169,eclipsing_binary
1795.9969219651502,1.1407713,0.001277364,5674169,eclipsing_binary
1795.998310836223,1.1401243,0.0012777388,5674169,eclipsing_binary
1795.999699707762,1.1391575,0.0012756019,5674169,eclipsing_binary
1796.0010885788356,1.1342176,0.0012755699,5674169,eclipsing_binary
1796.0024774499102,1.1318129,0.0012742489,5674169,eclipsing_binary
1796.003866320984,1.1298816,0.0012761914,5674169,eclipsing_binary
1796.0052551920567,1.1251731,0.0012723975,5674169,eclipsing_binary
1796.00664406313,1.1213592,0.001273842,5674169,eclipsing_binary
1796.0080329342027,1.1176692,0.0012771401,5674169,eclipsing_binary
1796.0094218052773,1.1129328,0.0012749799,5674169,eclipsing_binary
1796.0108106763519,1.10712,0.0012733575,5674169,eclipsing_binary
1796.0121995474246,1.1007476,0.0012708681,5674169,eclipsing_binary
1796.0135884184979,1.0977132,0.0012769834,5674169,eclipsing_binary
1796.0149772895707,1.0919772,0.0012714237,5674169,eclipsing_binary
1796.0163661606452,1.0844495,0.0012665722,5674169,eclipsing_binary
1796.0177550317198,1.0780154,0.0012652447,5674169,eclipsing_binary
1796.0191439027926,1.0713717,0.0012657887,5674169,eclipsing_binary
1796.0205327738659,1.0646067,0.0012637838,5674169,eclipsing_binary
1796.0219216449386,1.0571926,0.0012617521,5674169,eclipsing_binary
1796.0233105160123,1.0495534,0.0012608493,5674169,eclipsing_binary
1796.024699387087,1.0421269,0.001260265,5674169,eclipsing_binary
1796.0260882581606,1.0349398,0.0012581641,5674169,eclipsing_binary
1796.0274771292338,1.0251937,0.001257715,5674169,eclipsing_binary
1796.028865999841,1.0182217,0.0012588328,5674169,eclipsing_binary
1796.0302548709146,1.0075998,0.00125307,5674169,eclipsing_binary
1796.0316437419892,0.9985618,0.0012520697,5674169,eclipsing_binary
1796.033032613063,0.9885279,0.0012520131,5674169,eclipsing_binary
1796.0344214841357,0.9774152,0.001248752,5674169,eclipsing_binary
1796.035810355209,0.96532196,0.0012483761,5674169,eclipsing_binary
1796.0371992262826,0.95423543,0.0012445035,5674169,eclipsing_binary
1796.0385880973572,0.94307756,0.0012466428,5674169,eclipsing_binary
1796.0399769679652,0.9301428,0.0012411827,5674169,eclipsing_binary
1796.041365839038,0.9168621,0.001240146,5674169,eclipsing_binary
1796.0427547101112,0.90590364,0.0012363018,5674169,eclipsing_binary
1796.044143581185,0.8925562,0.0012349256,5674169,eclipsing_binary
1796.0455324522586,0.8803902,0.0012333711,5674169,eclipsing_binary
1796.0469213233323,0.86568236,0.0012322698,5674169,eclipsing_binary
1796.0483101939403,0.8514675,0.0012277776,5674169,eclipsing_binary
1796.0496990650136,0.8382118,0.0012289373,5674169,eclipsing_binary
1796.0510879360872,0.8258937,0.0012286241,5674169,eclipsing_binary
1796.052476807161,0.8138565,0.0012187486,5674169,eclipsing_binary
1796.053865677769,0.80143756,0.0012172827,5674169,eclipsing_binary
1796.0552545488426,0.7922449,0.0012172102,5674169,eclipsing_binary
1796.0566434199159,0.78437686,0.0012162832,5674169,eclipsing_binary
1796.0580322909896,0.7812797,0.0012157978,5674169,eclipsing_binary
1796.0594211615976,0.7789322,0.0012191592,5674169,eclipsing_binary
1796.0608100326704,0.7775313,0.0012132582,5674169,eclipsing_binary
1796.062198903744,0.77752066,0.0012131905,5674169,eclipsing_binary
1796.063587774818,0.77498937,0.0012146721,5674169,eclipsing_binary
1796.0649766454262,0.7753019,0.0012166076,5674169,eclipsing_binary
1796.0663655165,0.7730112,0.0012150706,5674169,eclipsing_binary
1796.0677543875727,0.7721489,0.0012126085,5674169,eclipsing_binary
1796.0691432581807,0.7735683,0.0012121102,5674169,eclipsing_binary
1796.0705321292544,0.77248937,0.0012148682,5674169,eclipsing_binary
1796.0719210003283,0.7725419,0.0012146347,5674169,eclipsing_binary
1796.0733098709366,0.771309,0.0012202814,5674169,eclipsing_binary
1796.0746987420093,0.77315354,0.0012146023,5674169,eclipsing_binary
1796.076087612617,0.77353275,0.0012142464,5674169,eclipsing_binary
1796.0774764836906,0.7745711,0.0012155459,5674169,eclipsing_binary
1796.0788653547647,0.77489924,0.0012167591,5674169,eclipsing_binary
1796.0802542253728,0.7767047,0.0012211767,5674169,eclipsing_binary
1796.081643096446,0.7783995,0.0012162753,5674169,eclipsing_binary
1796.0830319670536,0.78433096,0.001217014,5674169,eclipsing_binary
1796.0844208381272,0.79391885,0.0012161415,5674169,eclipsing_binary
1796.0858097092014,0.803437,0.0012178328,5674169,eclipsing_binary
1796.0871985798094,0.81400466,0.0012242266,5674169,eclipsing_binary
1796.0885874508826,0.82702196,0.0012223561,5674169,eclipsing_binary
1796.0899763214898,0.8411388,0.0012251057,5674169,eclipsing_binary
1796.0913651925637,0.85213536,0.0012272854,5674169,eclipsing_binary
1796.0927540631724,0.8661815,0.0012283823,5674169,eclipsing_binary
1796.094142934246,0.87751836,0.0012314336,5674169,eclipsing_binary
1796.0955318048536,0.8908852,0.0012345343,5674169,eclipsing_binary
1796.0969206759264,0.9048248,0.0012360581,5674169,eclipsing_binary
1796.098309546534,0.9157326,0.0012382619,5674169,eclipsing_binary
1796.0996984176084,0.92602015,0.00123968,5674169,eclipsing_binary
1796.101087288217,0.9397653,0.0012519363,5674169,eclipsing_binary
1796.1024761592903,0.9497994,0.0012452563,5674169,eclipsing_binary
1796.1038650298974,0.96220446,0.0012455533,5674169,eclipsing_binary
1796.1052539009706,0.9717303,0.0012475074,5674169,eclipsing_binary
1796.1066427715791,0.9814161,0.0012490775,5674169,eclipsing_binary
1796.1080316426537,0.99066526,0.0012505391,5674169,eclipsing_binary
1796.1094205132613,0.999227,0.0012520534,5674169,eclipsing_binary
1796.1108093838684,1.009028,0.0012529978,5674169,eclipsing_binary
1796.1121982549416,1.0155009,0.0012581241,5674169,eclipsing_binary
1796.1135871255497,1.0234059,0.0012556065,5674169,eclipsing_binary
1796.1149759966238,1.0324482,0.0012573992,5674169,eclipsing_binary
1796.1163648672318,1.0388957,0.0012631555,5674169,eclipsing_binary
1796.1177537378394,1.0475066,0.0012672989,5674169,eclipsing_binary
1796.1191426089126,1.0528034,0.0012612989,5674169,eclipsing_binary
1796.1205314795207,1.0589677,0.0012653694,5674169,eclipsing_binary
1796.1219203505948,1.064861,0.0012660165,5674169,eclipsing_binary
1796.1233092212028,1.0692832,0.001263563,5674169,eclipsing_binary
1796.1246980918104,1.0770789,0.001268341,5674169,eclipsing_binary
1796.1260869628832,1.0825393,0.0012649316,5674169,eclipsing_binary
1796.1274758334914,1.0871278,0.0012683794,5674169,eclipsing_binary
1796.1288647041001,1.0938331,0.0012691985,5674169,eclipsing_binary
1796.1302535751738,1.0985571,0.0012747176,5674169,eclipsing_binary
1796.1316424457814,1.1029391,0.0012729529,5674169,eclipsing_binary
1796.1330313163885,1.1057456,0.0012684155,5674169,eclipsing_binary
1796.1344201869965,1.1103525,0.0012709418,5674169,eclipsing_binary
1796.1358090580704,1.1137289,0.0012743399,5674169,eclipsing_binary
1796.1371979286787,1.1159793,0.0012708118,5674169,eclipsing_binary
1796.1385867992867,1.1184821,0.0012730306,5674169,eclipsing_binary
1796.1399756698938,1.1223094,0.0012705257,5674169,eclipsing_binary
1796.1413645409675,1.123581,0.0012760259,5674169,eclipsing_binary
1796.1427534115755,1.1253692,0.0012733669,5674169,eclipsing_binary
1796.1441422821836,1.1264561,0.0012756953,5674169,eclipsing_binary
1796.1455311527918,1.1282836,0.0012774814,5674169,eclipsing_binary
1796.1469200238648,1.128414,0.0012721366,5674169,eclipsing_binary
1796.1483088944728,1.1275048,0.0012732178,5674169,eclipsing_binary
1796.1496977650809,1.1271029,0.0012732742,5674169,eclipsing_binary
1796.1510866356884,1.1272752,0.0012735752,5674169,eclipsing_binary
1796.1524755062965,1.1256225,0.0012783705,5674169,eclipsing_binary
1796.1538643769045,1.1258438,0.0012735295,5674169,eclipsing_binary
1796.1552532479782,1.1221255,0.0012750681,5674169,eclipsing_binary
1796.1566421185862,1.1208819,0.0012736293,5674169,eclipsing_binary
1796.1580309891938,1.1176465,0.0012740779,5674169,eclipsing_binary
1796.1594198598018,1.1145278,0.0012739069,5674169,eclipsing_binary
1796.1608087304098,1.1126153,0.0012731408,5674169,eclipsing_binary
1796.1621976010179,1.1072279,0.001273017,5674169,eclipsing_binary
1796.1635864716259,1.1051754,0.0012694914,5674169,eclipsing_binary
1796.1649753422334,1.1012144,0.0012695747,5674169,eclipsing_binary
1796.1663642133062,1.0980109,0.0012702969,5674169,eclipsing_binary
1796.1677530839142,1.0912927,0.0012714382,5674169,eclipsing_binary
1796.1691419545232,1.0865122,0.0012655322,5674169,eclipsing_binary
1796.1705308251312,1.0818479,0.0012665396,5674169,eclipsing_binary
1796.1719196957383,1.0761968,0.0012675257,5674169,eclipsing_binary
1796.173308566346,1.0695722,0.0012644688,5674169,eclipsing_binary
1796.174697436954,1.0658269,0.0012690024,5674169,eclipsing_binary
1796.1760863075629,1.0598633,0.0012617887,5674169,eclipsing_binary
1796.1774751781709,1.052602,0.0012624231,5674169,eclipsing_binary
1796.178864048778,1.0471444,0.0012607275,5674169,eclipsing_binary
1796.1802529193856,1.0409268,0.0012602045,5674169,eclipsing_binary
1796.1816417899936,1.0355611,0.0012601833,5674169,eclipsing_binary
1796.1830306606025,1.0274048,0.0012567505,5674169,eclipsing_binary
1796.1844195312106,1.0226623,0.0012595466,5674169,eclipsing_binary
1796.1858084018177,1.0151129,0.0012558535,5674169,eclipsing_binary
1796.1871972724252,1.0082636,0.0012524445,5674169,eclipsing_binary
1796.1885861430324,1.001417,0.0012524098,5674169,eclipsing_binary
1796.1899750136413,0.9923423,0.001251272,5674169,eclipsing_binary
1796.1913638842502,0.98141766,0.0012521219,5674169,eclipsing_binary
1796.1927527548573,0.9734923,0.0012523107,5674169,eclipsing_binary
1796.194141625465,0.9625272,0.0012461006,5674169,eclipsing_binary
1796.195530496072,0.95131105,0.0012427693,5674169,eclipsing_binary
1796.1969193662153,0.94155145,0.0012442287,5674169,eclipsing_binary
1796.1983082368238,0.928295,0.0012428731,5674169,eclipsing_binary
1796.1996971074313,0.9149309,0.0012395121,5674169,eclipsing_binary
1796.201085978039,0.90333056,0.0012346597,5674169,eclipsing_binary
1796.202474848646,0.890775,0.0012367786,5674169,eclipsing_binary
1796.203863719254,0.876779,0.0012323176,5674169,eclipsing_binary
1796.205252589863,0.8628593,0.001233398,5674169,eclipsing_binary
1796.206641460471,0.8511769,0.0012283486,5674169,eclipsing_binary
1796.2080303306125,0.83751225,0.0012252978,5674169,eclipsing_binary
1796.20941920122,0.82608813,0.0012238389,5674169,eclipsing_binary
1796.210808071828,0.8144183,0.0012271755,5674169,eclipsing_binary
1796.212196942437,0.8024635,0.0012184534,5674169,eclipsing_binary
1796.213585813045,0.7936219,0.0012210096,5674169,eclipsing_binary
1796.2149746836521,0.7867992,0.0012155765,5674169,eclipsing_binary
1796.216363553794,0.7837771,0.001216245,5674169,eclipsing_binary
1796.217752424402,0.7834891,0.0012161694,5674169,eclipsing_binary
1796.219141295011,0.7838308,0.0012143843,5674169,eclipsing_binary
1796.220530165619,0.7848838,0.0012153144,5674169,eclipsing_binary
1796.2219190357605,0.78404135,0.0012152148,5674169,eclipsing_binary
1796.223307906368,0.7828015,0.0012164597,5674169,eclipsing_binary
1796.224696776976,0.78290474,0.0012156913,5674169,eclipsing_binary
1796.2260856475841,0.78163016,0.0012164876,5674169,eclipsing_binary
1796.2274745177265,0.7824302,0.0012166117,5674169,eclipsing_binary
1796.2288633883345,0.78422505,0.0012182965,5674169,eclipsing_binary
1796.230252258942,0.7825712,0.0012181674,5674169,eclipsing_binary
1796.23164112955,0.78309476,0.001215768,5674169,eclipsing_binary
1796.2330299996925,0.7830832,0.0012197548,5674169,eclipsing_binary
1796.2344188703005,0.7832439,0.0012132903,5674169,eclipsing_binary
1796.2358077409085,0.7834691,0.0012151913,5674169,eclipsing_binary
1796.2371966110502,0.7835479,0.001215903,5674169,eclipsing_binary
1796.2385854816584,0.7846311,0.0012156395,5674169,eclipsing_binary
1796.2399743522665,0.7854765,0.0012174872,5674169,eclipsing_binary
1796.241363222408,0.7866719,0.0012180894,5674169,eclipsing_binary
1796.242752093016,0.7910601,0.0012163318,5674169,eclipsing_binary
1796.2441409631583,0.79905975,0.0012239827,5674169,eclipsing_binary
1796.2455298337666,0.81051123,0.0012197898,5674169,eclipsing_binary
1796.2469187043748,0.82207996,0.0012214759,5674169,eclipsing_binary
1796.2483075745163,0.8342476,0.0012228213,5674169,eclipsing_binary
1796.2496964451243,0.84787,0.0012263013,5674169,eclipsing_binary
1796.2510853152667,0.86085343,0.001229105,5674169,eclipsing_binary
1796.2524741858747,0.87461317,0.0012315797,5674169,eclipsing_binary
1796.2538630564827,0.8897326,0.0012331593,5674169,eclipsing_binary
1796.2552519266246,0.9006971,0.0012360008,5674169,eclipsing_binary
1796.2566407972326,0.91545457,0.0012374239,5674169,eclipsing_binary
1796.258029667375,0.9268832,0.0012423004,5674169,eclipsing_binary
1796.259418537983,0.9402069,0.0012428786,5674169,eclipsing_binary
1796.2608074081254,0.9523288,0.0012441821,5674169,eclipsing_binary
1796.262196278733,0.9646188,0.0012505453,5674169,eclipsing_binary
1796.2635851488744,0.97627705,0.0012493207,5674169,eclipsing_binary
1796.2649740194834,0.9868742,0.0012548261,5674169,eclipsing_binary
1796.2663628896266,0.9950127,0.0012517198,5674169,eclipsing_binary
1796.2677517602338,1.0035902,0.0012509777,5674169,eclipsing_binary
1796.2691406303757,1.0131363,0.001256158,5674169,eclipsing_binary
1796.2705295009828,1.0203977,0.0012555582,5674169,eclipsing_binary
1796.271918371126,1.0272936,0.001256671,5674169,eclipsing_binary
1796.273307241735,1.0358858,0.0012613942,5674169,eclipsing_binary
1796.2746961118764,1.0421026,0.0012583364,5674169,eclipsing_binary
1796.276084982484,1.0475473,0.0012634393,5674169,eclipsing_binary
1796.2774738526255,1.0542706,0.0012604351,5674169,eclipsing_binary
1796.2788627227678,1.0612062,0.001263856,5674169,eclipsing_binary
1796.2802515933768,1.0681326,0.0012685544,5674169,eclipsing_binary
1796.2816404635191,1.0723709,0.0012648837,5674169,eclipsing_binary
1796.2830293341267,1.0784461,0.0012644547,5674169,eclipsing_binary
1796.2844182042681,1.0844704,0.0012655188,5674169,eclipsing_binary
1796.2858070744105,1.0899082,0.0012685407,5674169,eclipsing_binary
1796.2871959450194,1.0964837,0.0012700224,5674169,eclipsing_binary
1796.2885848151618,1.1014742,0.0012683921,5674169,eclipsing_binary
1796.289973685769,1.1060646,0.0012688113,5674169,eclipsing_binary
1796.2913625559108,1.1099678,0.0012692364,5674169,eclipsing_binary
1796.2927514260532,1.1168808,0.0012730208,5674169,eclipsing_binary
1796.2941402966621,1.1207784,0.00127489,5674169,eclipsing_binary
1796.2955291668045,1.1226829,0.0012749116,5674169,eclipsing_binary
1796.296918036946,1.1272397,0.0012727691,5674169,eclipsing_binary
1796.2983069075535,1.129377,0.0012735114,5674169,eclipsing_binary
1796.299695777696,1.1341645,0.0012742841,5674169,eclipsing_binary
1796.3010846478383,1.1362963,0.0012746792,5674169,eclipsing_binary
1796.3024735179806,1.1382904,0.00127354,5674169,eclipsing_binary
1796.3038623885886,1.1408759,0.001275712,5674169,eclipsing_binary
1796.3052512587306,1.1402047,0.0012744986,5674169,eclipsing_binary
1796.306640128873,1.1420615,0.0012766094,5674169,eclipsing_binary
1796.3080289990153,1.142062,0.0012748445,5674169,eclipsing_binary
1796.3094178696233,1.1430421,0.0012764712,5674169,eclipsing_binary
1796.3108067397657,1.1449372,0.0012778235,5674169,eclipsing_binary
1796.3121956099076,1.143247,0.0012751729,5674169,eclipsing_binary
1796.31358448005,1.1425625,0.0012757139,5674169,eclipsing_binary
1796.314973350658,1.1409796,0.0012756,5674169,eclipsing_binary
1796.3163622208003,1.1394712,0.0012752085,5674169,eclipsing_binary
1796.3177510909427,1.1377962,0.0012768918,5674169,eclipsing_binary
1796.3191399610844,1.1350851,0.0012750721,5674169,eclipsing_binary
1796.320528831227,1.131766,0.001274057,5674169,eclipsing_binary
1796.321917701835,1.1288867,0.0012772313,5674169,eclipsing_binary
1796.3233065719764,1.124996,0.0012728941,5674169,eclipsing_binary
1796.3246954421188,1.1219653,0.0012719422,5674169,eclipsing_binary
1796.3260843122612,1.1166149,0.0012736121,5674169,eclipsing_binary
1796.3274731824038,1.1108485,0.0012713936,5674169,eclipsing_binary
1796.3288620525464,1.1065377,0.0012726606,5674169,eclipsing_binary
1796.3302509226878,1.1016327,0.001270694,5674169,eclipsing_binary
1796.3316397928302,1.0960612,0.0012715838,5674169,eclipsing_binary
1796.3330286634382,1.0905132,0.0012698612,5674169,eclipsing_binary
1796.3344175335806,1.0850892,0.0012668477,5674169,eclipsing_binary
1796.335806403723,1.0794619,0.0012661868,5674169,eclipsing_binary
1796.3371952738648,1.0716994,0.0012672939,5674169,eclipsing_binary
1796.3385841440067,1.0642836,0.0012644534,5674169,eclipsing_binary
1796.339973014149,1.0583346,0.0012621832,5674169,eclipsing_binary
1796.341361884292,1.0502684,0.0012613448,5674169,eclipsing_binary
1796.3427507544343,1.0428702,0.0012645264,5674169,eclipsing_binary
1796.3441396245762,1.0342075,0.0012567445,5674169,eclipsing_binary
1796.3455284947177,1.025985,0.0012582176,5674169,eclipsing_binary
1796.3469173648602,1.0178782,0.0012562453,5674169,eclipsing_binary
1796.3483062350033,1.0088537,0.0012554696,5674169,eclipsing_binary
1796.3496951051457,0.9964381,0.001253906,5674169,eclipsing_binary
1796.3510839752876,0.98872644,0.0012495592,5674169,eclipsing_binary
1796.352472845429,0.9780018,0.0012466849,5674169,eclipsing_binary
1796.3538617155714,0.96616256,0.0012460749,5674169,eclipsing_binary
1796.3552505857147,0.9550793,0.0012451818,5674169,eclipsing_binary
1796.356639455857,0.94273764,0.0012434098,5674169,eclipsing_binary
1796.358028325999,0.9311119,0.0012414253,5674169,eclipsing_binary
1796.3594171961404,0.91738373,0.0012382618,5674169,eclipsing_binary
1796.3608060662823,0.90599644,0.0012380014,5674169,eclipsing_binary
1796.362194936425,0.8937402,0.0012375939,5674169,eclipsing_binary
1796.3635838065684,0.8802257,0.0012306462,5674169,eclipsing_binary
1796.3649726767103,0.8672347,0.0012302509,5674169,eclipsing_binary
1796.3663615468517,0.8536001,0.001227973,5674169,eclipsing_binary
1796.367750416528,0.8412673,0.0012254452,5674169,eclipsing_binary
1796.3691392866708,0.82654744,0.0012218836,5674169,eclipsing_binary
1796.370528156814,0.8131886,0.0012217007,5674169,eclipsing_binary
1796.3719170269555,0.80252576,0.0012182632,5674169,eclipsing_binary
1796.3733058970975,0.7922364,0.0012195017,5674169,eclipsing_binary
1796.3746947672394,0.7853863,0.001216698,5674169,eclipsing_binary
1796.3760836373817,0.78173757,0.001215148,5674169,eclipsing_binary
1796.3774725075245,0.7804641,0.0012178718,5674169,eclipsing_binary
1796.3788613772012,0.77704287,0.0012175482,5674169,eclipsing_binary
1796.3802502473432,0.7760967,0.0012136685,5674169,eclipsing_binary
1796.3816391174846,0.77416974,0.0012148916,5674169,eclipsing_binary
1796.3830279876272,0.7744306,0.0012142666,5674169,eclipsing_binary
1796.3844168577702,0.77311283,0.0012175263,5674169,eclipsing_binary
1796.385805727447,0.7742789,0.0012177933,5674169,eclipsing_binary
1796.3871945975889,0.7723132,0.0012149579,5674169,eclipsing_binary
1796.3885834677303,0.7713027,0.0012165938,5674169,eclipsing_binary
1796.3899723378727,0.7730628,0.0012138649,5674169,eclipsing_binary
1796.3913612075503,0.7734368,0.00121374,5674169,eclipsing_binary
1796.3927500776927,0.7728987,0.0012171305,5674169,eclipsing_binary
1796.3941389478346,0.77456063,0.0012132378,5674169,eclipsing_binary
1796.395527817976,0.7757171,0.0012165671,5674169,eclipsing_binary
1796.3969166876527,0.77452403,0.0012160963,5674169,eclipsing_binary
1796.398305557795,0.77764386,0.0012160294,5674169,eclipsing_binary
1796.3996944279374,0.7785854,0.0012131531,5674169,eclipsing_binary
1796.40108329808,0.78435284,0.0012159453,5674169,eclipsing_binary
1796.402472167756,0.7919585,0.0012149548,5674169,eclipsing_binary
1796.4038610378984,0.8020971,0.0012208535,5674169,eclipsing_binary
1796.4052499080408,0.8130128,0.0012189494,5674169,eclipsing_binary
1796.4066387777175,0.8249755,0.0012238487,5674169,eclipsing_binary
1796.4080276478599,0.8387402,0.0012260905,5674169,eclipsing_binary
1796.4094165180018,0.850398,0.0012255214,5674169,eclipsing_binary
1796.4108053876785,0.86327,0.0012290333,5674169,eclipsing_binary
1796.4121942578208,0.87699103,0.0012305175,5674169,eclipsing_binary
1796.4135831274975,0.88905424,0.0012336323,5674169,eclipsing_binary
1796.41497199764,0.9016338,0.0012425724,5674169,eclipsing_binary
1796.4163608677818,0.9143144,0.0012409872,5674169,eclipsing_binary
1796.4177497374585,0.9256485,0.0012428215,5674169,eclipsing_binary
1796.4191386076009,0.93718,0.0012430132,5674169,eclipsing_binary
1796.4205274777428,0.94914955,0.0012450733,5674169,eclipsing_binary
1796.4219163474195,0.95954424,0.0012459782,5674169,eclipsing_binary
1796.4233052175618,0.97008634,0.0012469972,5674169,eclipsing_binary
1796.4246940872385,0.9793876,0.0012515046,5674169,eclipsing_binary
1796.426082957381,0.9895471,0.0012496635,5674169,eclipsing_binary
1796.4274718270567,0.9992931,0.0012554193,5674169,eclipsing_binary
1796.4288606971993,1.0084885,0.0012546026,5674169,eclipsing_binary
1796.4302495668762,1.0149944,0.0012577582,5674169,eclipsing_binary
1796.4316384370186,1.0243309,0.0012568148,5674169,eclipsing_binary
1796.4330273066953,1.0306745,0.0012590234,5674169,eclipsing_binary
1796.4344161768367,1.039151,0.0012600868,5674169,eclipsing_binary
1796.4358050465135,1.0466303,0.0012628741,5674169,eclipsing_binary
1796.437193916656,1.0532012,0.0012622885,5674169,eclipsing_binary
1796.438582786333,1.0592906,0.0012631634,5674169,eclipsing_binary
1796.4399716564753,1.0649282,0.001265876,5674169,eclipsing_binary
1796.4413605261511,1.0701181,0.0012635884,5674169,eclipsing_binary
1796.442749396293,1.0769441,0.0012631279,5674169,eclipsing_binary
1796.4441382659697,1.0830195,0.0012652301,5674169,eclipsing_binary
1796.4455271361128,1.086716,0.0012668484,5674169,eclipsing_binary
1796.4469160057897,1.0914742,0.0012684257,5674169,eclipsing_binary
1796.4483048759312,1.0985807,0.0012686864,5674169,eclipsing_binary
1796.4496937456074,1.1024294,0.0012704224,5674169,eclipsing_binary
1796.4510826152841,1.1063392,0.0012694014,5674169,eclipsing_binary
1796.452471485427,1.1104522,0.0012724118,5674169,eclipsing_binary
1796.4538603551036,1.1126369,0.0012743137,5674169,eclipsing_binary
1796.4552492252456,1.1170863,0.001272597,5674169,eclipsing_binary
1796.4566380949218,1.1194927,0.0012748593,5674169,eclipsing_binary
1796.4580269645976,1.1221823,0.0012756131,5674169,eclipsing_binary
1796.4594158347409,1.125069,0.0012721583,5674169,eclipsing_binary
1796.460804704418,1.1268533,0.001276459,5674169,eclipsing_binary
1796.4621935740943,1.1279994,0.0012789094,5674169,eclipsing_binary
1796.4635824442357,1.1279876,0.0012764706,5674169,eclipsing_binary
1796.464971313912,1.1301922,0.0012768216,5674169,eclipsing_binary
1796.4663601835896,1.1290326,0.0012775557,5674169,eclipsing_binary
1796.4677490537324,1.129284,0.0012797749,5674169,eclipsing_binary
1796.4691379234087,1.128797,0.0012768009,5674169,eclipsing_binary
1796.4705267930844,1.1263262,0.001275455,5674169,eclipsing_binary
1796.4719156627607,1.1250007,0.0012726344,5674169,eclipsing_binary
1796.4733045329037,1.1249173,0.0012767435,5674169,eclipsing_binary
1796.4746934025811,1.121375,0.0012736128,5674169,eclipsing_binary
1796.4760822722574,1.1192206,0.0012715503,5674169,eclipsing_binary
1796.4774711423988,1.1145607,0.0012712068,5674169,eclipsing_binary
1796.478860012075,1.1137652,0.0012749106,5674169,eclipsing_binary
1796.4802488817518,1.1104798,0.001270356,5674169,eclipsing_binary
1796.481637751429,1.1048189,0.0012668673,5674169,eclipsing_binary
1796.4830266211059,1.1012173,0.001268779,5674169,eclipsing_binary
1796.4844154912475,1.0974346,0.0012680887,5674169,eclipsing_binary
1796.4858043609238,1.0938638,0.0012720368,5674169,eclipsing_binary
1796.4871932306005,1.0871935,0.001266986,5674169,eclipsing_binary
1796.4885821002777,1.0827885,0.0012671518,5674169,eclipsing_binary
1796.4899709699544,1.0764476,0.0012705121,5674169,eclipsing_binary
1796.4913598400963,1.0715641,0.0012635305,5674169,eclipsing_binary
1796.4927487097723,1.065367,0.0012685211,5674169,eclipsing_binary
1796.4941375794492,1.0599535,0.001263883,5674169,eclipsing_binary
1796.4955264491264,1.0537815,0.0012619314,5674169,eclipsing_binary
1796.496915318803,1.0481365,0.0012621148,5674169,eclipsing_binary
1796.4983041884793,1.0419384,0.001259466,5674169,eclipsing_binary
1796.4996930581551,1.0363415,0.0012587997,5674169,eclipsing_binary
1796.5010819282977,1.0295485,0.0012573672,5674169,eclipsing_binary
1796.5024707979746,1.0240829,0.001257277,5674169,eclipsing_binary
1796.5038596676513,1.01641,0.0012546884,5674169,eclipsing_binary
1796.505248537328,1.0086584,0.0012558951,5674169,eclipsing_binary
1796.5066374070038,0.9999245,0.0012610882,5674169,eclipsing_binary
1796.5080262766805,0.9928536,0.0012518978,5674169,eclipsing_binary
1796.5094151463572,0.9830782,0.0012489647,5674169,eclipsing_binary
1796.5108040160342,0.9738086,0.0012498589,5674169,eclipsing_binary
1796.512192885711,0.9642718,0.0012505536,5674169,eclipsing_binary
1796.513581755387,0.9537018,0.0012448286,5674169,eclipsing_binary
1796.5149706250636,0.9420435,0.0012453373,5674169,eclipsing_binary
1796.5163594947403,0.9291889,0.0012416462,5674169,eclipsing_binary
1796.517748364417,0.91837776,0.0012384065,5674169,eclipsing_binary
1796.519137234094,0.9053056,0.0012365064,5674169,eclipsing_binary
1796.52052610377,0.8917332,0.0012368526,5674169,eclipsing_binary
1796.5219149734467,0.8794094,0.00123655,5674169,eclipsing_binary
1796.5233038431234,0.8657835,0.001228839,5674169,eclipsing_binary
1796.5246927127996,0.8520628,0.0012292813,5674169,eclipsing_binary
1796.5260815824763,0.83928853,0.0012247413,5674169,eclipsing_binary
1796.527470452153,0.82726735,0.0012249103,5674169,eclipsing_binary
1796.5288593218297,0.81418455,0.0012199302,5674169,eclipsing_binary
1796.5302481915064,0.80402285,0.001223354,5674169,eclipsing_binary
1796.5316370611827,0.79376817,0.0012211009,5674169,eclipsing_binary
1796.5330259308594,0.7882633,0.0012154785,5674169,eclipsing_binary
1796.534414800536,0.7836177,0.0012168196,5674169,eclipsing_binary
1796.5358036702128,0.7846883,0.0012137619,5674169,eclipsing_binary
1796.5371925398895,0.7843711,0.0012147356,5674169,eclipsing_binary
1796.5385814095657,0.78401536,0.0012165577,5674169,eclipsing_binary
1796.5399702787759,0.7836577,0.001214287,5674169,eclipsing_binary
1796.5413591484526,0.7820997,0.0012176426,5674169,eclipsing_binary
1796.5427480181302,0.7844785,0.0012152081,5674169,eclipsing_binary
1796.5441368878069,0.783897,0.0012159944,5674169,eclipsing_binary
1796.5455257574827,0.78260463,0.0012143855,5674169,eclipsing_binary
1796.546914627159,0.7814372,0.0012138365,5674169,eclipsing_binary
1796.5483034968356,0.7827293,0.001214195,5674169,eclipsing_binary
1796.5496923660476,0.78440815,0.0012157616,5674169,eclipsing_binary
1796.5510812357243,0.7837823,0.001215937,5674169,eclipsing_binary
1796.5524701054,0.78271365,0.0012148316,5674169,eclipsing_binary
1796.5538589750763,0.784532,0.0012148301,5674169,eclipsing_binary
1796.555247844753,0.78293556,0.0012143451,5674169,eclipsing_binary
1796.556636713965,0.7839432,0.0012168802,5674169,eclipsing_binary
1796.5580255836417,0.7854598,0.0012163216,5674169,eclipsing_binary
1796.5594144533175,0.7854591,0.0012148637,5674169,eclipsing_binary
1796.5608033229937,0.792453,0.0012155162,5674169,eclipsing_binary
1796.5621921922038,0.79910386,0.0012179994,5674169,eclipsing_binary
1796.5635810618815,0.80806744,0.0012208062,5674169,eclipsing_binary
1796.5649699315588,0.82005364,0.0012222625,5674169,eclipsing_binary
1796.5663588012349,0.8329196,0.0012261405,5674169,eclipsing_binary
1796.5677476704454,0.8456991,0.001230056,5674169,eclipsing_binary
1796.5691365401212,0.858928,0.0012278996,5674169,eclipsing_binary
1796.5705254097988,0.8728328,0.0012327618,5674169,eclipsing_binary
1796.571914279476,0.88712823,0.00123552,5674169,eclipsing_binary
1796.5733031486866,0.9002529,0.0012347206,5674169,eclipsing_binary
1796.5746920183626,0.9146409,0.0012391111,5674169,eclipsing_binary
1796.5760808880395,0.92728144,0.0012411536,5674169,eclipsing_binary
1796.577469757251,0.93748695,0.0012402823,5674169,eclipsing_binary
1796.5788586269277,0.951574,0.0012456182,5674169,eclipsing_binary
1796.580247496604,0.9626269,0.0012451253,5674169,eclipsing_binary
1796.5816363658141,0.9740629,0.0012481156,5674169,eclipsing_binary
1796.583025235491,0.9840265,0.0012519456,5674169,eclipsing_binary
1796.5844141047023,0.99329734,0.0012520149,5674169,eclipsing_binary
1796.585802974379,1.0030184,0.0012523778,5674169,eclipsing_binary
1796.5871918440557,1.0107073,0.0012544013,5674169,eclipsing_binary
1796.5885807132659,1.0204965,0.0012590789,5674169,eclipsing_binary
1796.5899695829426,1.0271218,0.0012584048,5674169,eclipsing_binary
1796.5913584521536,1.0344785,0.0012585252,5674169,eclipsing_binary
1796.5927473218305,1.0406059,0.0012622329,5674169,eclipsing_binary
1796.5941361915075,1.0472775,0.0012586552,5674169,eclipsing_binary
1796.5955250607176,1.05371,0.001262323,5674169,eclipsing_binary
1796.5969139303943,1.0596023,0.0012627129,5674169,eclipsing_binary
1796.5983027996053,1.0662522,0.0012635506,5674169,eclipsing_binary
1796.599691669282,1.0721097,0.0012645236,5674169,eclipsing_binary
1796.6010805384933,1.0792127,0.0012669853,5674169,eclipsing_binary
1796.6024694081693,1.0847585,0.0012732726,5674169,eclipsing_binary
1796.6038582773804,1.0899937,0.0012673051,5674169,eclipsing_binary
1796.605247147057,1.0953299,0.0012679967,5674169,eclipsing_binary
1796.6066360162677,1.0991796,0.0012676512,5674169,eclipsing_binary
1796.6080248859444,1.1046717,0.0012689404,5674169,eclipsing_binary
1796.6094137551554,1.1117432,0.0012708466,5674169,eclipsing_binary
1796.610802624832,1.1163791,0.0012699262,5674169,eclipsing_binary
1796.6121914940431,1.1197586,0.0012748805,5674169,eclipsing_binary
1796.6135803637194,1.1229491,0.0012755225,5674169,eclipsing_binary
1796.6149692329304,1.126438,0.0012737088,5674169,eclipsing_binary
1796.6163581026071,1.1326296,0.001277211,5674169,eclipsing_binary
1796.6177469718182,1.1330085,0.0012793846,5674169,eclipsing_binary
1796.6191358410292,1.1349299,0.0012813379,5674169,eclipsing_binary
1796.6205247107055,1.1370155,0.0012740713,5674169,eclipsing_binary
1796.6219135799165,1.1388344,0.0012759761,5674169,eclipsing_binary
1796.6233024495932,1.142242,0.0012813885,5674169,eclipsing_binary
1796.6246913188043,1.1429975,0.0012741566,5674169,eclipsing_binary
1796.6260801880153,1.1438698,0.0012741804,5674169,eclipsing_binary
1796.627469057691,1.1424637,0.0012747948,5674169,eclipsing_binary
1796.6288579269017,1.1441354,0.0012781147,5674169,eclipsing_binary
1796.6302467965784,1.144155,0.0012755347,5674169,eclipsing_binary
1796.6316356657903,1.142496,0.0012782882,5674169,eclipsing_binary
1796.6330245350014,1.1423959,0.0012763251,5674169,eclipsing_binary
1796.6344134046772,1.1405416,0.0012761846,5674169,eclipsing_binary
1796.6358022738877,1.137329,0.0012758342,5674169,eclipsing_binary
1796.6371911430988,1.1356102,0.0012761268,5674169,eclipsing_binary
1796.6385800127764,1.1331508,0.0012773408,5674169,eclipsing_binary
1796.6399688819874,1.1302141,0.0012725467,5674169,eclipsing_binary
1796.6413577511976,1.1270219,0.0012721914,5674169,eclipsing_binary
1796.6427466204082,1.1241889,0.0012740721,5674169,eclipsing_binary
1796.6441354900849,1.1174943,0.0012707239,5674169,eclipsing_binary
1796.6455243592964,1.112356,0.001270212,5674169,eclipsing_binary
1796.6469132285076,1.1086351,0.0012685935,5674169,eclipsing_binary
1796.6483020981836,1.103905,0.0012696213,5674169,eclipsing_binary
1796.6496909673942,1.0978942,0.0012679802,5674169,eclipsing_binary
1796.6510798366044,1.0923123,0.0012726398,5674169,eclipsing_binary
1796.6524687058163,1.0856684,0.0012683688,5674169,eclipsing_binary
1796.6538575750278,1.0789338,0.0012664737,5674169,eclipsing_binary
1796.655246444704,1.0734184,0.0012640642,5674169,eclipsing_binary
1796.6566353139144,1.0651432,0.0012648123,5674169,eclipsing_binary
1796.6580241831248,1.0581077,0.0012658403,5674169,eclipsing_binary
1796.6594130523367,1.0519402,0.0012637601,5674169,eclipsing_binary
1796.6608019215482,1.0446266,0.0012612412,5674169,eclipsing_binary
1796.6621907912245,1.0360711,0.0012588662,5674169,eclipsing_binary
1796.6635796604346,1.0279628,0.0012565368,5674169,eclipsing_binary
1796.6649685296452,1.0199567,0.0012549927,5674169,eclipsing_binary
1796.6663573988571,1.01013,0.0012580185,5674169,eclipsing_binary
1796.6677462680686,1.0010345,0.0012553525,5674169,eclipsing_binary
1796.6691351372792,0.9896313,0.0012567019,5674169,eclipsing_binary
1796.6705240064894,0.98034745,0.0012553032,5674169,eclipsing_binary
1796.6719128761656,0.9677462,0.001252985,5674169,eclipsing_binary
1796.6733017453766,0.9573539,0.0012491505,5674169,eclipsing_binary
1796.6746906145884,0.94696313,0.0012425093,5674169,eclipsing_binary
1796.6760794837996,0.93253905,0.0012438985,5674169,eclipsing_binary
1796.6774683530098,0.9207903,0.0012392596,5674169,eclipsing_binary
1796.6788572222204,0.9078907,0.0012383556,5674169,eclipsing_binary
1796.6802460914314,0.89565134,0.0012340185,5674169,eclipsing_binary
1796.681634960643,0.8817018,0.0012340613,5674169,eclipsing_binary
1796.6830238298542,0.8686665,0.0012346334,5674169,eclipsing_binary
1796.6844126990645,0.856274,0.0012301005,5674169,eclipsing_binary
1796.685801568275,0.841886,0.0012239874,5674169,eclipsing_binary
1796.6871904374862,0.8292854,0.0012237576,5674169,eclipsing_binary
1796.6885793066976,0.81615573,0.0012197144,5674169,eclipsing_binary
1796.6899681759087,0.8039528,0.0012195881,5674169,eclipsing_binary
1796.6913570451193,0.7941786,0.001223685,5674169,eclipsing_binary
1796.6927459143296,0.78644943,0.0012176262,5674169,eclipsing_binary
1796.694134783541,0.7826529,0.0012148703,5674169,eclipsing_binary
1796.695523652752,0.7799943,0.0012133501,5674169,eclipsing_binary
1796.696912521963,0.7780986,0.0012143424,5674169,eclipsing_binary
1796.698301391174,0.77558535,0.0012164873,5674169,eclipsing_binary
1796.6996902603842,0.77682257,0.001213488,5674169,eclipsing_binary
1796.7010791295954,0.77353436,0.0012115177,5674169,eclipsing_binary
1796.7024679988067,0.77385634,0.0012138839,5674169,eclipsing_binary
1796.7038568680177,0.77369,0.0012156479,5674169,eclipsing_binary
1796.7052457372288,0.77241,0.0012171434,5674169,eclipsing_binary
1796.706634606439,0.7723709,0.0012176518,5674169,eclipsing_binary
1796.70802347565,0.7731935,0.0012133542,5674169,eclipsing_binary
1796.709412344861,0.7731098,0.0012192408,5674169,eclipsing_binary
1796.7108012140723,0.7735693,0.0012127073,5674169,eclipsing_binary
1796.7121900828179,0.77326816,0.0012154643,5674169,eclipsing_binary
1796.713578952028,0.7755506,0.001214855,5674169,eclipsing_binary
1796.714967821239,0.7761053,0.0012151871,5674169,eclipsing_binary
1796.71635669045,0.77650195,0.0012165384,5674169,eclipsing_binary
1796.7177455596607,0.7789875,0.0012153476,5674169,eclipsing_binary
1796.7191344288717,0.7833638,0.0012171508,5674169,eclipsing_binary
1796.7205232980828,0.79196155,0.0012151743,5674169,eclipsing_binary
1796.7219121668281,0.8007959,0.0012228679,5674169,eclipsing_binary
1796.7233010360392,0.8115837,0.001221421,5674169,eclipsing_binary
1796.7246899052498,0.8241981,0.0012244286,5674169,eclipsing_binary
1796.7260787744608,0.8373857,0.0012243049,5674169,eclipsing_binary
1796.7274676436718,0.8515684,0.0012315256,5674169,eclipsing_binary
1796.7288565124172,0.8636003,0.001226536,5674169,eclipsing_binary
1796.7302453816283,0.8755991,0.0012352277,5674169,eclipsing_binary
1796.7316342508389,0.88839257,0.0012386346,5674169,eclipsing_binary
1796.73302312005,0.90168595,0.0012342783,5674169,eclipsing_binary
1796.7344119887953,0.914534,0.0012366531,5674169,eclipsing_binary
1796.7358008580063,0.92390496,0.0012420947,5674169,eclipsing_binary
1796.7371897272174,0.9353918,0.0012420847,5674169,eclipsing_binary
1796.7385785964277,0.94706076,0.0012474072,5674169,eclipsing_binary
1796.7399674651724,0.9581483,0.0012488121,5674169,eclipsing_binary
1796.7413563343835,0.9693151,0.0012474015,5674169,eclipsing_binary
1796.7427452035954,0.9796547,0.0012539714,5674169,eclipsing_binary
1796.7441340723408,0.9881929,0.0012494869,5674169,eclipsing_binary
1796.745522941551,0.9979147,0.0012545055,5674169,eclipsing_binary
1796.7469118107615,1.0058362,0.0012544672,5674169,eclipsing_binary
1796.7483006795069,1.0160404,0.0012537611,5674169,eclipsing_binary
1796.7496895487188,1.0217751,0.0012550857,5674169,eclipsing_binary
1796.7510784179299,1.0296054,0.001257744,5674169,eclipsing_binary
1796.7524672866743,1.0363115,0.0012570866,5674169,eclipsing_binary
1796.753856155885,1.0443366,0.0012590445,5674169,eclipsing_binary
1796.755245025096,1.0505809,0.0012669918,5674169,eclipsing_binary
1796.756633893842,1.0572668,0.0012610882,5674169,eclipsing_binary
1796.7580227630533,1.0637426,0.001265231,5674169,eclipsing_binary
1796.7594116322634,1.069834,0.0012644271,5674169,eclipsing_binary
1796.7608005010084,1.0750093,0.0012656464,5674169,eclipsing_binary
1796.7621893702185,1.0816455,0.0012639797,5674169,eclipsing_binary
1796.7635782389648,1.0860945,0.0012667604,5674169,eclipsing_binary
1796.7649671081765,1.093414,0.0012688747,5674169,eclipsing_binary
1796.7663559769212,1.0956471,0.0012697917,5674169,eclipsing_binary
1796.7677448461318,1.1010975,0.0012698381,5674169,eclipsing_binary
1796.769133715342,1.1047349,0.001269815,5674169,eclipsing_binary
1796.7705225840882,1.108685,0.0012748307,5674169,eclipsing_binary
1796.7719114532997,1.1120452,0.001274494,5674169,eclipsing_binary
1796.7733003220446,1.1148599,0.0012711998,5674169,eclipsing_binary
1796.774689191255,1.1173388,0.0012708581,5674169,eclipsing_binary
1796.7760780599997,1.1197915,0.0012715581,5674169,eclipsing_binary
1796.7774669292116,1.1209064,0.0012770493,5674169,eclipsing_binary
1796.7788557979575,1.1227099,0.0012734017,5674169,eclipsing_binary
1796.780244667168,1.1255618,0.0012733742,5674169,eclipsing_binary
1796.7816335359125,1.1273873,0.001273195,5674169,eclipsing_binary
1796.7830224051231,1.1267581,0.0012796461,5674169,eclipsing_binary
1796.7844112738685,1.1259488,0.0012737637,5674169,eclipsing_binary
1796.7858001430805,1.1268075,0.0012715862,5674169,eclipsing_binary
1796.7871890118258,1.1240047,0.0012744373,5674169,eclipsing_binary
1796.7885778805703,1.1248621,0.0012756056,5674169,eclipsing_binary
1796.789966749781,1.1233175,0.0012751148,5674169,eclipsing_binary
1796.7913556185263,1.1214939,0.0012727529,5674169,eclipsing_binary
1796.792744487738,1.1211454,0.0012745496,5674169,eclipsing_binary
1796.7941333564836,1.1174666,0.001273188,5674169,eclipsing_binary
1796.7955222256937,1.1152632,0.0012710984,5674169,eclipsing_binary
1796.7969110944387,1.1125296,0.0012708522,5674169,eclipsing_binary
1796.798299963184,1.1075279,0.0012719302,5674169,eclipsing_binary
1796.7996888323955,1.1034241,0.0012682142,5674169,eclipsing_binary
1796.8010777011411,1.1001353,0.0012683055,5674169,eclipsing_binary
1796.8024665698858,1.0948259,0.0012672592,5674169,eclipsing_binary
1796.8038554390964,1.0910196,0.0012682991,5674169,eclipsing_binary
1796.8052443078418,1.087151,0.001266697,5674169,eclipsing_binary
1796.8066331765872,1.0809546,0.0012674668,5674169,eclipsing_binary
1796.8080220457982,1.0766667,0.0012648152,5674169,eclipsing_binary
1796.8094109145436,1.0716401,0.0012631626,5674169,eclipsing_binary
1796.8107997832883,1.0636939,0.0012636567,5674169,eclipsing_binary
1796.8121886524996,1.0601534,0.0012641767,5674169,eclipsing_binary
1796.813577521245,1.0543573,0.0012638222,5674169,eclipsing_binary
1796.8149663899903,1.0479224,0.0012600439,5674169,eclipsing_binary
1796.8163552592014,1.0427197,0.0012600461,5674169,eclipsing_binary
1796.8177441279458,1.0351207,0.0012591092,5674169,eclipsing_binary
1796.8191329966912,1.0291346,0.0012566135,5674169,eclipsing_binary
1796.8205218654368,1.0218523,0.0012550881,5674169,eclipsing_binary
1796.821910734648,1.0152807,0.001256719,5674169,eclipsing_binary
1796.8232996033935,1.0081812,0.0012553617,5674169,eclipsing_binary
1796.824688472138,1.0009104,0.0012524193,5674169,eclipsing_binary
1796.8260773408833,0.9926132,0.0012527889,5674169,eclipsing_binary
1796.8274662096287,0.983474,0.0012478395,5674169,eclipsing_binary
1796.8288550788393,0.9732162,0.001248166,5674169,eclipsing_binary
1796.8302439475847,0.9644223,0.001248622,5674169,eclipsing_binary
1796.83163281633,0.95344824,0.0012453763,5674169,eclipsing_binary
1796.8330216850754,0.9433209,0.0012417032,5674169,eclipsing_binary
1796.8344105538208,0.93079716,0.0012397477,5674169,eclipsing_binary
1796.8357994230314,0.9187926,0.0012462002,5674169,eclipsing_binary
1796.8371882917768,0.90497005,0.0012342959,5674169,eclipsing_binary
1796.8385771605222,0.89417607,0.0012331448,5674169,eclipsing_binary
1796.8399660292675,0.8784423,0.0012351401,5674169,eclipsing_binary
1796.841354898013,0.86654955,0.0012289409,5674169,eclipsing_binary
1796.8427437667578,0.8526342,0.0012297673,5674169,eclipsing_binary
1796.8441326355032,0.84102565,0.0012265744,5674169,eclipsing_binary
1796.8455215047143,0.8268738,0.001222743,5674169,eclipsing_binary
1796.8469103734597,0.81635815,0.0012193992,5674169,eclipsing_binary
1796.848299242205,0.80358946,0.0012227296,5674169,eclipsing_binary
1796.84968811095,0.7941068,0.0012192748,5674169,eclipsing_binary
1796.8510769796944,0.7884936,0.001217699,5674169,eclipsing_binary
1796.8524658484398,0.78370684,0.00121499,5674169,eclipsing_binary
1796.853854717186,0.7832524,0.0012140817,5674169,eclipsing_binary
1796.8552435859315,0.7844108,0.001217586,5674169,eclipsing_binary
1796.8566324546762,0.7829136,0.0012141177,5674169,eclipsing_binary
1796.8580213234209,0.78335595,0.0012167887,5674169,eclipsing_binary
1796.8594101921663,0.782281,0.0012147815,5674169,eclipsing_binary
1796.8607990609125,0.7827043,0.0012161628,5674169,eclipsing_binary
1796.862187929658,0.7818832,0.0012152347,5674169,eclipsing_binary
1796.8635767984024,0.7822641,0.0012158657,5674169,eclipsing_binary
1796.8649656671473,0.7820053,0.0012136427,5674169,eclipsing_binary
1796.8663545358927,0.78314656,0.0012179416,5674169,eclipsing_binary
1796.867743404639,0.7822029,0.0012150996,5674169,eclipsing_binary
1796.8691322733844,0.78219473,0.0012166385,5674169,eclipsing_binary
1796.8705211421288,0.7842756,0.0012143218,5674169,eclipsing_binary
1796.8719100108738,0.78410214,0.0012157887,5674169,eclipsing_binary
1796.8732988796191,0.7838735,0.0012149385,5674169,eclipsing_binary
1796.8746877483652,0.7840401,0.0012190155,5674169,eclipsing_binary
1796.8760766171108,0.7835983,0.0012209379,5674169,eclipsing_binary
1796.8774654858553,0.7854372,0.0012230617,5674169,eclipsing_binary
1796.8788543546002,0.79033905,0.0012155036,5674169,eclipsing_binary
1796.8802432233447,0.79701155,0.0012197417,5674169,eclipsing_binary
1796.881632092091,0.80768955,0.001218844,5674169,eclipsing_binary
1796.8830209603714,0.8176357,0.0012199825,5674169,eclipsing_binary
1796.884409829116,0.83002585,0.0012217555,5674169,eclipsing_binary
1796.885798697861,0.84366757,0.0012239692,5674169,eclipsing_binary
1796.8871875666064,0.8570072,0.0012377193,5674169,eclipsing_binary
1796.8885764353522,0.8699973,0.0012308572,5674169,eclipsing_binary
1796.8899653040976,0.88495785,0.0012337124,5674169,eclipsing_binary
1796.8913541728425,0.8963689,0.0012351172,5674169,eclipsing_binary
1796.8927430411215,0.9114718,0.0012375537,5674169,eclipsing_binary
1796.8941319098672,0.9245525,0.0012404276,5674169,eclipsing_binary
1796.895520778613,0.936551,0.0012417913,5674169,eclipsing_binary
1796.8969096473584,0.9484649,0.0012422099,5674169,eclipsing_binary
1796.8982985161033,0.96036774,0.0012464987,5674169,eclipsing_binary
1796.8996873848478,0.9727652,0.0012512269,5674169,eclipsing_binary
1796.9010762531275,0.9811133,0.0012494791,5674169,eclipsing_binary
1796.902465121873,0.9916778,0.0012505816,5674169,eclipsing_binary
1796.9038539906187,1.0013814,0.0012522462,5674169,eclipsing_binary
1796.905242859364,1.0103891,0.0012540969,5674169,eclipsing_binary
1796.906631727643,1.0193865,0.0012580601,5674169,eclipsing_binary
1796.9080205963883,1.0264242,0.0012546745,5674169,eclipsing_binary
1796.9094094651336,1.0316217,0.0012570496,5674169,eclipsing_binary
1796.9107983338793,1.0384976,0.0012593458,5674169,eclipsing_binary
1796.9121872021592,1.0474168,0.0012607848,5674169,eclipsing_binary
1796.9135760709037,1.0515802,0.0012606208,5674169,eclipsing_binary
1796.914964939649,1.0580065,0.0012609654,5674169,eclipsing_binary
1796.9163538079288,1.0650964,0.0012615335,5674169,eclipsing_binary
1796.9177426766742,1.0710577,0.0012645697,5674169,eclipsing_binary
1796.9191315454195,1.0761926,0.0012673343,5674169,eclipsing_binary
1796.9205204141645,1.0838056,0.0012660165,5674169,eclipsing_binary
1796.9219092824442,1.0903457,0.0012739901,5674169,eclipsing_binary
1796.9232981511896,1.094868,0.0012720509,5674169,eclipsing_binary
1796.9246870194688,1.0995284,0.001270161,5674169,eclipsing_binary
1796.9260758882142,1.105124,0.0012718813,5674169,eclipsing_binary
1796.9274647569596,1.110817,0.0012697311,5674169,eclipsing_binary
1796.9288536252393,1.1142853,0.0012760928,5674169,eclipsing_binary
1796.9302424939847,1.1186243,0.0012754786,5674169,eclipsing_binary
1796.9316313627296,1.1238482,0.0012738559,5674169,eclipsing_binary
1796.9330202310093,1.1255552,0.0012756058,5674169,eclipsing_binary
1796.9344090997547,1.1288683,0.0012775458,5674169,eclipsing_binary
1796.9357979680344,1.1335386,0.0012757913,5674169,eclipsing_binary
1796.9371868367798,1.1359262,0.0012748684,5674169,eclipsing_binary
1796.9385757055245,1.1389254,0.001274482,5674169,eclipsing_binary
1796.9399645738044,1.1392599,0.0012778515,5674169,eclipsing_binary
1796.9413534425498,1.1407552,0.0012829116,5674169,eclipsing_binary
1796.9427423108295,1.1440938,0.0012821616,5674169,eclipsing_binary
1796.944131179575,1.145316,0.0012737695,5674169,eclipsing_binary
1796.9455200478537,1.1444318,0.0012785576,5674169,eclipsing_binary
1796.9469089165987,1.1454948,0.0012768046,5674169,eclipsing_binary
1796.9482977848784,1.144354,0.0012750175,5674169,eclipsing_binary
1796.9496866536247,1.1433884,0.0012820589,5674169,eclipsing_binary
1796.9510755219044,1.1409928,0.001283662,5674169,eclipsing_binary
1796.9524643906489,1.1402544,0.001279745,5674169,eclipsing_binary
1796.9538532589281,1.1379784,0.0012736014,5674169,eclipsing_binary
1796.9552421276735,1.1377138,0.0012782911,5674169,eclipsing_binary
1796.956630995954,1.1341038,0.001273833,5674169,eclipsing_binary
1796.9580198646995,1.13081,0.0012784454,5674169,eclipsing_binary
1796.9594087329783,1.127269,0.0012721346,5674169,eclipsing_binary
1796.9607976017232,1.1224389,0.0012768403,5674169,eclipsing_binary
1796.962186470003,1.118952,0.0012789121,5674169,eclipsing_binary
1796.9635753387488,1.1146969,0.0012731375,5674169,eclipsing_binary
1796.9649642070285,1.1106266,0.0012729162,5674169,eclipsing_binary
1796.9663530753078,1.1037396,0.001269123,5674169,eclipsing_binary
1796.9677419440527,1.0992471,0.0012753803,5674169,eclipsing_binary
1796.9691308123324,1.0939605,0.0012675783,5674169,eclipsing_binary
1796.9705196810783,1.0879861,0.0012690877,5674169,eclipsing_binary
1796.971908549358,1.082197,0.0012688576,5674169,eclipsing_binary
1796.9732974176372,1.0735987,0.0012655115,5674169,eclipsing_binary
1796.974686286382,1.0668278,0.0012630805,5674169,eclipsing_binary
1796.976075154661,1.0610614,0.001265586,5674169,eclipsing_binary
1796.9774640229416,1.053617,0.0012649212,5674169,eclipsing_binary
1796.9788528916874,1.0471306,0.0012617839,5674169,eclipsing_binary
1796.9802417599667,1.0404505,0.0012600964,5674169,eclipsing_binary
1796.9816306282455,1.0307158,0.001256609,5674169,eclipsing_binary
1796.9830194969904,1.0204638,0.0012554813,5674169,eclipsing_binary
1796.9844083652708,1.0126973,0.001253743,5674169,eclipsing_binary
1796.9857972335512,1.0031154,0.0012520703,5674169,eclipsing_binary
1796.9871861022962,0.9916355,0.0012496194,5674169,eclipsing_binary
1796.988574970575,0.982595,0.0012507123,5674169,eclipsing_binary
1796.9899638388542,0.9711652,0.0012479094,5674169,eclipsing_binary
1796.9913527071344,0.9598121,0.0012451384,5674169,eclipsing_binary
1796.9927415758807,0.9475564,0.0012431756,5674169,eclipsing_binary
1796.99413044416,0.93570393,0.0012395163,5674169,eclipsing_binary
1796.9955193124388,0.92303306,0.0012391573,5674169,eclipsing_binary
1796.996908180718,0.9105397,0.0012365745,5674169,eclipsing_binary
1796.9982970494634,0.8979185,0.0012356924,5674169,eclipsing_binary
1796.9996859177436,0.8862851,0.0012309826,5674169,eclipsing_binary
1797.0010747860233,0.8706803,0.0012293739,5674169,eclipsing_binary
1797.0024636543026,0.85785294,0.0012285404,5674169,eclipsing_binary
1797.0038525225818,0.8432311,0.0012256918,5674169,eclipsing_binary
1797.0052413913272,0.83151454,0.0012235584,5674169,eclipsing_binary
1797.0066302596074,0.81823313,0.0012201356,5674169,eclipsing_binary
1797.008019127887,0.8065024,0.0012179762,5674169,eclipsing_binary
1797.0094079961664,0.79583436,0.0012207062,5674169,eclipsing_binary
1797.0107968644452,0.78791213,0.001214344,5674169,eclipsing_binary
1797.0121857327251,0.78334075,0.0012163561,5674169,eclipsing_binary
1797.0135746014712,0.77996933,0.0012210935,5674169,eclipsing_binary
1797.014963469751,0.7789667,0.0012147413,5674169,eclipsing_binary
1797.0163523380302,0.7789523,0.0012168579,5674169,eclipsing_binary
1797.017741206309,0.77708673,0.0012196809,5674169,eclipsing_binary
1797.0191300745887,0.77447265,0.0012165493,5674169,eclipsing_binary
1797.0205189428693,0.77571666,0.0012198073,5674169,eclipsing_binary
1797.021907811149,0.77274394,0.0012135133,5674169,eclipsing_binary
1797.0232966794283,0.7729059,0.0012160435,5674169,eclipsing_binary
1797.0246855477071,0.77301884,0.0012167413,5674169,eclipsing_binary
1797.0260744164525,0.77369887,0.0012143669,5674169,eclipsing_binary
1797.0274632847322,0.772794,0.0012166696,5674169,eclipsing_binary
1797.0288521530122,0.7726201,0.00121419,5674169,eclipsing_binary
1797.030241021292,0.77388763,0.0012157124,5674169,eclipsing_binary
1797.031629889571,0.7750969,0.0012165025,5674169,eclipsing_binary
1797.0330187578506,0.7757217,0.0012146496,5674169,eclipsing_binary
1797.0344076261304,0.777347,0.001213481,5674169,eclipsing_binary
1797.03579649441,0.77975345,0.0012167712,5674169,eclipsing_binary
1797.0371853626898,0.7822335,0.0012140437,5674169,eclipsing_binary
1797.038574230969,0.79070956,0.0012185053,5674169,eclipsing_binary
1797.0399630992488,0.80077285,0.0012186362,5674169,eclipsing_binary
1797.0413519675285,0.81015587,0.0012196711,5674169,eclipsing_binary
1797.0427408358082,0.82293624,0.0012237788,5674169,eclipsing_binary
1797.044129704088,0.8365325,0.0012243752,5674169,eclipsing_binary
1797.0455185723672,0.84910434,0.0012314816,5674169,eclipsing_binary
1797.046907440647,0.8618893,0.0012344801,5674169,eclipsing_binary
1797.0482963089266,0.87283075,0.0012383182,5674169,eclipsing_binary
1797.049685177206,0.8858168,0.0012322168,5674169,eclipsing_binary
1797.05107404502,0.8985713,0.0012358816,5674169,eclipsing_binary
1797.0524629132997,0.91152,0.0012428773,5674169,eclipsing_binary
1797.0538517815794,0.92364055,0.0012405986,5674169,eclipsing_binary
1797.0552406498591,0.9347477,0.0012422357,5674169,eclipsing_binary
1797.0566295181382,0.9464496,0.0012456735,5674169,eclipsing_binary
1797.058018386418,0.95751584,0.001245821,5674169,eclipsing_binary
1797.0594072546978,0.96789044,0.00124634,5674169,eclipsing_binary
1797.0607961229775,0.97799134,0.0012486319,5674169,eclipsing_binary
1797.0621849912573,0.98734385,0.0012529854,5674169,eclipsing_binary
1797.0635738590704,0.9953987,0.0012572794,5674169,eclipsing_binary
1797.0649627273501,1.0051942,0.0012528239,5674169,eclipsing_binary
1797.06635159563,1.0133842,0.0012540079,5674169,eclipsing_binary
1797.06774046391,1.0214819,0.0012559658,5674169,eclipsing_binary
1797.0691293321897,1.0290647,0.0012588875,5674169,eclipsing_binary
1797.0705182004685,1.0360011,0.001258573,5674169,eclipsing_binary
1797.0719070682826,1.0429988,0.0012595751,5674169,eclipsing_binary
1797.0732959365623,1.0495905,0.0012609161,5674169,eclipsing_binary
1797.0746848048423,1.0570297,0.0012626642,5674169,eclipsing_binary
1797.0760736731222,1.0623899,0.0012618293,5674169,eclipsing_binary
1797.077462541401,1.0689853,0.0012655272,5674169,eclipsing_binary
1797.0788514092146,1.0745852,0.0012649785,5674169,eclipsing_binary
1797.0802402774943,1.0797558,0.0012636473,5674169,eclipsing_binary
1797.0816291457745,1.0860269,0.0012668805,5674169,eclipsing_binary
1797.0830180140542,1.0903606,0.0012680381,5674169,eclipsing_binary
1797.0844068818678,1.0958933,0.0012687804,5674169,eclipsing_binary
1797.085795750147,1.1001102,0.0012724815,5674169,eclipsing_binary
1797.0871846184268,1.1030873,0.0012684276,5674169,eclipsing_binary
1797.0885734862413,1.1084572,0.0012707303,5674169,eclipsing_binary
1797.089962354521,1.1115298,0.0012738673,5674169,eclipsing_binary
1797.0913512228003,1.1148841,0.0012703815,5674169,eclipsing_binary
1797.0927400910791,1.1172074,0.0012716212,5674169,eclipsing_binary
1797.0941289588934,1.1193874,0.0012735266,5674169,eclipsing_binary
1797.0955178271738,1.1211051,0.001270941,5674169,eclipsing_binary
1797.0969066954535,1.122514,0.0012753124,5674169,eclipsing_binary
1797.0982955632671,1.1248025,0.0012741627,5674169,eclipsing_binary
1797.099684431546,1.1254122,0.0012721231,5674169,eclipsing_binary
1797.1010732998252,1.1267315,0.0012791855,5674169,eclipsing_binary
1797.10246216764,1.1266732,0.0012723635,5674169,eclipsing_binary
1797.1038510359203,1.1246964,0.001277158,5674169,eclipsing_binary
1797.105239903734,1.1240513,0.0012723022,5674169,eclipsing_binary
1797.1066287720128,1.1243402,0.0012744872,5674169,eclipsing_binary
1797.108017640292,1.1236575,0.001272567,5674169,eclipsing_binary
1797.1094065081065,1.1211132,0.0012717977,5674169,eclipsing_binary
1797.1107953763872,1.1201035,0.0012754764,5674169,eclipsing_binary
1797.1121842442008,1.1157649,0.0012722425,5674169,eclipsing_binary
1797.1135731124796,1.1143363,0.0012748844,5674169,eclipsing_binary
1797.1149619802932,1.1128509,0.0012715701,5674169,eclipsing_binary
1797.1163508485733,1.1079303,0.0012714249,5674169,eclipsing_binary
1797.117739716854,1.1051483,0.0012716431,5674169,eclipsing_binary
1797.1191285846671,1.1000446,0.001269386,5674169,eclipsing_binary
1797.1205174529464,1.0956758,0.0012670662,5674169,eclipsing_binary
1797.12190632076,1.0930812,0.0012662468,5674169,eclipsing_binary
1797.1232951890402,1.0861328,0.001266128,5674169,eclipsing_binary
1797.1246840568551,1.0809529,0.0012677036,5674169,eclipsing_binary
1797.126072925134,1.0771284,0.0012645895,5674169,eclipsing_binary
1797.1274617929475,1.0708488,0.0012637717,5674169,eclipsing_binary
1797.1288506612264,1.0648754,0.001261877,5674169,eclipsing_binary
1797.1302395290406,1.0591594,0.0012609797,5674169,eclipsing_binary
1797.131628397321,1.0544984,0.0012608452,5674169,eclipsing_binary
1797.133017265135,1.0473102,0.0012594762,5674169,eclipsing_binary
1797.1344061334144,1.0404307,0.0012590813,5674169,eclipsing_binary
1797.1357950012275,1.0359073,0.0012580238,5674169,eclipsing_binary
1797.1371838690416,1.0298296,0.0012568112,5674169,eclipsing_binary
1797.1385727373222,1.0227035,0.0012577022,5674169,eclipsing_binary
1797.1399616051363,1.0154127,0.0012526754,5674169,eclipsing_binary
1797.1413504734155,1.0086602,0.0012525946,5674169,eclipsing_binary
1797.1427393412287,1.0011959,0.0012530442,5674169,eclipsing_binary
1797.1441282090427,0.99227214,0.001252753,5674169,eclipsing_binary
1797.1455170773233,0.98461545,0.001251958,5674169,eclipsing_binary
1797.1469059451374,0.97525615,0.0012490874,5674169,eclipsing_binary
1797.1482948134164,0.9640545,0.001247304,5674169,eclipsing_binary
1797.1496836812298,0.9522446,0.0012431546,5674169,eclipsing_binary
1797.1510725490439,0.9423353,0.0012405798,5674169,eclipsing_binary
1797.1524614173245,0.9316358,0.0012455381,5674169,eclipsing_binary
1797.1538502851386,0.92077494,0.0012409427,5674169,eclipsing_binary
1797.1552391529517,0.90502524,0.0012402044,5674169,eclipsing_binary
1797.156628021231,0.8941694,0.0012344945,5674169,eclipsing_binary
1797.158016889045,0.87940013,0.0012311079,5674169,eclipsing_binary
1797.159405756859,0.8668547,0.0012282234,5674169,eclipsing_binary
1797.1607946251388,0.8536218,0.0012274818,5674169,eclipsing_binary
1797.1621834929529,0.8410581,0.0012295124,5674169,eclipsing_binary
1797.1635723607665,0.8277032,0.0012245378,5674169,eclipsing_binary
1797.1649612285805,0.81435096,0.0012201369,5674169,eclipsing_binary
1797.1663500968602,0.8050118,0.0012191789,5674169,eclipsing_binary
1797.1677389646743,0.7951818,0.0012176998,5674169,eclipsing_binary
1797.1691278324884,0.7869394,0.0012168823,5674169,eclipsing_binary
1797.170516700302,0.78399307,0.0012162529,5674169,eclipsing_binary
1797.1719055685817,0.78302807,0.00121647,5674169,eclipsing_binary
1797.1732944363957,0.7814841,0.0012156912,5674169,eclipsing_binary
1797.1746833042098,0.7833694,0.0012149133,5674169,eclipsing_binary
1797.1760721720239,0.78289723,0.0012139379,5674169,eclipsing_binary
1797.1774610403031,0.78154707,0.0012134765,5674169,eclipsing_binary
1797.1788499081172,0.7822925,0.0012157628,5674169,eclipsing_binary
1797.1802387759312,0.7813921,0.0012195855,5674169,eclipsing_binary
1797.1816276437444,0.78206456,0.0012147898,5674169,eclipsing_binary
1797.1830165115584,0.7810945,0.0012161022,5674169,eclipsing_binary
1797.1844053793727,0.78155243,0.001214022,5674169,eclipsing_binary
1797.1857942476527,0.7821965,0.0012193947,5674169,eclipsing_binary
1797.1871831154667,0.7820985,0.0012162107,5674169,eclipsing_binary
1797.1885719832799,0.7823892,0.0012151058,5674169,eclipsing_binary
1797.189960851094,0.7821133,0.0012166778,5674169,eclipsing_binary
1797.191349718908,0.78238803,0.001213111,5674169,eclipsing_binary
1797.1927385867223,0.7832371,0.0012145563,5674169,eclipsing_binary
1797.1941274545366,0.7832615,0.0012177406,5674169,eclipsing_binary
1797.1955163228154,0.78385407,0.0012181483,5674169,eclipsing_binary
1797.1969051906294,0.7876034,0.0012155906,5674169,eclipsing_binary
1797.1982940584444,0.79500973,0.0012216466,5674169,eclipsing_binary
1797.1996829262584,0.80556583,0.001219279,5674169,eclipsing_binary
1797.2010717940716,0.81608766,0.0012210885,5674169,eclipsing_binary
1797.2024606618852,0.828285,0.001222268,5674169,eclipsing_binary
1797.2038495296993,0.8422358,0.0012289122,5674169,eclipsing_binary
1797.2052383975142,0.85405356,0.0012263464,5674169,eclipsing_binary
1797.2066272653283,0.8691708,0.0012366474,5674169,eclipsing_binary
1797.2080161331414,0.88218045,0.0012334354,5674169,eclipsing_binary
1797.209405000955,0.89638263,0.0012367059,5674169,eclipsing_binary
1797.2107938687682,0.91014427,0.0012359285,5674169,eclipsing_binary
1797.2121827365831,0.9223133,0.0012379342,5674169,eclipsing_binary
1797.213571604398,0.9358779,0.0012493326,5674169,eclipsing_binary
1797.2149604722113,0.9475956,0.0012444888,5674169,eclipsing_binary
1797.2163493400249,0.95920604,0.0012478383,5674169,eclipsing_binary
1797.217738207838,0.97319585,0.0012492253,5674169,eclipsing_binary
1797.219127075653,0.98096144,0.0012492085,5674169,eclipsing_binary
1797.2205159434677,0.99055,0.001254879,5674169,eclipsing_binary
1797.221904811281,1.000358,0.0012533169,5674169,eclipsing_binary
1797.2232936790947,1.0080477,0.0012560888,5674169,eclipsing_binary
1797.2246825469078,1.0171057,0.0012543335,5674169,eclipsing_binary
1797.2260714147228,1.0239357,0.0012570446,5674169,eclipsing_binary
1797.2274602825373,1.0316355,0.0012609169,5674169,eclipsing_binary
1797.228849150351,1.0386372,0.0012583137,5674169,eclipsing_binary
1797.2302380176986,1.045675,0.001260673,5674169,eclipsing_binary
1797.231626885512,1.052266,0.0012648203,5674169,eclipsing_binary
1797.233015753327,1.0601255,0.001260575,5674169,eclipsing_binary
1797.2344046211415,1.0644864,0.0012705135,5674169,eclipsing_binary
1797.235793488955,1.0709845,0.0012631472,5674169,eclipsing_binary
1797.2371823567682,1.0762614,0.0012667079,5674169,eclipsing_binary
1797.2385712245818,1.0826608,0.0012682221,5674169,eclipsing_binary
1797.239960092396,1.0873495,0.0012677995,5674169,eclipsing_binary
1797.2413489597452,1.0940567,0.0012659976,5674169,eclipsing_binary
1797.2427378275593,1.0985476,0.0012676126,5674169,eclipsing_binary
1797.2441266953724,1.1044072,0.0012690367,5674169,eclipsing_binary
1797.245515563186,1.1081774,0.0012715138,5674169,eclipsing_binary
1797.246904431,1.1132303,0.0012742587,5674169,eclipsing_binary
1797.2482932988148,1.1181031,0.0012732991,5674169,eclipsing_binary
1797.2496821661634,1.1229613,0.001274777,5674169,eclipsing_binary
1797.2510710339766,1.124537,0.0012740799,5674169,eclipsing_binary
1797.2524599017902,1.1289417,0.0012727646,5674169,eclipsing_binary
1797.2538487696042,1.1326448,0.0012743854,5674169,eclipsing_binary
1797.255237636953,1.1342359,0.001276765,5674169,eclipsing_binary
1797.2566265047674,1.1365812,0.0012761274,5674169,eclipsing_binary
1797.2580153725808,1.1398561,0.0012755513,5674169,eclipsing_binary
1797.2594042403944,1.1425248,0.0012771328,5674169,eclipsing_binary
1797.2607931077428,1.1425879,0.0012762796,5674169,eclipsing_binary
1797.2621819755573,1.1429032,0.0012765408,5674169,eclipsing_binary
1797.2635708433713,1.1432441,0.0012763551,5674169,eclipsing_binary
1797.264959711185,1.1455538,0.001275719,5674169,eclipsing_binary
1797.2663485785326,1.1446847,0.0012782753,5674169,eclipsing_binary
1797.267737446347,1.1430348,0.0012808304,5674169,eclipsing_binary
1797.269126314161,1.1413559,0.0012751925,5674169,eclipsing_binary
1797.2705151815094,1.1419891,0.0012754614,5674169,eclipsing_binary
1797.2719040493234,1.1387405,0.001274009,5674169,eclipsing_binary
1797.2732929171366,1.1355151,0.0012739432,5674169,eclipsing_binary
1797.2746817844852,1.134466,0.0012753764,5674169,eclipsing_binary
1797.2760706522995,1.1300426,0.0012748748,5674169,eclipsing_binary
1797.2774595201136,1.1276456,0.0012780824,5674169,eclipsing_binary
1797.278848387462,1.1231443,0.0012734614,5674169,eclipsing_binary
1797.280237255275,1.1211431,0.0012751202,5674169,eclipsing_binary
1797.2816261226235,1.1148406,0.0012737737,5674169,eclipsing_binary
1797.2830149904376,1.1109759,0.0012702177,5674169,eclipsing_binary
1797.2844038582518,1.1054327,0.0012712037,5674169,eclipsing_binary
1797.2857927256005,1.1000962,0.0012765029,5674169,eclipsing_binary
1797.2871815934136,1.0938171,0.0012681338,5674169,eclipsing_binary
1797.288570460762,1.0877765,0.0012698175,5674169,eclipsing_binary
1797.289959328576,1.0820274,0.0012683971,5674169,eclipsing_binary
1797.2913481963901,1.0748273,0.0012712465,5674169,eclipsing_binary
1797.2927370637385,1.0680735,0.0012661061,5674169,eclipsing_binary
1797.2941259315521,1.0606722,0.0012625321,5674169,eclipsing_binary
1797.2955147989005,1.0531886,0.0012598576,5674169,eclipsing_binary
1797.2969036667146,1.0455372,0.001259617,5674169,eclipsing_binary
1797.2982925340625,1.0401431,0.0012594117,5674169,eclipsing_binary
1797.2996814018766,1.0316758,0.0012571177,5674169,eclipsing_binary
1797.301070269225,1.022581,0.0012592241,5674169,eclipsing_binary
1797.302459137039,1.0128528,0.0012548584,5674169,eclipsing_binary
1797.3038480043874,1.0032234,0.0012546908,5674169,eclipsing_binary
1797.305236872201,0.9935032,0.0012503841,5674169,eclipsing_binary
1797.3066257395494,0.9829377,0.001249626,5674169,eclipsing_binary
1797.3080146073635,0.97099566,0.0012515312,5674169,eclipsing_binary
1797.3094034747119,0.96191233,0.001245859,5674169,eclipsing_binary
1797.3107923420603,0.9481988,0.0012456304,5674169,eclipsing_binary
1797.3121812098736,0.9374842,0.0012412572,5674169,eclipsing_binary
1797.3135700772223,0.92438436,0.0012404241,5674169,eclipsing_binary
1797.3149589450363,0.91176015,0.0012373978,5674169,eclipsing_binary
1797.3163478123847,0.9001873,0.0012359504,5674169,eclipsing_binary
1797.3177366801988,0.8857339,0.0012345151,5674169,eclipsing_binary
1797.3191255475463,0.873509,0.0012358974,5674169,eclipsing_binary
1797.320514414895,0.85926163,0.0012289274,5674169,eclipsing_binary
1797.3219032827092,0.8456566,0.0012284953,5674169,eclipsing_binary
1797.3232921500576,0.8317693,0.001223312,5674169,eclipsing_binary
1797.3246810178716,0.8196556,0.0012255477,5674169,eclipsing_binary
1797.326069885219,0.80704063,0.0012205992,5674169,eclipsing_binary
1797.327458752567,0.7967475,0.0012219008,5674169,eclipsing_binary
1797.328847620381,0.78912425,0.0012157405,5674169,eclipsing_binary
1797.3302364877302,0.7831192,0.0012163047,5674169,eclipsing_binary
1797.3316253550788,0.7810758,0.0012159958,5674169,eclipsing_binary
1797.333014222892,0.77834576,0.0012142159,5674169,eclipsing_binary
1797.33440309024,0.77703935,0.0012147127,5674169,eclipsing_binary
1797.3357919575883,0.77580017,0.0012169124,5674169,eclipsing_binary
1797.3371808254028,0.7754778,0.0012138543,5674169,eclipsing_binary
1797.3385696927514,0.77608144,0.0012156458,5674169,eclipsing_binary
1797.3399585600991,0.7738188,0.0012198999,5674169,eclipsing_binary
1797.341347427447,0.7735854,0.0012174705,5674169,eclipsing_binary
1797.3427362952611,0.77295524,0.0012137629,5674169,eclipsing_binary
1797.34412516261,0.77228606,0.001210996,5674169,eclipsing_binary
1797.3455140299584,0.7726702,0.0012179721,5674169,eclipsing_binary
1797.3469028973063,0.77568734,0.0012137998,5674169,eclipsing_binary
1797.3482917651197,0.77458495,0.0012129258,5674169,eclipsing_binary
1797.3496806324683,0.775609,0.0012168676,5674169,eclipsing_binary
1797.3510694998172,0.77529377,0.001216785,5674169,eclipsing_binary
1797.3524583671656,0.7776172,0.001215926,5674169,eclipsing_binary
1797.3538472345135,0.7788164,0.0012162556,5674169,eclipsing_binary
1797.3552361023267,0.7835396,0.0012145627,5674169,eclipsing_binary
1797.3566249696746,0.78965926,0.0012153082,5674169,eclipsing_binary
1797.3580138370237,0.7980926,0.0012192874,5674169,eclipsing_binary
1797.3594027043728,0.80938923,0.0012196392,5674169,eclipsing_binary
1797.3607915717207,0.8221529,0.0012205885,5674169,eclipsing_binary
1797.3621804395339,0.83363587,0.0012267123,5674169,eclipsing_binary
1797.3635693068818,0.8476326,0.0012260239,5674169,eclipsing_binary
1797.3649581742307,0.8607409,0.0012281446,5674169,eclipsing_binary
1797.36634704158,0.87300044,0.0012318891,5674169,eclipsing_binary
1797.367735908928,0.885385,0.001232141,5674169,eclipsing_binary
1797.3691247762754,0.8982609,0.001234612,5674169,eclipsing_binary
1797.3705136436233,0.9110828,0.0012374488,5674169,eclipsing_binary
1797.3719025109722,0.9219608,0.0012390253,5674169,eclipsing_binary
1797.3732913787871,0.9341122,0.0012394688,5674169,eclipsing_binary
1797.3746802461346,0.94445145,0.0012459081,5674169,eclipsing_binary
1797.3760691134826,0.9564286,0.001244603,5674169,eclipsing_binary
1797.3774579808305,0.96631706,0.0012468573,5674169,eclipsing_binary
1797.3788468481794,0.9775344,0.0012499694,5674169,eclipsing_binary
1797.3802357155287,0.9874556,0.0012505287,5674169,eclipsing_binary
1797.3816245828762,0.9951241,0.0012554891,5674169,eclipsing_binary
1797.383013450224,1.0032306,0.001252558,5674169,eclipsing_binary
1797.3844023175718,1.0126799,0.0012575637,5674169,eclipsing_binary
1797.3857911849204,1.021187,0.0012577127,5674169,eclipsing_binary
1797.3871800522693,1.0282506,0.0012554311,5674169,eclipsing_binary
1797.3885689196177,1.0363835,0.0012577858,5674169,eclipsing_binary
1797.3899577869656,1.0421644,0.0012573719,5674169,eclipsing_binary
1797.391346654313,1.0498178,0.0012604359,5674169,eclipsing_binary
1797.3927355216615,1.0530753,0.0012614258,5674169,eclipsing_binary
1797.3941243890108,1.0620527,0.0012644322,5674169,eclipsing_binary
1797.3955132563592,1.0675076,0.0012638214,5674169,eclipsing_binary
1797.3969021237072,1.0723851,0.0012643312,5674169,eclipsing_binary
1797.3982909910546,1.0784515,0.0012646372,5674169,eclipsing_binary
1797.399679858403,1.0844601,0.0012660048,5674169,eclipsing_binary
1797.4010687257523,1.0880643,0.0012713136,5674169,eclipsing_binary
1797.4024575931007,1.0949025,0.0012692858,5674169,eclipsing_binary
1797.4038464604487,1.0974569,0.0012700593,5674169,eclipsing_binary
1797.4052353277962,1.1024686,0.0012711011,5674169,eclipsing_binary
1797.406624194679,1.107882,0.0012730091,5674169,eclipsing_binary
1797.4080130620282,1.1103394,0.0012718074,5674169,eclipsing_binary
1797.4094019293766,1.112809,0.001270928,5674169,eclipsing_binary
1797.410790796724,1.1161356,0.0012706164,5674169,eclipsing_binary
1797.412179664072,1.1176416,0.0012710938,5674169,eclipsing_binary
1797.4135685314204,1.1227064,0.0012744069,5674169,eclipsing_binary
1797.4149573987688,1.122413,0.0012736015,5674169,eclipsing_binary
1797.4163462661172,1.123834,0.0012736232,5674169,eclipsing_binary
1797.417735133,1.1244761,0.0012748212,5674169,eclipsing_binary
1797.419124000348,1.1273069,0.0012725043,5674169,eclipsing_binary
1797.4205128676963,1.1251882,0.0012746622,5674169,eclipsing_binary
1797.4219017350447,1.1244615,0.0012709883,5674169,eclipsing_binary
1797.423290602393,1.1240157,0.001273699,5674169,eclipsing_binary
1797.4246794697415,1.1232647,0.0012740844,5674169,eclipsing_binary
1797.4260683366238,1.1221873,0.001272299,5674169,eclipsing_binary
1797.4274572039722,1.1199102,0.0012727993,5674169,eclipsing_binary
1797.4288460713205,1.1177042,0.0012752183,5674169,eclipsing_binary
1797.430234938669,1.1152862,0.0012721209,5674169,eclipsing_binary
1797.4316238055517,1.1122233,0.0012739053,5674169,eclipsing_binary
1797.4330126728996,1.1084657,0.0012715439,5674169,eclipsing_binary
1797.434401540248,1.1081755,0.0012718682,5674169,eclipsing_binary
1797.4357904075964,1.1023089,0.0012708454,5674169,eclipsing_binary
1797.4371792744791,1.0989668,0.0012701241,5674169,eclipsing_binary
1797.4385681418275,1.0955238,0.0012677014,5674169,eclipsing_binary
1797.4399570091755,1.0923278,0.0012668316,5674169,eclipsing_binary
1797.4413458765239,1.0857612,0.001269441,5674169,eclipsing_binary
1797.4427347434066,1.0814643,0.001266227,5674169,eclipsing_binary
1797.444123610754,1.0769777,0.0012644649,5674169,eclipsing_binary
1797.4455124781025,1.0705767,0.0012631092,5674169,eclipsing_binary
1797.4469013449852,1.0650892,0.0012634863,5674169,eclipsing_binary
1797.4482902123339,1.0593134,0.0012639299,5674169,eclipsing_binary
1797.4496790796825,1.0533627,0.001263286,5674169,eclipsing_binary
1797.4510679465643,1.0470724,0.0012651428,5674169,eclipsing_binary
1797.4524568139127,1.0403703,0.0012582912,5674169,eclipsing_binary
1797.453845681261,1.0355134,0.0012577281,5674169,eclipsing_binary
1797.4552345481438,1.0281624,0.0012572698,5674169,eclipsing_binary
1797.4566234154922,1.0226027,0.0012542531,5674169,eclipsing_binary
1797.4580122828402,1.0146406,0.0012584949,5674169,eclipsing_binary
1797.459401149723,1.0084022,0.001255094,5674169,eclipsing_binary
1797.4607900170713,1.0008812,0.0012527038,5674169,eclipsing_binary
1797.462178883954,0.99299383,0.0012519396,5674169,eclipsing_binary
1797.4635677513024,0.9825516,0.0012509393,5674169,eclipsing_binary
1797.4649566181847,0.97303724,0.0012538349,5674169,eclipsing_binary
1797.466345485533,0.96341884,0.0012462434,5674169,eclipsing_binary
1797.4677343528815,0.954107,0.0012450889,5674169,eclipsing_binary
1797.4691232197642,0.9437355,0.0012426467,5674169,eclipsing_binary
1797.4705120871126,0.9307064,0.0012403306,5674169,eclipsing_binary
1797.471900953995,0.91911906,0.0012395884,5674169,eclipsing_binary
1797.4732898213433,0.90755814,0.0012349929,5674169,eclipsing_binary
1797.474678688226,0.89387816,0.0012333122,5674169,eclipsing_binary
1797.4760675555744,0.88040656,0.0012312168,5674169,eclipsing_binary
1797.4774564224572,0.8667064,0.0012304488,5674169,eclipsing_binary
1797.4788452898051,0.8564597,0.0012295435,5674169,eclipsing_binary
1797.480234156687,0.84037095,0.0012265382,5674169,eclipsing_binary
1797.4816230240353,0.8279959,0.0012219995,5674169,eclipsing_binary
1797.483011890919,0.81645685,0.0012204509,5674169,eclipsing_binary
1797.4844007582674,0.80485344,0.0012205451,5674169,eclipsing_binary
1797.4857896251497,0.795536,0.0012159025,5674169,eclipsing_binary
1797.4871784924972,0.78673613,0.0012161968,5674169,eclipsing_binary
1797.4885673593799,0.7837839,0.0012161415,5674169,eclipsing_binary
1797.4899562267292,0.7828923,0.0012156488,5674169,eclipsing_binary
1797.491345093612,0.7824257,0.001214164,5674169,eclipsing_binary
1797.4927339604938,0.7815529,0.0012152041,5674169,eclipsing_binary
1797.4941228278417,0.7797305,0.001213915,5674169,eclipsing_binary
1797.4955116947244,0.78173274,0.001214504,5674169,eclipsing_binary
1797.4969005620737,0.78197926,0.001217695,5674169,eclipsing_binary
1797.4982894289565,0.7808695,0.0012193824,5674169,eclipsing_binary
1797.4996782958383,0.78142816,0.0012172303,5674169,eclipsing_binary
1797.5010671631862,0.7797203,0.0012216562,5674169,eclipsing_binary
1797.502456030069,0.7803714,0.0012181643,5674169,eclipsing_binary
1797.5038448974183,0.7813829,0.0012183622,5674169,eclipsing_binary
1797.505233764301,0.78149855,0.001216126,5674169,eclipsing_binary
1797.5066226311828,0.78189677,0.0012157088,5674169,eclipsing_binary
1797.5080114985308,0.7809408,0.0012154502,5674169,eclipsing_binary
1797.5094003654135,0.7818364,0.0012141736,5674169,eclipsing_binary
1797.5107892322967,0.78307897,0.0012173157,5674169,eclipsing_binary
1797.5121780996453,0.78255755,0.0012185804,5674169,eclipsing_binary
1797.5135669665274,0.7835199,0.0012173592,5674169,eclipsing_binary
1797.5149558334097,0.7866842,0.0012187618,5674169,eclipsing_binary
1797.5163447002924,0.79448706,0.0012193014,5674169,eclipsing_binary
1797.5177335676412,0.80279803,0.0012197146,5674169,eclipsing_binary
1797.519122434524,0.8136992,0.0012197428,5674169,eclipsing_binary
1797.5205113014063,0.8258047,0.0012230637,5674169,eclipsing_binary
1797.5219001682885,0.83857876,0.0012252986,5674169,eclipsing_binary
1797.523289035637,0.85307777,0.0012263188,5674169,eclipsing_binary
1797.5246779025201,0.8666897,0.0012291635,5674169,eclipsing_binary
1797.5260667694029,0.88058424,0.001230193,5674169,eclipsing_binary
1797.5274556362851,0.8923835,0.0012349493,5674169,eclipsing_binary
1797.5288445036326,0.9072717,0.0012361532,5674169,eclipsing_binary
1797.5302333705156,0.9203121,0.0012391887,5674169,eclipsing_binary
1797.531622237399,0.93202096,0.0012425715,5674169,eclipsing_binary
1797.5330111042817,0.9455772,0.0012422778,5674169,eclipsing_binary
1797.534399971164,0.95664865,0.0012448136,5674169,eclipsing_binary
1797.5357888385115,0.9692966,0.0012503373,5674169,eclipsing_binary
1797.5371777053942,0.9791551,0.0012498598,5674169,eclipsing_binary
1797.538566572278,0.9897418,0.0012511011,5674169,eclipsing_binary
1797.5399554391606,0.9989378,0.001255935,5674169,eclipsing_binary
1797.541344306043,1.0060726,0.0012525248,5674169,eclipsing_binary
1797.5427331729247,1.0145656,0.0012563904,5674169,eclipsing_binary
1797.5441220402731,1.022198,0.0012610944,5674169,eclipsing_binary
1797.5455109071559,1.0300353,0.0012599642,5674169,eclipsing_binary
1797.5468997740386,1.0363263,0.0012578586,5674169,eclipsing_binary
1797.5482886409216,1.0439888,0.0012605102,5674169,eclipsing_binary
1797.5496775078036,1.0509516,0.0012617456,5674169,eclipsing_binary
1797.5510663746863,1.055695,0.0012605421,5674169,eclipsing_binary
1797.552455241569,1.0615677,0.0012636216,5674169,eclipsing_binary
1797.5538441084518,1.0673306,0.0012645128,5674169,eclipsing_binary
1797.5552329753345,1.0744373,0.0012634716,5674169,eclipsing_binary
1797.5566218422168,1.0799246,0.0012652786,5674169,eclipsing_binary
1797.5580107090996,1.0882969,0.0012678812,5674169,eclipsing_binary
1797.559399576448,1.0918672,0.0012668626,5674169,eclipsing_binary
1797.5607884433307,1.097165,0.0012693994,5674169,eclipsing_binary
1797.5621773102134,1.1031265,0.0012699999,5674169,eclipsing_binary
1797.5635661770957,1.1074984,0.0012707995,5674169,eclipsing_binary
1797.5649550439784,1.1118855,0.0012734893,5674169,eclipsing_binary
1797.5663439108612,1.1147751,0.0012760301,5674169,eclipsing_binary
1797.567732777744,1.1199783,0.001272273,5674169,eclipsing_binary
1797.5691216446266,1.1250397,0.0012730553,5674169,eclipsing_binary
1797.570510511509,1.1277311,0.0012741152,5674169,eclipsing_binary
1797.5718993783917,1.1299076,0.001275203,5674169,eclipsing_binary
1797.5732882452744,1.1320827,0.0012740929,5674169,eclipsing_binary
1797.5746771121562,1.1352185,0.0012742692,5674169,eclipsing_binary
1797.5760659790392,1.1387559,0.0012756466,5674169,eclipsing_binary
1797.5774548454565,1.1399162,0.0012801928,5674169,eclipsing_binary
1797.5788437123392,1.1398981,0.0012780508,5674169,eclipsing_binary
1797.580232579222,1.140532,0.0012741613,5674169,eclipsing_binary
1797.5816214461038,1.1444193,0.001277615,5674169,eclipsing_binary
1797.5830103129865,1.141336,0.0012794088,5674169,eclipsing_binary
1797.5843991798695,1.1430041,0.00127769,5674169,eclipsing_binary
1797.5857880467524,1.1418339,0.0012771246,5674169,eclipsing_binary
1797.5871769136352,1.1399454,0.0012774363,5674169,eclipsing_binary
1797.588565780517,1.139459,0.0012771214,5674169,eclipsing_binary
1797.5899546473997,1.1375039,0.0012736218,5674169,eclipsing_binary
1797.5913435138168,1.1342608,0.0012762186,5674169,eclipsing_binary
1797.5927323806995,1.1336104,0.0012756969,5674169,eclipsing_binary
1797.5941212475825,1.1304355,0.0012748826,5674169,eclipsing_binary
1797.5955101144646,1.1270051,0.0012740378,5674169,eclipsing_binary
1797.5968989813473,1.12386,0.0012740426,5674169,eclipsing_binary
1797.59828784823,1.1189498,0.0012773862,5674169,eclipsing_binary
1797.5996767151128,1.1142863,0.0012721819,5674169,eclipsing_binary
1797.6010655815298,1.111129,0.0012726221,5674169,eclipsing_binary
1797.6024544484121,1.1038791,0.0012713922,5674169,eclipsing_binary
1797.6038433152949,1.099365,0.0012751177,5674169,eclipsing_binary
1797.6052321821776,1.0930897,0.0012677102,5674169,eclipsing_binary
1797.6066210490603,1.0875787,0.0012660521,5674169,eclipsing_binary
1797.6080099154774,1.0813029,0.0012643416,5674169,eclipsing_binary
1797.6093987823597,1.0743396,0.0012645058,5674169,eclipsing_binary
1797.6107876492415,1.0670862,0.0012696746,5674169,eclipsing_binary
1797.6121765161245,1.0615449,0.0012635642,5674169,eclipsing_binary
1797.6135653825422,1.0548586,0.0012626876,5674169,eclipsing_binary
1797.614954249425,1.0466272,0.0012614242,5674169,eclipsing_binary
1797.6163431163072,1.0390527,0.0012600657,5674169,eclipsing_binary
1797.617731983189,1.0301981,0.0012566436,5674169,eclipsing_binary
1797.6191208496061,1.0232534,0.0012605035,5674169,eclipsing_binary
1797.6205097164898,1.012167,0.0012551033,5674169,eclipsing_binary
1797.6218985833725,1.0042912,0.0012528993,5674169,eclipsing_binary
1797.6232874497891,0.99264294,0.0012516619,5674169,eclipsing_binary
1797.624676316671,0.98284084,0.001250626,5674169,eclipsing_binary
1797.6260651835537,0.9726414,0.001247505,5674169,eclipsing_binary
1797.6274540499717,0.96128905,0.0012466325,5674169,eclipsing_binary
1797.6288429168544,0.9502098,0.0012463621,5674169,eclipsing_binary
1797.6302317837365,0.9369953,0.0012438454,5674169,eclipsing_binary
1797.6316206501529,0.9260735,0.0012396231,5674169,eclipsing_binary
1797.6330095170356,0.9124752,0.0012383842,5674169,eclipsing_binary
1797.6343983839192,0.9007803,0.0012360921,5674169,eclipsing_binary
1797.6357872503363,0.88551176,0.0012321768,5674169,eclipsing_binary
1797.6371761172181,0.87297815,0.0012298264,5674169,eclipsing_binary
1797.6385649836348,0.8604137,0.0012286488,5674169,eclipsing_binary
1797.6399538505175,0.84695464,0.0012272801,5674169,eclipsing_binary
1797.6413427174011,0.83372813,0.0012233015,5674169,eclipsing_binary
1797.6427315838182,0.8208676,0.0012218964,5674169,eclipsing_binary
1797.6441204507,0.80875516,0.0012220005,5674169,eclipsing_binary
1797.6455093171166,0.79739654,0.0012188647,5674169,eclipsing_binary
1797.6468981839985,0.78940165,0.0012174324,5674169,eclipsing_binary
1797.6482870504165,0.785217,0.0012161698,5674169,eclipsing_binary
1797.6496759173,0.781129,0.0012134305,5674169,eclipsing_binary
1797.651064784182,0.7784122,0.0012141898,5674169,eclipsing_binary
1797.6524536505985,0.77688086,0.0012147824,5674169,eclipsing_binary
1797.6538425174804,0.77690625,0.0012182771,5674169,eclipsing_binary
1797.6552313838984,0.7758685,0.0012130489,5674169,eclipsing_binary
1797.6566202507815,0.77509546,0.0012141482,5674169,eclipsing_binary
1797.6580091171982,0.775766,0.0012173121,5674169,eclipsing_binary
1797.6593979840804,0.77309203,0.0012148025,5674169,eclipsing_binary
1797.6607868504966,0.77291155,0.0012140285,5674169,eclipsing_binary
1797.6621757173803,0.7727366,0.0012135286,5674169,eclipsing_binary
1797.6635645837978,0.7730341,0.001213934,5674169,eclipsing_binary
1797.66495345068,0.7741584,0.0012174643,5674169,eclipsing_binary
1797.6663423170965,0.7746557,0.0012135777,5674169,eclipsing_binary
1797.6677311835128,0.77427834,0.0012128341,5674169,eclipsing_binary
1797.6691200503965,0.7759535,0.0012145245,5674169,eclipsing_binary
1797.670508916814,0.77753645,0.0012218151,5674169,eclipsing_binary
1797.6718977836963,0.7785257,0.0012146418,5674169,eclipsing_binary
1797.6732866501125,0.781463,0.001214962,5674169,eclipsing_binary
1797.6746755169947,0.7886824,0.0012164735,5674169,eclipsing_binary
1797.6760643834125,0.7979082,0.0012178493,5674169,eclipsing_binary
1797.6774532498303,0.8082908,0.0012230782,5674169,eclipsing_binary
1797.6788421167125,0.8202659,0.00122699,5674169,eclipsing_binary
1797.6802309831287,0.83326876,0.0012278502,5674169,eclipsing_binary
1797.6816198495453,0.84613687,0.0012265516,5674169,eclipsing_binary
1797.683008716428,0.8575865,0.0012296146,5674169,eclipsing_binary
1797.6843975828458,0.8709233,0.0012384234,5674169,eclipsing_binary
1797.685786449263,0.88404304,0.0012313244,5674169,eclipsing_binary
1797.687175316145,0.89619076,0.0012374303,5674169,eclipsing_binary
1797.6885641825615,0.909297,0.0012373892,5674169,eclipsing_binary
1797.6899530489786,0.92157674,0.0012394879,5674169,eclipsing_binary
1797.6913419158618,0.93293643,0.0012403149,5674169,eclipsing_binary
1797.6927307822789,0.943623,0.001247307,5674169,eclipsing_binary
1797.6941196486955,0.9553572,0.0012447509,5674169,eclipsing_binary
1797.6955085155778,0.96579665,0.0012464509,5674169,eclipsing_binary
1797.6968973819949,0.97475183,0.0012493961,5674169,eclipsing_binary
1797.6982862484124,0.986777,0.0012502054,5674169,eclipsing_binary
1797.6996751148295,0.9940076,0.0012529481,5674169,eclipsing_binary
1797.7010639817117,1.0035019,0.0012523179,5674169,eclipsing_binary
1797.702452848128,1.0113009,0.001253098,5674169,eclipsing_binary
1797.7038417145452,1.0195111,0.0012581067,5674169,eclipsing_binary
1797.705230580963,1.0284728,0.001255618,5674169,eclipsing_binary
1797.7066194478457,1.0344411,0.001263036,5674169,eclipsing_binary
1797.7080083142623,1.0415282,0.0012577096,5674169,eclipsing_binary
1797.7093971806785,1.046381,0.0012590886,5674169,eclipsing_binary
1797.7107860470956,1.0530907,0.0012588106,5674169,eclipsing_binary
1797.7121749139792,1.0611141,0.0012644405,5674169,eclipsing_binary
1797.7135637803963,1.0667112,0.0012639313,5674169,eclipsing_binary
1797.714952646813,1.071437,0.0012627604,5674169,eclipsing_binary
1797.716341513229,1.0791974,0.0012645337,5674169,eclipsing_binary
1797.7177303796461,1.0842632,0.0012660851,5674169,eclipsing_binary
1797.7191192460632,1.0905071,0.0012686779,5674169,eclipsing_binary
1797.7205081129462,1.0921787,0.0012683508,5674169,eclipsing_binary
1797.7218969793635,1.0982103,0.0012669357,5674169,eclipsing_binary
1797.7232858457796,1.1025742,0.0012748019,5674169,eclipsing_binary
1797.7246747121967,1.105891,0.0012716346,5674169,eclipsing_binary
1797.7260635786138,1.109586,0.0012718006,5674169,eclipsing_binary
1797.7274524450308,1.1130437,0.0012711525,5674169,eclipsing_binary
1797.728841311448,1.1158653,0.0012745726,5674169,eclipsing_binary
1797.7302301778645,1.118901,0.0012735089,5674169,eclipsing_binary
1797.7316190442816,1.1210012,0.0012711952,5674169,eclipsing_binary
1797.7330079111643,1.1204717,0.0012769764,5674169,eclipsing_binary
1797.7343967775814,1.1244043,0.0012740889,5674169,eclipsing_binary
1797.7357856439985,1.1234444,0.0012749658,5674169,eclipsing_binary
1797.7371745104151,1.1266274,0.0012774774,5674169,eclipsing_binary
1797.7385633768322,1.1242738,0.0012781611,5674169,eclipsing_binary
1797.7399522432493,1.1252779,0.0012780334,5674169,eclipsing_binary
1797.7413411096663,1.1240815,0.0012727054,5674169,eclipsing_binary
1797.7427299760834,1.1233314,0.001270982,5674169,eclipsing_binary
1797.7441188425,1.1215397,0.0012727432,5674169,eclipsing_binary
1797.745507708917,1.1189643,0.0012748928,5674169,eclipsing_binary
1797.7468965753342,1.118568,0.0012721418,5674169,eclipsing_binary
1797.7482854417512,1.1168293,0.0012731839,5674169,eclipsing_binary
1797.7496743081683,1.1131313,0.0012747757,5674169,eclipsing_binary
1797.751063174585,1.1095921,0.0012699111,5674169,eclipsing_binary
1797.752452041002,1.1073335,0.0012707574,5674169,eclipsing_binary
1797.753840907419,1.1024492,0.0012733554,5674169,eclipsing_binary
1797.7552297738353,1.1004761,0.0012704373,5674169,eclipsing_binary
1797.7566186402523,1.0958104,0.0012747308,5674169,eclipsing_binary
1797.7580075066696,1.0920823,0.0012685261,5674169,eclipsing_binary
1797.759396373087,1.0865784,0.0012673357,5674169,eclipsing_binary
1797.760785239504,1.0817375,0.001266827,5674169,eclipsing_binary
1797.7621741054545,1.0744293,0.0012675321,5674169,eclipsing_binary
1797.7635629718716,1.0714804,0.0012640244,5674169,eclipsing_binary
1797.7649518382887,1.0656621,0.0012634626,5674169,eclipsing_binary
1797.766340704706,1.0589299,0.0012621807,5674169,eclipsing_binary
1797.7677295711233,1.0527118,0.0012635678,5674169,eclipsing_binary
1797.7691184375394,1.0467945,0.0012599934,5674169,eclipsing_binary
1797.7705073039565,1.0425456,0.0012597347,5674169,eclipsing_binary
1797.7718961703736,1.0354309,0.0012611146,5674169,eclipsing_binary
1797.7732850367906,1.0282578,0.0012624654,5674169,eclipsing_binary
1797.774673902742,1.0231311,0.001257189,5674169,eclipsing_binary
1797.7760627691587,1.0177493,0.0012575354,5674169,eclipsing_binary
1797.7774516355757,1.0081123,0.0012552848,5674169,eclipsing_binary
1797.7788405019928,1.0014418,0.0012530558,5674169,eclipsing_binary
1797.78022936841,0.99354625,0.0012524422,5674169,eclipsing_binary
1797.781618234827,0.98375624,0.0012524015,5674169,eclipsing_binary
1797.783007100778,0.975635,0.001249632,5674169,eclipsing_binary
1797.784395967195,0.96593916,0.0012473045,5674169,eclipsing_binary
1797.785784833612,0.95478785,0.0012512578,5674169,eclipsing_binary
1797.7871737000291,0.9439484,0.001241395,5674169,eclipsing_binary
1797.7885625659806,0.93251824,0.0012414199,5674169,eclipsing_binary
1797.7899514323972,0.9194941,0.00123918,5674169,eclipsing_binary
1797.7913402988133,0.90709454,0.0012374549,5674169,eclipsing_binary
1797.7927291652304,0.89473253,0.0012347498,5674169,eclipsing_binary
1797.7941180316484,0.88161355,0.0012335966,5674169,eclipsing_binary
1797.7955068975998,0.86892366,0.0012300868,5674169,eclipsing_binary
1797.7968957640164,0.856184,0.0012276395,5674169,eclipsing_binary
1797.7982846304326,0.84212285,0.0012249189,5674169,eclipsing_binary
1797.799673496384,0.830012,0.0012252427,5674169,eclipsing_binary
1797.801062362802,0.81836313,0.0012246056,5674169,eclipsing_binary
1797.802451229219,0.8060739,0.0012214333,5674169,eclipsing_binary
1797.80384009517,0.7957322,0.0012163477,5674169,eclipsing_binary
1797.8052289615862,0.78787774,0.0012168703,5674169,eclipsing_binary
1797.8066178280033,0.7839533,0.0012146027,5674169,eclipsing_binary
1797.8080066944212,0.7826281,0.0012139793,5674169,eclipsing_binary
1797.8093955603726,0.7820072,0.0012175845,5674169,eclipsing_binary
1797.8107844267888,0.7814748,0.0012210328,5674169,eclipsing_binary
1797.8121732927398,0.7815532,0.0012155882,5674169,eclipsing_binary
1797.8135621591568,0.7815229,0.001217898,5674169,eclipsing_binary
1797.8149510255748,0.7803981,0.0012207772,5674169,eclipsing_binary
1797.8163398915262,0.7805267,0.0012165855,5674169,eclipsing_binary
1797.8177287579424,0.7831808,0.0012153807,5674169,eclipsing_binary
1797.819117624359,0.7804389,0.0012188336,5674169,eclipsing_binary
1797.8205064903104,0.7816304,0.0012195378,5674169,eclipsing_binary
1797.8218953567282,0.78182524,0.001215191,5674169,eclipsing_binary
1797.8232842226798,0.7816638,0.001214881,5674169,eclipsing_binary
1797.824673089096,0.78107715,0.001218572,5674169,eclipsing_binary
1797.826061955047,0.78113836,0.0012154175,5674169,eclipsing_binary
1797.8274508214645,0.78193736,0.0012160594,5674169,eclipsing_binary
1797.8288396878825,0.7826462,0.0012205762,5674169,eclipsing_binary
1797.8302285538332,0.7825965,0.0012172664,5674169,eclipsing_binary
1797.8316174202496,0.7852218,0.001220588,5674169,eclipsing_binary
1797.8330062862005,0.7859453,0.0012173353,5674169,eclipsing_binary
1797.8343951526176,0.7927069,0.00121708,5674169,eclipsing_binary
1797.8357840185695,0.80187446,0.0012184416,5674169,eclipsing_binary
1797.8371728849866,0.81380886,0.001220729,5674169,eclipsing_binary
1797.8385617509375,0.82536787,0.001231361,5674169,eclipsing_binary
1797.839950617354,0.8395383,0.0012296524,5674169,eclipsing_binary
1797.8413394833055,0.8512047,0.0012265804,5674169,eclipsing_binary
1797.842728349723,0.8656576,0.0012293082,5674169,eclipsing_binary
1797.8441172156745,0.8776185,0.0012320614,5674169,eclipsing_binary
1797.845506082091,0.89113206,0.0012349022,5674169,eclipsing_binary
1797.8468949480416,0.90492785,0.001235294,5674169,eclipsing_binary
1797.8482838139932,0.9185998,0.001237214,5674169,eclipsing_binary
1797.849672680411,0.93200624,0.0012465157,5674169,eclipsing_binary
1797.8510615463624,0.9435623,0.0012451095,5674169,eclipsing_binary
1797.852450412779,0.9552907,0.0012456476,5674169,eclipsing_binary
1797.8538392787295,0.96538377,0.0012474962,5674169,eclipsing_binary
1797.8552281451466,0.9779848,0.0012511313,5674169,eclipsing_binary
1797.856617011099,0.9865335,0.0012506846,5674169,eclipsing_binary
1797.8580058770503,0.9976984,0.0012508344,5674169,eclipsing_binary
1797.859394743467,1.0057917,0.0012551461,5674169,eclipsing_binary
1797.8607836094175,1.0134792,0.0012543024,5674169,eclipsing_binary
1797.8621724753689,1.0219008,0.0012545197,5674169,eclipsing_binary
1797.8635613417869,1.0285414,0.0012583999,5674169,eclipsing_binary
1797.8649502077383,1.0358738,0.001257155,5674169,eclipsing_binary
1797.8663390741547,1.0441878,0.001260276,5674169,eclipsing_binary
1797.8677279401054,1.0502398,0.0012600563,5674169,eclipsing_binary
1797.8691168060568,1.0556896,0.0012635713,5674169,eclipsing_binary
1797.8705056724739,1.062374,0.0012613661,5674169,eclipsing_binary
1797.8718945384253,1.0675559,0.0012666848,5674169,eclipsing_binary
1797.8732834043767,1.0747021,0.0012637281,5674169,eclipsing_binary
1797.8746722703277,1.0798383,0.0012644675,5674169,eclipsing_binary
1797.8760611367447,1.0857682,0.0012676553,5674169,eclipsing_binary
1797.8774500026962,1.0914878,0.0012683552,5674169,eclipsing_binary
1797.8788388686476,1.0955923,0.0012681363,5674169,eclipsing_binary
1797.8802277350646,1.1018358,0.0012718762,5674169,eclipsing_binary
1797.8816166010156,1.107088,0.0012777353,5674169,eclipsing_binary
1797.883005466967,1.1113495,0.0012724866,5674169,eclipsing_binary
1797.8843943329184,1.116201,0.0012729786,5674169,eclipsing_binary
1797.8857831993355,1.1200646,0.0012703497,5674169,eclipsing_binary
1797.887172065287,1.1235667,0.0012728433,5674169,eclipsing_binary
1797.8885609312379,1.1260277,0.0012755054,5674169,eclipsing_binary
1797.8899497971893,1.1296566,0.0012751302,5674169,eclipsing_binary
1797.8913386631407,1.1337861,0.0012724177,5674169,eclipsing_binary
1797.8927275295578,1.1356003,0.0012766155,5674169,eclipsing_binary
1797.8941163955092,1.1370155,0.0012753581,5674169,eclipsing_binary
1797.8955052614601,1.1380469,0.0012788308,5674169,eclipsing_binary
1797.8968941274115,1.1396337,0.0012754726,5674169,eclipsing_binary
1797.898282993363,1.1425388,0.0012775611,5674169,eclipsing_binary
1797.8996718593144,1.1414309,0.0012766309,5674169,eclipsing_binary
1797.9010607257314,1.1418884,0.0012795106,5674169,eclipsing_binary
1797.902449591682,1.1414839,0.0012773363,5674169,eclipsing_binary
1797.9038384576336,1.1424625,0.0012751714,5674169,eclipsing_binary
1797.9052273235852,1.1403435,0.00127829,5674169,eclipsing_binary
1797.9066161895366,1.1388301,0.0012757254,5674169,eclipsing_binary
1797.908005055488,1.1383041,0.0012767664,5674169,eclipsing_binary
1797.9093939214386,1.1361862,0.0012726533,5674169,eclipsing_binary
1797.91078278739,1.1321903,0.0012776722,5674169,eclipsing_binary
1797.9121716538073,1.1310158,0.001278071,5674169,eclipsing_binary
1797.913560519758,1.1265748,0.0012773888,5674169,eclipsing_binary
1797.9149493857094,1.1231076,0.0012729542,5674169,eclipsing_binary
1797.9163382516608,1.1201435,0.0012743078,5674169,eclipsing_binary
1797.9177271176122,1.1133032,0.0012734194,5674169,eclipsing_binary
1797.9191159835636,1.1099997,0.0012723004,5674169,eclipsing_binary
1797.9205048495146,1.1048278,0.0012711552,5674169,eclipsing_binary
1797.921893715466,1.0999655,0.0012720234,5674169,eclipsing_binary
1797.9232825814174,1.0930015,0.0012704269,5674169,eclipsing_binary
1797.9246714473688,1.0890813,0.0012697731,5674169,eclipsing_binary
1797.9260603133202,1.0823783,0.0012672424,5674169,eclipsing_binary
1797.9274491792712,1.0754429,0.0012669852,5674169,eclipsing_binary
1797.9288380452226,1.0678326,0.0012644898,5674169,eclipsing_binary
1797.930226911174,1.062669,0.0012619866,5674169,eclipsing_binary
1797.9316157771254,1.0543374,0.0012614809,5674169,eclipsing_binary
1797.9330046430769,1.0476209,0.0012626175,5674169,eclipsing_binary
1797.9343935090278,1.039701,0.0012575688,5674169,eclipsing_binary
1797.9357823749792,1.0306863,0.0012589531,5674169,eclipsing_binary
1797.9371712409306,1.0218849,0.0012559978,5674169,eclipsing_binary
1797.938560106882,1.0134532,0.0012564068,5674169,eclipsing_binary
1797.9399489728335,1.0062559,0.0012524986,5674169,eclipsing_binary
1797.9413378387844,0.9946108,0.0012544547,5674169,eclipsing_binary
1797.9427267047358,0.9840701,0.0012500179,5674169,eclipsing_binary
1797.9441155706872,0.97421914,0.0012522597,5674169,eclipsing_binary
1797.945504436173,0.96143794,0.0012486341,5674169,eclipsing_binary
1797.9468933021244,0.9514675,0.0012459802,5674169,eclipsing_binary
1797.9482821680751,0.9388668,0.0012407878,5674169,eclipsing_binary
1797.9496710340268,0.9258462,0.001239591,5674169,eclipsing_binary
1797.9510598999782,0.9134348,0.0012381175,5674169,eclipsing_binary
1797.9524487659296,0.9021125,0.0012360993,5674169,eclipsing_binary
1797.953837631881,0.8897406,0.0012349738,5674169,eclipsing_binary
1797.9552264978315,0.87451243,0.0012303737,5674169,eclipsing_binary
1797.9566153633168,0.8610323,0.0012308062,5674169,eclipsing_binary
1797.9580042292682,0.8488001,0.0012296011,5674169,eclipsing_binary
1797.9593930952205,0.8349679,0.0012260573,5674169,eclipsing_binary
1797.960781961172,0.8235292,0.0012214945,5674169,eclipsing_binary
1797.9621708271225,0.8089694,0.0012189709,5674169,eclipsing_binary
1797.9635596930734,0.79944617,0.0012177861,5674169,eclipsing_binary
1797.9649485585592,0.78919953,0.0012290739,5674169,eclipsing_binary
1797.9663374245113,0.78486115,0.0012183945,5674169,eclipsing_binary
1797.967726290463,0.78146064,0.0012154682,5674169,eclipsing_binary
1797.9691151564134,0.77937186,0.0012165166,5674169,eclipsing_binary
1797.9705040218987,0.7777935,0.0012144212,5674169,eclipsing_binary
1797.9718928878501,0.77762103,0.0012158706,5674169,eclipsing_binary
1797.973281753802,0.7752855,0.0012142254,5674169,eclipsing_binary
1797.9746706197534,0.7746473,0.0012175601,5674169,eclipsing_binary
1797.9760594852387,0.7738033,0.0012158703,5674169,eclipsing_binary
1797.9774483511897,0.7755696,0.0012143886,5674169,eclipsing_binary
1797.978837217141,0.77297086,0.001218581,5674169,eclipsing_binary
1797.980226083093,0.7730358,0.0012159668,5674169,eclipsing_binary
1797.9816149485787,0.7731513,0.001214173,5674169,eclipsing_binary
1797.9830038145296,0.7726785,0.00121445,5674169,eclipsing_binary
1797.9843926804801,0.7726214,0.001212926,5674169,eclipsing_binary
1797.9857815459661,0.7747822,0.0012141232,5674169,eclipsing_binary
1797.9871704119182,0.77618116,0.001213904,5674169,eclipsing_binary
1797.9885592778696,0.77757007,0.0012178463,5674169,eclipsing_binary
1797.989948143355,0.77860075,0.0012152626,5674169,eclipsing_binary
1797.9913370093054,0.782686,0.0012176171,5674169,eclipsing_binary
1797.9927258752568,0.7880198,0.0012174979,5674169,eclipsing_binary
1797.9941147407435,0.7976794,0.0012167526,5674169,eclipsing_binary
1797.995503606695,0.80910903,0.0012270308,5674169,eclipsing_binary
1797.9968924726459,0.8210728,0.0012238241,5674169,eclipsing_binary
1797.9982813381307,0.83253664,0.001223228,5674169,eclipsing_binary
1797.9996702040817,0.8456838,0.0012300399,5674169,eclipsing_binary
1798.0010590700335,0.8572965,0.001234127,5674169,eclipsing_binary
1798.0024479355202,0.87076795,0.0012304242,5674169,eclipsing_binary
1798.0038368014712,0.8829614,0.0012335147,5674169,eclipsing_binary
1798.005225666956,0.8955679,0.001236764,5674169,eclipsing_binary
1798.006614532907,0.9082766,0.0012379192,5674169,eclipsing_binary
1798.0080033983932,0.91890734,0.0012388307,5674169,eclipsing_binary
1798.0093922643455,0.9316018,0.0012424813,5674169,eclipsing_binary
1798.010781130296,0.9437154,0.0012423167,5674169,eclipsing_binary
1798.0121699957813,0.9548835,0.0012468845,5674169,eclipsing_binary
1798.0135588617322,0.96528226,0.0012469704,5674169,eclipsing_binary
1798.0149477272184,0.9750734,0.001250958,5674169,eclipsing_binary
1798.0163365931708,0.9865378,0.0012552286,5674169,eclipsing_binary
1798.0177254586556,0.99319124,0.0012513844,5674169,eclipsing_binary
1798.0191143246066,1.0017344,0.0012511598,5674169,eclipsing_binary
1798.0205031900914,1.0116117,0.0012555392,5674169,eclipsing_binary
1798.0218920560437,1.0187439,0.0012575176,5674169,eclipsing_binary
1798.0232809215304,1.0246928,0.0012551975,5674169,eclipsing_binary
1798.024669787481,1.0329908,0.0012569296,5674169,eclipsing_binary
1798.0260586529662,1.0415306,0.0012620662,5674169,eclipsing_binary
1798.0274475189167,1.047819,0.0012671053,5674169,eclipsing_binary
1798.0288363844033,1.0536761,0.0012632392,5674169,eclipsing_binary
1798.0302252498898,1.0603458,0.0012653593,5674169,eclipsing_binary
1798.0316141158405,1.0668409,0.0012651178,5674169,eclipsing_binary
1798.0330029813258,1.0712053,0.0012680587,5674169,eclipsing_binary
1798.0343918472763,1.0767206,0.0012659592,5674169,eclipsing_binary
1798.035780712763,1.0824479,0.0012655709,5674169,eclipsing_binary
1798.0371695787148,1.0883616,0.0012720191,5674169,eclipsing_binary
1798.0385584442001,1.0924773,0.0012668016,5674169,eclipsing_binary
1798.0399473096852,1.098389,0.0012692995,5674169,eclipsing_binary
1798.041336175636,1.1035612,0.0012690224,5674169,eclipsing_binary
1798.0427250411217,1.1049458,0.0012683176,5674169,eclipsing_binary
1798.0441139066083,1.1107572,0.0012714254,5674169,eclipsing_binary
1798.0455027725598,1.1129297,0.0012729215,5674169,eclipsing_binary
1798.0468916380446,1.113769,0.0012719182,5674169,eclipsing_binary
1798.0482805039956,1.1180711,0.0012724996,5674169,eclipsing_binary
1798.0496693694813,1.1194197,0.0012773037,5674169,eclipsing_binary
1798.051058234968,1.1225917,0.0012743059,5674169,eclipsing_binary
1798.0524471004537,1.1220133,0.0012735126,5674169,eclipsing_binary
1798.0538359664042,1.1230814,0.0012758041,5674169,eclipsing_binary
1798.0552248318895,1.124762,0.0012717252,5674169,eclipsing_binary
1798.0566136973753,1.1258978,0.001274423,5674169,eclipsing_binary
1798.0580025633274,1.125729,0.001274284,5674169,eclipsing_binary
1798.0593914288133,1.124136,0.0012778876,5674169,eclipsing_binary
1798.0607802942982,1.1252648,0.0012765741,5674169,eclipsing_binary
1798.0621691602491,1.1225278,0.0012735468,5674169,eclipsing_binary
1798.063558025735,1.1191639,0.001274138,5674169,eclipsing_binary
1798.064946891221,1.1178416,0.0012722388,5674169,eclipsing_binary
1798.066335756707,1.1152436,0.0012734658,5674169,eclipsing_binary
1798.0677246226578,1.1144304,0.0012739989,5674169,eclipsing_binary
1798.069113488143,1.111358,0.001270862,5674169,eclipsing_binary
1798.0705023536289,1.1079142,0.0012712227,5674169,eclipsing_binary
1798.071891219115,1.1049582,0.0012712133,5674169,eclipsing_binary
1798.0732800846008,1.1016027,0.0012713432,5674169,eclipsing_binary
1798.0746689505518,1.0971761,0.0012689948,5674169,eclipsing_binary
1798.0760578160368,1.091116,0.001270607,5674169,eclipsing_binary
1798.0774466815228,1.0864738,0.0012670767,5674169,eclipsing_binary
1798.078835547009,1.0815169,0.00126996,5674169,eclipsing_binary
1798.0802244124948,1.0750316,0.0012646463,5674169,eclipsing_binary
1798.0816132784457,1.0710648,0.0012700765,5674169,eclipsing_binary
1798.0830021439306,1.0663726,0.0012630504,5674169,eclipsing_binary
1798.0843910094165,1.0590832,0.0012630813,5674169,eclipsing_binary
1798.085779874903,1.0530843,0.0012624923,5674169,eclipsing_binary
1798.0871687403887,1.0486199,0.0012616046,5674169,eclipsing_binary
1798.088557605874,1.0427961,0.0012646648,5674169,eclipsing_binary
1798.0899464713589,1.0358475,0.0012588069,5674169,eclipsing_binary
1798.0913353368446,1.028705,0.0012590092,5674169,eclipsing_binary
1798.092724202796,1.021259,0.0012576197,5674169,eclipsing_binary
1798.094113068282,1.0160708,0.0012562935,5674169,eclipsing_binary
1798.095501933768,1.0095351,0.0012529448,5674169,eclipsing_binary
1798.0968907992528,1.0018046,0.0012586827,5674169,eclipsing_binary
1798.0982796647386,0.9946184,0.0012578632,5674169,eclipsing_binary
1798.0996685302243,0.9862569,0.0012502619,5674169,eclipsing_binary
1798.10105739571,0.975535,0.0012515235,5674169,eclipsing_binary
1798.102446261196,0.9656891,0.0012473376,5674169,eclipsing_binary
1798.1038351266811,0.95640063,0.0012467862,5674169,eclipsing_binary
1798.1052239921669,0.94478315,0.0012435991,5674169,eclipsing_binary
1798.1066128576526,0.9337211,0.0012422471,5674169,eclipsing_binary
1798.1080017231384,0.9218543,0.0012407562,5674169,eclipsing_binary
1798.1093905886241,0.9094628,0.0012376988,5674169,eclipsing_binary
1798.1107794541094,0.8959098,0.0012341421,5674169,eclipsing_binary
1798.1121683195952,0.88399917,0.001237986,5674169,eclipsing_binary
1798.113557185081,0.86887395,0.001230064,5674169,eclipsing_binary
1798.1149460505667,0.85889894,0.0012283715,5674169,eclipsing_binary
1798.1163349160524,0.84267324,0.0012262886,5674169,eclipsing_binary
1798.1177237815377,0.83210695,0.0012274064,5674169,eclipsing_binary
1798.1191126470235,0.8175172,0.0012223921,5674169,eclipsing_binary
1798.1205015125092,0.8074829,0.0012269346,5674169,eclipsing_binary
1798.121890377995,0.7977723,0.0012171824,5674169,eclipsing_binary
1798.1232792434807,0.79027796,0.001215788,5674169,eclipsing_binary
1798.124668108966,0.7832508,0.0012158375,5674169,eclipsing_binary
1798.1260569744518,0.7835976,0.0012146522,5674169,eclipsing_binary
1798.1274458399375,0.7820012,0.0012152911,5674169,eclipsing_binary
1798.1288347054233,0.78126305,0.0012136184,5674169,eclipsing_binary
1798.1302235704434,0.7820366,0.001216126,5674169,eclipsing_binary
1798.1316124359291,0.7814156,0.0012241288,5674169,eclipsing_binary
1798.1330013014149,0.7806617,0.0012150687,5674169,eclipsing_binary
1798.1343901669002,0.7800777,0.0012161358,5674169,eclipsing_binary
1798.135779032386,0.78159255,0.0012157139,5674169,eclipsing_binary
1798.1371678978717,0.7812096,0.0012151941,5674169,eclipsing_binary
1798.1385567633574,0.7805149,0.0012155785,5674169,eclipsing_binary
1798.1399456288432,0.78066134,0.0012146371,5674169,eclipsing_binary
1798.1413344938628,0.78041816,0.0012147183,5674169,eclipsing_binary
1798.1427233593477,0.7812784,0.0012147112,5674169,eclipsing_binary
1798.1441122248334,0.78151053,0.0012175844,5674169,eclipsing_binary
1798.14550109032,0.7818216,0.0012176626,5674169,eclipsing_binary
1798.1468899558058,0.7838061,0.0012147663,5674169,eclipsing_binary
1798.1482788208252,0.7819966,0.0012153316,5674169,eclipsing_binary
1798.1496676863103,0.78290355,0.0012191207,5674169,eclipsing_binary
1798.151056551796,0.7848643,0.0012157662,5674169,eclipsing_binary
1798.1524454172827,0.78963625,0.0012183338,5674169,eclipsing_binary
1798.1538342827685,0.80236864,0.001218618,5674169,eclipsing_binary
1798.1552231477876,0.8116943,0.0012205502,5674169,eclipsing_binary
1798.156612013273,0.8233224,0.001223717,5674169,eclipsing_binary
1798.1580008787587,0.83672667,0.0012259887,5674169,eclipsing_binary
1798.1593897442453,0.8493192,0.0012285722,5674169,eclipsing_binary
1798.1607786092654,0.8627343,0.001229251,5674169,eclipsing_binary
1798.1621674747503,0.8766146,0.0012315497,5674169,eclipsing_binary
1798.1635563402356,0.8899401,0.0012387674,5674169,eclipsing_binary
1798.1649452052557,0.90367407,0.0012386772,5674169,eclipsing_binary
1798.166334070742,0.9173735,0.001239082,5674169,eclipsing_binary
1798.167722936228,0.92942375,0.001243275,5674169,eclipsing_binary
1798.169111801713,0.94143385,0.0012427506,5674169,eclipsing_binary
1798.1705006667326,0.9533698,0.001243788,5674169,eclipsing_binary
1798.1718895322183,0.96368736,0.0012448754,5674169,eclipsing_binary
1798.1732783977045,0.9762662,0.0012506278,5674169,eclipsing_binary
1798.1746672627246,0.9863177,0.0012493859,5674169,eclipsing_binary
1798.17605612821,0.9953945,0.0012504137,5674169,eclipsing_binary
1798.1774449936952,1.0038897,0.0012537382,5674169,eclipsing_binary
1798.1788338587153,1.0115962,0.00125746,5674169,eclipsing_binary
1798.1802227242015,1.0200437,0.0012613222,5674169,eclipsing_binary
1798.1816115892216,1.0267801,0.0012586638,5674169,eclipsing_binary
1798.1830004547069,1.0340624,0.0012563438,5674169,eclipsing_binary
1798.184389320192,1.0417765,0.0012602905,5674169,eclipsing_binary
1798.1857781852123,1.0482091,0.0012607081,5674169,eclipsing_binary
1798.1871670506985,1.0546658,0.0012624006,5674169,eclipsing_binary
1798.1885559157186,1.0599471,0.0012653159,5674169,eclipsing_binary
1798.1899447812038,1.0670325,0.0012656795,5674169,eclipsing_binary
1798.1913336466887,1.071896,0.0012650101,5674169,eclipsing_binary
1798.1927225117083,1.0791286,0.0012654787,5674169,eclipsing_binary
1798.1941113771948,1.0847895,0.0012676202,5674169,eclipsing_binary
1798.1955002422155,1.0902199,0.0012681037,5674169,eclipsing_binary
1798.1968891077008,1.0962187,0.0012687674,5674169,eclipsing_binary
1798.19827797272,1.100987,0.0012712537,5674169,eclipsing_binary
1798.1996668382053,1.1060733,0.0012697082,5674169,eclipsing_binary
1798.2010557032258,1.1104667,0.0012722205,5674169,eclipsing_binary
1798.2024445687125,1.1138674,0.0012708922,5674169,eclipsing_binary
1798.2038334337321,1.1178771,0.0012744706,5674169,eclipsing_binary
1798.205222299217,1.1225318,0.0012751565,5674169,eclipsing_binary
1798.2066111642366,1.1248904,0.0012775048,5674169,eclipsing_binary
1798.2080000297228,1.1292553,0.0012737535,5674169,eclipsing_binary
1798.2093888947438,1.1307446,0.0012741924,5674169,eclipsing_binary
1798.2107777602287,1.1342716,0.0012765033,5674169,eclipsing_binary
1798.2121666252483,1.1373274,0.0012764004,5674169,eclipsing_binary
1798.2135554907336,1.1375715,0.0012786582,5674169,eclipsing_binary
1798.2149443557541,1.1416364,0.0012765832,5674169,eclipsing_binary
1798.2163332207751,1.140536,0.0012762415,5674169,eclipsing_binary
1798.21772208626,1.1412314,0.0012794365,5674169,eclipsing_binary
1798.2191109512796,1.1417636,0.0012756344,5674169,eclipsing_binary
1798.2204998167645,1.1417208,0.0012768235,5674169,eclipsing_binary
1798.2218886817855,1.1421676,0.0012771172,5674169,eclipsing_binary
1798.2232775468065,1.1396064,0.0012758232,5674169,eclipsing_binary
1798.2246664122913,1.1391248,0.0012788121,5674169,eclipsing_binary
1798.226055277311,1.13719,0.0012749446,5674169,eclipsing_binary
1798.2274441427958,1.136249,0.0012745614,5674169,eclipsing_binary
1798.2288330078168,1.1328576,0.0012760054,5674169,eclipsing_binary
1798.2302218728375,1.1291085,0.0012756713,5674169,eclipsing_binary
1798.2316107383226,1.1262593,0.0012746864,5674169,eclipsing_binary
1798.2329996033423,1.1235285,0.001272243,5674169,eclipsing_binary
1798.2343884683614,1.120692,0.0012732506,5674169,eclipsing_binary
1798.235777333848,1.115872,0.0012747359,5674169,eclipsing_binary
1798.2371661988686,1.1102587,0.0012744004,5674169,eclipsing_binary
1798.2385550638883,1.1073761,0.0012710622,5674169,eclipsing_binary
1798.2399439293736,1.1000458,0.001268274,5674169,eclipsing_binary
1798.2413327943927,1.0943103,0.0012693875,5674169,eclipsing_binary
1798.2427216594137,1.0889978,0.0012699551,5674169,eclipsing_binary
1798.2441105244343,1.0833597,0.00126695,5674169,eclipsing_binary
1798.2454993899196,1.0778512,0.0012655257,5674169,eclipsing_binary
1798.2468882549388,1.0701566,0.0012618465,5674169,eclipsing_binary
1798.2482771199584,1.0625465,0.0012663335,5674169,eclipsing_binary
1798.2496659854442,1.0544696,0.0012630566,5674169,eclipsing_binary
1798.2510548504652,1.0481211,0.0012610891,5674169,eclipsing_binary
1798.2524437154852,1.0415734,0.0012627346,5674169,eclipsing_binary
1798.2538325805044,1.032036,0.0012576663,5674169,eclipsing_binary
1798.255221445524,1.023124,0.0012595016,5674169,eclipsing_binary
1798.2566103110098,1.0149392,0.0012587797,5674169,eclipsing_binary
1798.2579991760306,1.005757,0.0012524375,5674169,eclipsing_binary
1798.259388041051,0.9944166,0.0012511684,5674169,eclipsing_binary
1798.26077690607,0.9855083,0.0012584414,5674169,eclipsing_binary
1798.2621657710897,0.97414917,0.0012548629,5674169,eclipsing_binary
1798.2635546365755,0.96373713,0.0012465393,5674169,eclipsing_binary
1798.264943501596,0.95198077,0.0012445395,5674169,eclipsing_binary
1798.2663323666163,0.942232,0.0012435716,5674169,eclipsing_binary
1798.2677212316357,0.9286153,0.001243616,5674169,eclipsing_binary
1798.2691100966554,0.91586137,0.0012386012,5674169,eclipsing_binary
1798.2704989616755,0.90330136,0.0012382348,5674169,eclipsing_binary
1798.2718878271617,0.88958,0.0012372835,5674169,eclipsing_binary
1798.2732766921818,0.8764417,0.0012324044,5674169,eclipsing_binary
1798.2746655572014,0.86356556,0.0012329897,5674169,eclipsing_binary
1798.2760544222208,0.85061944,0.0012329961,5674169,eclipsing_binary
1798.277443287241,0.8369808,0.0012285091,5674169,eclipsing_binary
1798.2788321522617,0.8242061,0.001226722,5674169,eclipsing_binary
1798.2802210172817,0.81235677,0.0012226554,5674169,eclipsing_binary
1798.2816098823014,0.80168307,0.0012214201,5674169,eclipsing_binary
1798.2829987473206,0.7907037,0.0012186263,5674169,eclipsing_binary
1798.2843876123409,0.7854788,0.0012142995,5674169,eclipsing_binary
1798.2857764773617,0.78201514,0.0012198077,5674169,eclipsing_binary
1798.2871653423817,0.7808231,0.0012156379,5674169,eclipsing_binary
1798.288554207867,0.77938616,0.0012163535,5674169,eclipsing_binary
1798.2899430728862,0.777256,0.0012163556,5674169,eclipsing_binary
1798.2913319379063,0.7761355,0.0012144067,5674169,eclipsing_binary
1798.2927208029273,0.77565026,0.0012152424,5674169,eclipsing_binary
1798.2941096679474,0.77430797,0.0012140382,5674169,eclipsing_binary
1798.295498532967,0.77559304,0.0012138006,5674169,eclipsing_binary
1798.2968873979862,0.7740838,0.0012158089,5674169,eclipsing_binary
1798.2982762630063,0.7741766,0.0012134439,5674169,eclipsing_binary
1798.2996651280273,0.77279913,0.0012146239,5674169,eclipsing_binary
1798.3010539930474,0.77413416,0.0012163994,5674169,eclipsing_binary
1798.3024428580668,0.7739216,0.0012155944,5674169,eclipsing_binary
1798.3038317226205,0.7757454,0.0012139906,5674169,eclipsing_binary
1798.3052205876406,0.7775875,0.0012147765,5674169,eclipsing_binary
1798.3066094526607,0.7784999,0.0012172463,5674169,eclipsing_binary
1798.3079983176808,0.7789911,0.001214968,5674169,eclipsing_binary
1798.309387182701,0.7817801,0.0012205269,5674169,eclipsing_binary
1798.3107760477205,0.7882243,0.0012165358,5674169,eclipsing_binary
1798.3121649127406,0.7977522,0.0012186586,5674169,eclipsing_binary
1798.3135537777607,0.80779034,0.0012198824,5674169,eclipsing_binary
1798.3149426427808,0.81828654,0.0012239564,5674169,eclipsing_binary
1798.316331507801,0.83211213,0.0012255899,5674169,eclipsing_binary
1798.3177203728205,0.8444619,0.0012261106,5674169,eclipsing_binary
1798.3191092378406,0.85573936,0.0012269503,5674169,eclipsing_binary
1798.320498102395,0.8708336,0.001230005,5674169,eclipsing_binary
1798.3218869674151,0.8818508,0.001232776,5674169,eclipsing_binary
1798.3232758324352,0.89670634,0.0012348938,5674169,eclipsing_binary
1798.3246646974549,0.90791017,0.0012406157,5674169,eclipsing_binary
1798.326053562475,0.91896987,0.0012386374,5674169,eclipsing_binary
1798.327442427495,0.9312208,0.0012421986,5674169,eclipsing_binary
1798.3288312920495,0.94188935,0.0012423196,5674169,eclipsing_binary
1798.3302201570696,0.9544703,0.0012481196,5674169,eclipsing_binary
1798.3316090220892,0.9642383,0.0012530636,5674169,eclipsing_binary
1798.3329978871093,0.97421676,0.0012514037,5674169,eclipsing_binary
1798.3343867521294,0.98500377,0.0012518545,5674169,eclipsing_binary
1798.3357756171495,0.99337065,0.0012520946,5674169,eclipsing_binary
1798.337164481704,1.0016683,0.0012586652,5674169,eclipsing_binary
1798.338553346723,1.0115246,0.0012555553,5674169,eclipsing_binary
1798.3399422117434,1.0178943,0.0012554335,5674169,eclipsing_binary
1798.3413310767637,1.0278,0.0012585699,5674169,eclipsing_binary
1798.3427199413181,1.0323945,0.0012580699,5674169,eclipsing_binary
1798.3441088063382,1.0405483,0.0012586882,5674169,eclipsing_binary
1798.3454976713574,1.0468901,0.0012625925,5674169,eclipsing_binary
1798.3468865363775,1.0541342,0.0012610462,5674169,eclipsing_binary
1798.3482754009322,1.0593737,0.0012653237,5674169,eclipsing_binary
1798.3496642659525,1.0656964,0.0012628293,5674169,eclipsing_binary
1798.3510531309726,1.0712577,0.0012638962,5674169,eclipsing_binary
1798.352441995526,1.0769714,0.0012639363,5674169,eclipsing_binary
1798.3538308605462,1.0834055,0.0012690094,5674169,eclipsing_binary
1798.3552197255663,1.0870432,0.0012660999,5674169,eclipsing_binary
1798.356608590121,1.0926126,0.0012665452,5674169,eclipsing_binary
1798.3579974551412,1.0985267,0.0012709374,5674169,eclipsing_binary
1798.3593863201604,1.1025891,0.0012689042,5674169,eclipsing_binary
1798.3607751847148,1.1048254,0.0012695658,5674169,eclipsing_binary
1798.362164049735,1.1086252,0.001269805,5674169,eclipsing_binary
1798.3635529147546,1.1143621,0.0012755621,5674169,eclipsing_binary
1798.364941779309,1.1164604,0.0012723469,5674169,eclipsing_binary
1798.366330644329,1.1177082,0.0012732561,5674169,eclipsing_binary
1798.3677195093492,1.1191957,0.0012733565,5674169,eclipsing_binary
1798.3691083739036,1.1243846,0.0012770657,5674169,eclipsing_binary
1798.3704972389232,1.1237788,0.0012746718,5674169,eclipsing_binary
1798.3718861034777,1.1253403,0.0012744626,5674169,eclipsing_binary
1798.3732749684978,1.1248409,0.0012731117,5674169,eclipsing_binary
1798.3746638335178,1.1240174,0.0012747948,5674169,eclipsing_binary
1798.3760526980723,1.1247662,0.0012720543,5674169,eclipsing_binary
1798.377441563092,1.1238927,0.0012742097,5674169,eclipsing_binary
1798.3788304276463,1.1239995,0.0012750129,5674169,eclipsing_binary
1798.3802192926664,1.1234795,0.0012737187,5674169,eclipsing_binary
1798.3816081572209,1.1220341,0.0012729375,5674169,eclipsing_binary
1798.382997022241,1.1180911,0.0012736964,5674169,eclipsing_binary
1798.3843858867947,1.1188241,0.0012741793,5674169,eclipsing_binary
1798.385774751815,1.1150568,0.0012703778,5674169,eclipsing_binary
1798.3871636163694,1.1108737,0.0012738422,5674169,eclipsing_binary
1798.3885524813895,1.107778,0.0012708412,5674169,eclipsing_binary
1798.389941345944,1.1044189,0.0012695573,5674169,eclipsing_binary
1798.3913302109631,1.1022348,0.0012722189,5674169,eclipsing_binary
1798.3927190755176,1.0963172,0.0012713486,5674169,eclipsing_binary
1798.3941079405379,1.0933032,0.0012677538,5674169,eclipsing_binary
1798.3954968050925,1.0872676,0.0012691164,5674169,eclipsing_binary
1798.3968856701126,1.0837387,0.0012677861,5674169,eclipsing_binary
1798.3982745346661,1.0780889,0.001265398,5674169,eclipsing_binary
1798.3996633996862,1.0720459,0.0012646123,5674169,eclipsing_binary
1798.4010522642407,1.0660849,0.0012703845,5674169,eclipsing_binary
1798.402441129261,1.0598598,0.0012657216,5674169,eclipsing_binary
1798.4038299938156,1.0541396,0.0012632032,5674169,eclipsing_binary
1798.4052188583692,1.048058,0.0012620238,5674169,eclipsing_binary
1798.4066077233892,1.0434384,0.0012612876,5674169,eclipsing_binary
1798.4079965879437,1.0371592,0.0012585907,5674169,eclipsing_binary
1798.4093854529638,1.0293177,0.0012583565,5674169,eclipsing_binary
1798.4107743175182,1.0209571,0.0012565444,5674169,eclipsing_binary
1798.4121631820722,1.0176574,0.0012549646,5674169,eclipsing_binary
1798.4135520470923,1.0098044,0.0012572525,5674169,eclipsing_binary
1798.4149409116467,1.0029321,0.0012531393,5674169,eclipsing_binary
1798.416329776201,0.9940583,0.0012525272,5674169,eclipsing_binary
1798.4177186412212,0.9859475,0.001250244,5674169,eclipsing_binary
1798.4191075057752,0.97669435,0.0012545931,5674169,eclipsing_binary
1798.4204963703296,0.9669674,0.0012492781,5674169,eclipsing_binary
1798.4218852353497,0.9573294,0.0012464016,5674169,eclipsing_binary
1798.4232740999041,0.94541794,0.001245928,5674169,eclipsing_binary
1798.4246629644585,0.9331456,0.0012421351,5674169,eclipsing_binary
1798.4260518294782,0.92379284,0.0012422181,5674169,eclipsing_binary
1798.4274406940317,0.9091121,0.0012387417,5674169,eclipsing_binary
1798.4288295585861,0.8969656,0.0012355617,5674169,eclipsing_binary
1798.4302184236071,0.8843208,0.0012383941,5674169,eclipsing_binary
1798.4316072881616,0.8725372,0.0012317142,5674169,eclipsing_binary
1798.4329961527155,0.85734504,0.0012319972,5674169,eclipsing_binary
1798.434385017269,0.8456355,0.0012263741,5674169,eclipsing_binary
1798.4357738822891,0.8319891,0.001224213,5674169,eclipsing_binary
1798.4371627468445,0.8186124,0.0012226459,5674169,eclipsing_binary
1798.438551611399,0.80948365,0.0012182845,5674169,eclipsing_binary
1798.4399404759529,0.79801023,0.001217982,5674169,eclipsing_binary
1798.441329340972,0.7909034,0.0012171703,5674169,eclipsing_binary
1798.4427182055265,0.78375757,0.0012162583,5674169,eclipsing_binary
1798.4441070700818,0.7821413,0.0012175321,5674169,eclipsing_binary
1798.4454959346363,0.7836898,0.0012145556,5674169,eclipsing_binary
1798.4468847991898,0.7818602,0.0012183515,5674169,eclipsing_binary
1798.4482736642094,0.7824193,0.0012150463,5674169,eclipsing_binary
1798.4496625287647,0.78143114,0.0012148843,5674169,eclipsing_binary
1798.4510513933196,0.7806276,0.0012157796,5674169,eclipsing_binary
1798.4524402578736,0.77909124,0.0012158009,5674169,eclipsing_binary
1798.4538291224271,0.78114325,0.0012176923,5674169,eclipsing_binary
1798.455217986981,0.7811317,0.0012157446,5674169,eclipsing_binary
1798.4566068520019,0.7805472,0.0012145988,5674169,eclipsing_binary
1798.457995716557,0.78067136,0.00121549,5674169,eclipsing_binary
1798.459384581111,0.7814223,0.0012186299,5674169,eclipsing_binary
1798.4607734456645,0.78142285,0.0012190527,5674169,eclipsing_binary
1798.4621623102184,0.78128284,0.001215115,5674169,eclipsing_binary
1798.4635511747733,0.7820408,0.0012164996,5674169,eclipsing_binary
1798.4649400393287,0.78186506,0.0012157849,5674169,eclipsing_binary
1798.4663289038824,0.7818938,0.0012177371,5674169,eclipsing_binary
1798.4677177684362,0.7836164,0.0012142241,5674169,eclipsing_binary
1798.4691066329901,0.78553027,0.0012169079,5674169,eclipsing_binary
1798.4704954980107,0.7906986,0.0012205223,5674169,eclipsing_binary
1798.471884362566,0.8004496,0.0012242027,5674169,eclipsing_binary
1798.4732732271195,0.8095721,0.0012223026,5674169,eclipsing_binary
1798.4746620916735,0.8221114,0.0012216528,5674169,eclipsing_binary
1798.4760509562273,0.8346186,0.0012251856,5674169,eclipsing_binary
1798.4774398207824,0.8476665,0.0012304542,5674169,eclipsing_binary
1798.4788286853377,0.86207485,0.001228756,5674169,eclipsing_binary
1798.4802175498912,0.87440425,0.0012316552,5674169,eclipsing_binary
1798.4816064144452,0.8877601,0.001233056,5674169,eclipsing_binary
1798.4829952789987,0.90255296,0.0012384716,5674169,eclipsing_binary
1798.484384143554,0.9171977,0.0012406786,5674169,eclipsing_binary
1798.4857730081094,0.9280617,0.001239404,5674169,eclipsing_binary
1798.487161872663,0.9402095,0.0012439665,5674169,eclipsing_binary
1798.4885507372169,0.95217866,0.0012453808,5674169,eclipsing_binary
1798.4899396017704,0.96353555,0.0012474868,5674169,eclipsing_binary
1798.4913284663257,0.9755955,0.0012483859,5674169,eclipsing_binary
1798.4927173308809,0.98417115,0.0012501185,5674169,eclipsing_binary
1798.4941061954346,0.9945429,0.0012533836,5674169,eclipsing_binary
1798.4954950599886,1.0048599,0.001253975,5674169,eclipsing_binary
1798.4968839240764,1.0109682,0.001254733,5674169,eclipsing_binary
1798.4982727886309,1.0192317,0.0012565383,5674169,eclipsing_binary
1798.4996616531862,1.0261084,0.0012662248,5674169,eclipsing_binary
1798.5010505177406,1.034453,0.0012590003,5674169,eclipsing_binary
1798.5024393822944,1.041174,0.0012595247,5674169,eclipsing_binary
1798.5038282468481,1.0479965,0.0012601174,5674169,eclipsing_binary
1798.5052171114025,1.0533788,0.0012638668,5674169,eclipsing_binary
1798.5066059759579,1.0599408,0.001263158,5674169,eclipsing_binary
1798.5079948405123,1.0659364,0.0012701169,5674169,eclipsing_binary
1798.5093837046002,1.0723897,0.0012641172,5674169,eclipsing_binary
1798.5107725691541,1.0781426,0.0012674943,5674169,eclipsing_binary
1798.5121614337086,1.0837765,0.0012682041,5674169,eclipsing_binary
1798.513550298264,1.0898716,0.0012674211,5674169,eclipsing_binary
1798.5149391628183,1.097543,0.0012676219,5674169,eclipsing_binary
1798.5163280273719,1.1006551,0.0012693292,5674169,eclipsing_binary
1798.5177168914602,1.1056516,0.0012731424,5674169,eclipsing_binary
1798.5191057560146,1.1099083,0.001274661,5674169,eclipsing_binary
1798.5204946205697,1.1133095,0.0012736358,5674169,eclipsing_binary
1798.5218834851244,1.1182209,0.0012732665,5674169,eclipsing_binary
1798.5232723496779,1.1227807,0.0012737021,5674169,eclipsing_binary
1798.5246612137662,1.1267033,0.0012753118,5674169,eclipsing_binary
1798.5260500783206,1.1291397,0.0012752272,5674169,eclipsing_binary
1798.5274389428755,1.132486,0.001275665,5674169,eclipsing_binary
1798.52882780743,1.1362191,0.0012747424,5674169,eclipsing_binary
1798.5302166715182,1.1371717,0.0012774162,5674169,eclipsing_binary
1798.5316055360722,1.1384153,0.0012794068,5674169,eclipsing_binary
1798.5329944006266,1.1399485,0.0012788554,5674169,eclipsing_binary
1798.5343832651815,1.1418386,0.001276764,5674169,eclipsing_binary
1798.5357721292703,1.1404281,0.0012761225,5674169,eclipsing_binary
1798.5371609938243,1.1417112,0.0012762751,5674169,eclipsing_binary
1798.5385498583778,1.1430733,0.0012747475,5674169,eclipsing_binary
1798.5399387229324,1.1406618,0.0012750479,5674169,eclipsing_binary
1798.541327587022,1.1408107,0.0012764913,5674169,eclipsing_binary
1798.5427164515763,1.1391011,0.0012771201,5674169,eclipsing_binary
1798.5441053161303,1.1374053,0.0012765685,5674169,eclipsing_binary
1798.5454941802182,1.1353769,0.0012738869,5674169,eclipsing_binary
1798.5468830447726,1.1331409,0.0012765805,5674169,eclipsing_binary
1798.548271909328,1.1301423,0.0012785118,5674169,eclipsing_binary
1798.5496607734167,1.1267948,0.0012739258,5674169,eclipsing_binary
1798.5510496379707,1.1248517,0.0012762088,5674169,eclipsing_binary
1798.5524385020585,1.1209931,0.0012735721,5674169,eclipsing_binary
1798.553827366613,1.1151978,0.0012714674,5674169,eclipsing_binary
1798.5552162311683,1.1111902,0.0012770455,5674169,eclipsing_binary
1798.556605095257,1.1047469,0.0012700715,5674169,eclipsing_binary
1798.557993959811,1.1005967,0.001270418,5674169,eclipsing_binary
1798.5593828243645,1.0946095,0.0012688397,5674169,eclipsing_binary
1798.5607716884533,1.088783,0.0012671317,5674169,eclipsing_binary
1798.5621605530087,1.083007,0.0012680237,5674169,eclipsing_binary
1798.5635494170974,1.0752534,0.0012662436,5674169,eclipsing_binary
1798.564938281651,1.0700994,0.0012677108,5674169,eclipsing_binary
1798.5663271457393,1.0623535,0.0012617281,5674169,eclipsing_binary
1798.5677160102937,1.0570811,0.0012629809,5674169,eclipsing_binary
1798.5691048743834,1.049282,0.0012602096,5674169,eclipsing_binary
1798.5704937389378,1.041093,0.0012609481,5674169,eclipsing_binary
1798.5718826034913,1.0329133,0.0012606425,5674169,eclipsing_binary
1798.5732714675796,1.0245843,0.0012580078,5674169,eclipsing_binary
1798.574660332134,1.0162126,0.0012558192,5674169,eclipsing_binary
1798.5760491962228,1.0056074,0.0012536626,5674169,eclipsing_binary
1798.5774380607772,0.9969083,0.0012516828,5674169,eclipsing_binary
1798.578826924866,0.98664844,0.0012505568,5674169,eclipsing_binary
1798.58021578942,0.9781483,0.0012503559,5674169,eclipsing_binary
1798.5816046535087,0.9651894,0.0012468285,5674169,eclipsing_binary
1798.5829935180632,0.95534456,0.0012530513,5674169,eclipsing_binary
1798.584382382152,0.9421296,0.0012460928,5674169,eclipsing_binary
1798.5857712462407,0.93242323,0.0012426976,5674169,eclipsing_binary
1798.5871601107947,0.9169975,0.0012398678,5674169,eclipsing_binary
1798.5885489748835,0.90537447,0.0012376069,5674169,eclipsing_binary
1798.5899378394379,0.8930886,0.0012341008,5674169,eclipsing_binary
1798.5913267035266,0.87922984,0.0012362705,5674169,eclipsing_binary
1798.592715568081,0.8666636,0.0012293668,5674169,eclipsing_binary
1798.5941044321694,0.8526978,0.0012284016,5674169,eclipsing_binary
1798.5954932962582,0.8396871,0.0012261978,5674169,eclipsing_binary
1798.5968821608126,0.8244321,0.0012243051,5674169,eclipsing_binary
1798.5982710249014,0.8132602,0.0012209899,5674169,eclipsing_binary
1798.5996598894558,0.8027117,0.0012237092,5674169,eclipsing_binary
1798.6010487535436,0.79335076,0.0012171254,5674169,eclipsing_binary
1798.6024376176326,0.78632647,0.0012169636,5674169,eclipsing_binary
1798.6038264821873,0.78403336,0.0012190223,5674169,eclipsing_binary
1798.605215346276,0.78054637,0.0012170747,5674169,eclipsing_binary
1798.6066042103648,0.7796333,0.001216278,5674169,eclipsing_binary
1798.6079930749183,0.7782121,0.0012147112,5674169,eclipsing_binary
1798.609381939007,0.77714837,0.0012152572,5674169,eclipsing_binary
1798.6107708030959,0.7766964,0.001214389,5674169,eclipsing_binary
1798.6121596676505,0.7757924,0.0012152838,5674169,eclipsing_binary
1798.6135485317395,0.7744353,0.0012179865,5674169,eclipsing_binary
1798.6149373958274,0.775493,0.001215119,5674169,eclipsing_binary
1798.6163262603818,0.7745033,0.0012183842,5674169,eclipsing_binary
1798.6177151244706,0.7735454,0.0012154926,5674169,eclipsing_binary
1798.6191039885593,0.77351254,0.0012133853,5674169,eclipsing_binary
1798.6204928526483,0.7748747,0.0012151994,5674169,eclipsing_binary
1798.621881717202,0.7753902,0.0012157907,5674169,eclipsing_binary
1798.6232705812909,0.7765142,0.0012143807,5674169,eclipsing_binary
1798.6246594453796,0.7748496,0.0012168396,5674169,eclipsing_binary
1798.6260483094684,0.7795123,0.001213061,5674169,eclipsing_binary
1798.6274371740228,0.7827096,0.001215398,5674169,eclipsing_binary
1798.6288260381111,0.78628284,0.0012222691,5674169,eclipsing_binary
1798.6302149022,0.7959905,0.0012225389,5674169,eclipsing_binary
1798.6316037662887,0.80719465,0.0012251165,5674169,eclipsing_binary
1798.632992630843,0.8171495,0.0012213578,5674169,eclipsing_binary
1798.6343814949319,0.83005583,0.0012299479,5674169,eclipsing_binary
1798.6357703590202,0.8421946,0.0012277412,5674169,eclipsing_binary
1798.637159223109,0.85553426,0.001228302,5674169,eclipsing_binary
1798.6385480871977,0.869023,0.001234314,5674169,eclipsing_binary
1798.6399369517521,0.8816969,0.0012336591,5674169,eclipsing_binary
1798.641325815841,0.8939782,0.0012363415,5674169,eclipsing_binary
1798.6427146799292,0.90524024,0.0012373972,5674169,eclipsing_binary
1798.644103544018,0.9174641,0.001241385,5674169,eclipsing_binary
1798.6454924081067,0.9298031,0.0012418439,5674169,eclipsing_binary
1798.6468812721955,0.9415228,0.0012437531,5674169,eclipsing_binary
1798.6482701362843,0.95163053,0.0012450934,5674169,eclipsing_binary
1798.6496590008383,0.9632715,0.0012488839,5674169,eclipsing_binary
1798.651047864927,0.97368014,0.0012517442,5674169,eclipsing_binary
1798.6524367290158,0.98172975,0.0012503976,5674169,eclipsing_binary
1798.6538255931046,0.9921422,0.0012536787,5674169,eclipsing_binary
1798.6552144571933,1.0009809,0.0012519218,5674169,eclipsing_binary
1798.6566033212814,1.0083071,0.0012544243,5674169,eclipsing_binary
1798.6579921853704,1.0177542,0.0012557918,5674169,eclipsing_binary
1798.6593810494592,1.0244408,0.001257656,5674169,eclipsing_binary
1798.660769913547,1.0319177,0.0012571244,5674169,eclipsing_binary
1798.6621587776358,1.0389677,0.0012605436,5674169,eclipsing_binary
1798.6635476417246,1.0456508,0.0012624096,5674169,eclipsing_binary
1798.6649365058133,1.0514399,0.0012633123,5674169,eclipsing_binary
1798.6663253699023,1.0580661,0.0012639251,5674169,eclipsing_binary
1798.6677142339904,1.0638841,0.0012651738,5674169,eclipsing_binary
1798.6691030980792,1.0704246,0.0012687417,5674169,eclipsing_binary
1798.670491962168,1.0760837,0.0012643985,5674169,eclipsing_binary
1798.6718808262567,1.0824432,0.001267001,5674169,eclipsing_binary
1798.6732696903455,1.0858128,0.0012669181,5674169,eclipsing_binary
1798.6746585544338,1.0915227,0.0012692219,5674169,eclipsing_binary
1798.6760474185226,1.0953447,0.001270911,5674169,eclipsing_binary
1798.6774362826113,1.0997957,0.0012763996,5674169,eclipsing_binary
1798.6788251467,1.1029999,0.001271388,5674169,eclipsing_binary
1798.6802140107889,1.1075381,0.0012701614,5674169,eclipsing_binary
1798.6816028748772,1.1115471,0.0012738409,5674169,eclipsing_binary
1798.682991738966,1.1139133,0.0012718774,5674169,eclipsing_binary
1798.6843806030547,1.1165661,0.0012749555,5674169,eclipsing_binary
1798.6857694671435,1.1176404,0.001271781,5674169,eclipsing_binary
1798.6871583312322,1.1195446,0.0012744975,5674169,eclipsing_binary
1798.6885471953206,1.1215371,0.0012761999,5674169,eclipsing_binary
1798.6899360594093,1.1227584,0.001274404,5674169,eclipsing_binary
1798.691324923498,1.1243134,0.0012728439,5674169,eclipsing_binary
1798.6927137875869,1.1237184,0.0012717666,5674169,eclipsing_binary
1798.69410265121,1.1251327,0.0012725859,5674169,eclipsing_binary
1798.6954915152983,1.1245427,0.00128048,5674169,eclipsing_binary
1798.696880379387,1.1244208,0.0012730382,5674169,eclipsing_binary
1798.6982692434758,1.1215045,0.0012725329,5674169,eclipsing_binary
1798.6996581075646,1.1199034,0.0012754088,5674169,eclipsing_binary
1798.7010469716533,1.118932,0.0012723278,5674169,eclipsing_binary
1798.7024358357414,1.1153467,0.0012737584,5674169,eclipsing_binary
1798.7038246993648,1.1142781,0.0012726374,5674169,eclipsing_binary
1798.7052135634535,1.1108792,0.0012712734,5674169,eclipsing_binary
1798.7066024275423,1.1072896,0.0012711181,5674169,eclipsing_binary
1798.707991291631,1.1042526,0.0012699311,5674169,eclipsing_binary
1798.709380155719,1.100658,0.0012724621,5674169,eclipsing_binary
1798.710769019808,1.0945725,0.001269812,5674169,eclipsing_binary
1798.7121578834312,1.0922974,0.0012678322,5674169,eclipsing_binary
1798.71354674752,1.085189,0.0012666379,5674169,eclipsing_binary
1798.7149356116088,1.0812546,0.001267299,5674169,eclipsing_binary
1798.7163244756966,1.0764999,0.001268886,5674169,eclipsing_binary
1798.7177133393197,1.0718883,0.0012658889,5674169,eclipsing_binary
1798.7191022034085,1.0664582,0.0012652865,5674169,eclipsing_binary
1798.7204910674975,1.0605592,0.0012650886,5674169,eclipsing_binary
1798.7218799315865,1.0536047,0.0012626786,5674169,eclipsing_binary
1798.7232687952087,1.0477662,0.0012639586,5674169,eclipsing_binary
1798.7246576592975,1.0418962,0.0012598296,5674169,eclipsing_binary
1798.7260465233862,1.0371808,0.0012610968,5674169,eclipsing_binary
1798.727435387475,1.0302486,0.0012592227,5674169,eclipsing_binary
1798.728824251098,1.023229,0.001259755,5674169,eclipsing_binary
1798.7302131151864,1.0168059,0.00125917,5674169,eclipsing_binary
1798.7316019792752,1.0089934,0.0012551637,5674169,eclipsing_binary
1798.7329908428983,1.0022314,0.001255319,5674169,eclipsing_binary
1798.734379706987,0.9937959,0.0012527101,5674169,eclipsing_binary
1798.7357685710758,0.9852325,0.0012545788,5674169,eclipsing_binary
1798.7371574346985,0.97641605,0.001248248,5674169,eclipsing_binary
1798.7385462987872,0.9675098,0.0012484856,5674169,eclipsing_binary
1798.739935162876,0.95649046,0.0012466935,5674169,eclipsing_binary
1798.7413240264991,0.9442895,0.001242677,5674169,eclipsing_binary
1798.7427128905879,0.9339297,0.0012457242,5674169,eclipsing_binary
1798.7441017546762,0.92212236,0.0012416067,5674169,eclipsing_binary
1798.7454906182993,0.91125923,0.001243709,5674169,eclipsing_binary
1798.746879482388,0.89807755,0.0012378473,5674169,eclipsing_binary
1798.7482683460112,0.8846997,0.001232969,5674169,eclipsing_binary
1798.7496572101,0.8703814,0.0012321345,5674169,eclipsing_binary
1798.7510460741883,0.8590575,0.0012289931,5674169,eclipsing_binary
1798.7524349378114,0.84493273,0.0012265596,5674169,eclipsing_binary
1798.7538238019001,0.83302355,0.0012285712,5674169,eclipsing_binary
1798.7552126655232,0.82004327,0.0012233965,5674169,eclipsing_binary
1798.756601529612,0.8072776,0.0012196656,5674169,eclipsing_binary
1798.7579903932346,0.79840213,0.0012194574,5674169,eclipsing_binary
1798.7593792573225,0.7881152,0.0012169494,5674169,eclipsing_binary
1798.7607681209465,0.7832589,0.0012162445,5674169,eclipsing_binary
1798.7621569850357,0.7804447,0.0012199864,5674169,eclipsing_binary
1798.763545849124,0.780954,0.0012169274,5674169,eclipsing_binary
1798.7649347127463,0.7809911,0.0012152446,5674169,eclipsing_binary
1798.7663235768346,0.7819044,0.0012180852,5674169,eclipsing_binary
1798.7677124404586,0.7805985,0.0012175224,5674169,eclipsing_binary
1798.7691013045478,0.7807059,0.0012144583,5674169,eclipsing_binary
1798.7704901681705,0.7799474,0.0012168791,5674169,eclipsing_binary
1798.7718790322583,0.779367,0.0012163678,5674169,eclipsing_binary
1798.773267895881,0.78140825,0.0012186293,5674169,eclipsing_binary
1798.7746567595048,0.7795527,0.0012225142,5674169,eclipsing_binary
1798.7760456235942,0.780705,0.0012150393,5674169,eclipsing_binary
1798.7774344872169,0.7812877,0.0012181475,5674169,eclipsing_binary
1798.7788233513047,0.7812897,0.0012170341,5674169,eclipsing_binary
1798.7802122149274,0.7807334,0.0012180704,5674169,eclipsing_binary
1798.7816010790166,0.7810755,0.001216883,5674169,eclipsing_binary
1798.7829899426406,0.7808948,0.001215931,5674169,eclipsing_binary
1798.784378806729,0.7819556,0.0012158667,5674169,eclipsing_binary
1798.785767670351,0.7842095,0.0012168639,5674169,eclipsing_binary
1798.7871565339738,0.78360647,0.0012188504,5674169,eclipsing_binary
1798.788545398063,0.790427,0.0012184794,5674169,eclipsing_binary
1798.789934261687,0.7992815,0.0012200992,5674169,eclipsing_binary
1798.7913231253092,0.8090125,0.0012220058,5674169,eclipsing_binary
1798.7927119893975,0.82081467,0.0012291268,5674169,eclipsing_binary
1798.7941008530202,0.8328664,0.0012300541,5674169,eclipsing_binary
1798.7954897171094,0.8456429,0.0012271749,5674169,eclipsing_binary
1798.7968785807334,0.85894537,0.0012291208,5674169,eclipsing_binary
1798.7982674443556,0.8728227,0.0012319416,5674169,eclipsing_binary
1798.799656308444,0.8870633,0.0012339952,5674169,eclipsing_binary
1798.801045172066,0.8988926,0.0012374814,5674169,eclipsing_binary
1798.80243403569,0.9133956,0.0012424875,5674169,eclipsing_binary
1798.8038228997798,0.9274869,0.0012433355,5674169,eclipsing_binary
1798.805211763402,0.93918085,0.0012444506,5674169,eclipsing_binary
1798.8066006270246,0.95193124,0.0012458871,5674169,eclipsing_binary
1798.8079894906468,0.9620415,0.0012473199,5674169,eclipsing_binary
1798.8093783547365,0.9739497,0.0012472919,5674169,eclipsing_binary
1798.8107672183603,0.98304266,0.0012532594,5674169,eclipsing_binary
1798.8121560819827,0.9939248,0.0012523852,5674169,eclipsing_binary
1798.813544946071,1.0014051,0.0012548341,5674169,eclipsing_binary
1798.8149338096932,1.0106242,0.0012542615,5674169,eclipsing_binary
1798.8163226733172,1.0181497,0.0012562537,5674169,eclipsing_binary
1798.8177115369408,1.025719,0.0012580673,5674169,eclipsing_binary
1798.8191004010291,1.0332565,0.0012580724,5674169,eclipsing_binary
1798.8204892646515,1.0391928,0.0012592259,5674169,eclipsing_binary
1798.821878128274,1.0451311,0.0012618904,5674169,eclipsing_binary
1798.823266991898,1.0517489,0.0012629735,5674169,eclipsing_binary
1798.8246558555215,1.0594581,0.0012618185,5674169,eclipsing_binary
1798.8260447196099,1.0654479,0.0012689179,5674169,eclipsing_binary
1798.827433583232,1.0701747,0.0012667411,5674169,eclipsing_binary
1798.8288224468547,1.0776429,0.0012660616,5674169,eclipsing_binary
1798.8302113104785,1.084081,0.0012689206,5674169,eclipsing_binary
1798.8316001741023,1.0886315,0.0012673283,5674169,eclipsing_binary
1798.8329890381906,1.0929172,0.001272561,5674169,eclipsing_binary
1798.8343779018128,1.0994287,0.0012711304,5674169,eclipsing_binary
1798.8357667654354,1.1046116,0.0012695421,5674169,eclipsing_binary
1798.8371556290592,1.1088048,0.0012723999,5674169,eclipsing_binary
1798.838544492683,1.1132181,0.0012714016,5674169,eclipsing_binary
1798.8399333563057,1.1166906,0.0012722862,5674169,eclipsing_binary
1798.8413222199279,1.1224116,0.0012792872,5674169,eclipsing_binary
1798.8427110835505,1.1254685,0.0012731354,5674169,eclipsing_binary
1798.8440999476397,1.1285355,0.0012736892,5674169,eclipsing_binary
1798.8454888112637,1.1317545,0.0012759183,5674169,eclipsing_binary
1798.8468776748862,1.1336439,0.0012757346,5674169,eclipsing_binary
1798.8482665385086,1.1355865,0.0012827679,5674169,eclipsing_binary
1798.8496554021312,1.1367804,0.001279271,5674169,eclipsing_binary
1798.8510442657548,1.1386328,0.0012771355,5674169,eclipsing_binary
1798.8524331293788,1.1409069,0.001278909,5674169,eclipsing_binary
1798.853821993001,1.141018,0.0012771029,5674169,eclipsing_binary
1798.8552108566237,1.1415212,0.0012767705,5674169,eclipsing_binary
1798.856599720246,1.1412491,0.0012772031,5674169,eclipsing_binary
1798.8579885838699,1.1409597,0.0012764819,5674169,eclipsing_binary
1798.859377447494,1.1414152,0.0012787457,5674169,eclipsing_binary
1798.860766311116,1.1394418,0.001277185,5674169,eclipsing_binary
1798.8621551747387,1.1366271,0.0012755155,5674169,eclipsing_binary
1798.863544038361,1.1354901,0.0012747215,5674169,eclipsing_binary
1798.864932901985,1.133698,0.0012755211,5674169,eclipsing_binary
1798.866321765609,1.1319448,0.0012758364,5674169,eclipsing_binary
1798.8677106292312,1.1276813,0.0012744841,5674169,eclipsing_binary
1798.8690994928538,1.1241443,0.0012766352,5674169,eclipsing_binary
1798.870488356476,1.1208738,0.0012756609,5674169,eclipsing_binary
1798.8718772201,1.1160444,0.0012756154,5674169,eclipsing_binary
1798.8732660837236,1.1117878,0.0012732896,5674169,eclipsing_binary
1798.8746549473462,1.106286,0.0012728161,5674169,eclipsing_binary
1798.876043810969,1.1007247,0.0012691517,5674169,eclipsing_binary
1798.877432674591,1.0948782,0.0012720426,5674169,eclipsing_binary
1798.878821538215,1.0913398,0.0012665782,5674169,eclipsing_binary
1798.8802104018387,1.0839212,0.0012697503,5674169,eclipsing_binary
1798.8815992654613,1.076367,0.0012662691,5674169,eclipsing_binary
1798.8829881290835,1.0719626,0.0012665535,5674169,eclipsing_binary
1798.8843769922405,1.0635769,0.0012673074,5674169,eclipsing_binary
1798.8857658558636,1.0586125,0.0012622961,5674169,eclipsing_binary
1798.8871547194876,1.0498092,0.0012633731,5674169,eclipsing_binary
1798.8885435831107,1.0425134,0.0012619066,5674169,eclipsing_binary
1798.889932446733,1.0358686,0.0012641716,5674169,eclipsing_binary
1798.8913213103556,1.0264584,0.001262874,5674169,eclipsing_binary
1798.8927101739787,1.0187597,0.0012600453,5674169,eclipsing_binary
1798.8940990376027,1.0085524,0.0012557582,5674169,eclipsing_binary
1798.8954879007601,0.99929506,0.0012546163,5674169,eclipsing_binary
1798.8968767643823,0.987513,0.0012535362,5674169,eclipsing_binary
1798.898265628005,0.97785604,0.0012515454,5674169,eclipsing_binary
1798.899654491628,0.9683321,0.0012491499,5674169,eclipsing_binary
1798.9010433552519,0.9556841,0.0012461836,5674169,eclipsing_binary
1798.9024322184096,0.94419336,0.0012450906,5674169,eclipsing_binary
1798.9038210820318,0.93238544,0.0012406624,5674169,eclipsing_binary
1798.9052099456544,0.91888577,0.001241441,5674169,eclipsing_binary
1798.9065988092775,0.9067271,0.0012411195,5674169,eclipsing_binary
1798.907987672901,0.89422995,0.0012370681,5674169,eclipsing_binary
1798.9093765360585,0.88038933,0.0012376882,5674169,eclipsing_binary
1798.9107653996812,0.8680506,0.0012320519,5674169,eclipsing_binary
1798.9121542633038,0.85385984,0.0012269035,5674169,eclipsing_binary
1798.913543126927,0.8418371,0.0012278751,5674169,eclipsing_binary
1798.9149319900848,0.82755417,0.0012230463,5674169,eclipsing_binary
1798.916320853708,0.81473505,0.0012233508,5674169,eclipsing_binary
1798.9177097173306,0.8032786,0.0012206603,5674169,eclipsing_binary
1798.9190985809528,0.79410905,0.0012183863,5674169,eclipsing_binary
1798.9204874441104,0.78773963,0.0012177244,5674169,eclipsing_binary
1798.9218763077342,0.7843594,0.0012157555,5674169,eclipsing_binary
1798.9232651713573,0.78197026,0.0012161477,5674169,eclipsing_binary
1798.9246540345143,0.7803378,0.0012181818,5674169,eclipsing_binary
1798.9260428981365,0.7799094,0.0012164543,5674169,eclipsing_binary
1798.9274317617596,0.7769504,0.0012174108,5674169,eclipsing_binary
1798.928820624918,0.7768948,0.0012193877,5674169,eclipsing_binary
1798.930209488541,0.77491385,0.0012168817,5674169,eclipsing_binary
1798.9315983521637,0.7749033,0.0012162237,5674169,eclipsing_binary
1798.9329872153203,0.77420896,0.0012163505,5674169,eclipsing_binary
1798.9343760789434,0.7745949,0.0012160016,5674169,eclipsing_binary
1798.9357649425674,0.7742045,0.0012152924,5674169,eclipsing_binary
1798.9371538057248,0.77404416,0.0012178072,5674169,eclipsing_binary
1798.9385426693473,0.77406114,0.0012136208,5674169,eclipsing_binary
1798.9399315329697,0.77485573,0.0012177394,5674169,eclipsing_binary
1798.9413203961271,0.77533215,0.0012149384,5674169,eclipsing_binary
1798.9427092597512,0.77785057,0.0012164579,5674169,eclipsing_binary
1798.9440981229086,0.780207,0.0012185252,5674169,eclipsing_binary
1798.9454869865308,0.7821914,0.0012177409,5674169,eclipsing_binary
1798.9468758496878,0.78695583,0.0012156193,5674169,eclipsing_binary
1798.948264713311,0.79608244,0.001219224,5674169,eclipsing_binary
1798.949653576935,0.8056352,0.0012222355,5674169,eclipsing_binary
1798.9510424400924,0.8169399,0.001224267,5674169,eclipsing_binary
1798.9524313037145,0.8295587,0.0012236418,5674169,eclipsing_binary
1798.9538201668715,0.8437524,0.0012272276,5674169,eclipsing_binary
1798.9552090304946,0.856123,0.0012284751,5674169,eclipsing_binary
1798.9565978936528,0.86700124,0.0012310764,5674169,eclipsing_binary
1798.957986757276,0.88012314,0.0012335227,5674169,eclipsing_binary
1798.9593756204326,0.89240694,0.0012339255,5674169,eclipsing_binary
1798.9607644840553,0.9048011,0.0012411391,5674169,eclipsing_binary
1798.9621533472127,0.9169868,0.0012433811,5674169,eclipsing_binary
1798.9635422108363,0.9294361,0.0012402068,5674169,eclipsing_binary
1798.964931073994,0.9385476,0.001244036,5674169,eclipsing_binary
1798.9663199376164,0.9510105,0.0012474556,5674169,eclipsing_binary
1798.9677088007734,0.9611511,0.0012487915,5674169,eclipsing_binary
1798.9690976643965,0.971854,0.0012496625,5674169,eclipsing_binary
1798.9704865275544,0.9804766,0.0012485341,5674169,eclipsing_binary
1798.9718753911775,0.9899277,0.0012514393,5674169,eclipsing_binary
1798.9732642543345,1.0002697,0.0012548864,5674169,eclipsing_binary
1798.9746531174912,1.0078907,0.0012544885,5674169,eclipsing_binary
1798.9760419811146,1.0167619,0.0012572772,5674169,eclipsing_binary
1798.9774308442725,1.0238249,0.0012573284,5674169,eclipsing_binary
1798.9788197078956,1.0313715,0.0012590362,5674169,eclipsing_binary
1798.9802085710526,1.0376838,0.0012605557,5674169,eclipsing_binary
1798.9815974346748,1.0450189,0.0012618493,5674169,eclipsing_binary
1798.9829862978324,1.0517745,0.0012619771,5674169,eclipsing_binary
1798.9843751609906,1.057691,0.0012636317,5674169,eclipsing_binary
1798.9857640246137,1.0627788,0.0012651418,5674169,eclipsing_binary
1798.9871528877707,1.0689286,0.0012656559,5674169,eclipsing_binary
1798.9885417509272,1.074223,0.0012669695,5674169,eclipsing_binary
1798.9899306145503,1.0804665,0.0012664604,5674169,eclipsing_binary
1798.9913194777087,1.0865052,0.0012666305,5674169,eclipsing_binary
1798.992708340866,1.0920414,0.0012676715,5674169,eclipsing_binary
1798.9940972044888,1.094939,0.0012689708,5674169,eclipsing_binary
1798.9954860676453,1.0985439,0.0012690569,5674169,eclipsing_binary
1798.9968749308027,1.1021518,0.0012694906,5674169,eclipsing_binary
1798.9982637944267,1.10798,0.0012706874,5674169,eclipsing_binary
1798.9996526575842,1.1113979,0.0012737241,5674169,eclipsing_binary
1799.0010415207407,1.1122795,0.0012723057,5674169,eclipsing_binary
1799.0024303843634,1.1166282,0.001272927,5674169,eclipsing_binary
1799.0038192475208,1.1190209,0.0012741167,5674169,eclipsing_binary
1799.0052081106792,1.1193762,0.001273124,5674169,eclipsing_binary
1799.0065969743023,1.120964,0.0012740113,5674169,eclipsing_binary
1799.0079858374588,1.12296,0.0012734225,5674169,eclipsing_binary
1799.0093747006158,1.123715,0.001273634,5674169,eclipsing_binary
1799.0107635637733,1.1234094,0.0012722545,5674169,eclipsing_binary
1799.0121524273973,1.1244277,0.0012729228,5674169,eclipsing_binary
1799.0135412905547,1.123482,0.0012749844,5674169,eclipsing_binary
1799.0149301537112,1.1221225,0.0012776307,5674169,eclipsing_binary
1799.0163190168682,1.1220073,0.0012729634,5674169,eclipsing_binary
1799.0177078800257,1.1198541,0.0012739836,5674169,eclipsing_binary
1799.0190967436495,1.1180197,0.0012738724,5674169,eclipsing_binary
1799.0204856068071,1.1159706,0.0012770911,5674169,eclipsing_binary
1799.0218744699637,1.1115133,0.0012724237,5674169,eclipsing_binary
1799.0232633331207,1.1122787,0.001270415,5674169,eclipsing_binary
1799.024652196278,1.1072057,0.001273096,5674169,eclipsing_binary
1799.0260410599017,1.1032398,0.0012742722,5674169,eclipsing_binary
1799.0274299230591,1.1005394,0.0012695265,5674169,eclipsing_binary
1799.028818786216,1.095322,0.0012710389,5674169,eclipsing_binary
1799.030207649373,1.0930024,0.0012725963,5674169,eclipsing_binary
1799.0315965125305,1.086675,0.0012680662,5674169,eclipsing_binary
1799.0329853756884,1.0817614,0.0012667127,5674169,eclipsing_binary
1799.0343742388459,1.0752931,0.0012666036,5674169,eclipsing_binary
1799.0357631024685,1.0728184,0.0012665918,5674169,eclipsing_binary
1799.037151965625,1.0647558,0.0012647088,5674169,eclipsing_binary
1799.0385408287827,1.0624832,0.001266864,5674169,eclipsing_binary
1799.0399296919409,1.0549561,0.0012635466,5674169,eclipsing_binary
1799.0413185550983,1.0495973,0.0012632635,5674169,eclipsing_binary
1799.0427074182553,1.0464957,0.001262318,5674169,eclipsing_binary
1799.0440962814118,1.036445,0.0012634327,5674169,eclipsing_binary
1799.0454851445693,1.0305644,0.0012595713,5674169,eclipsing_binary
1799.0468740077276,1.0222672,0.0012590819,5674169,eclipsing_binary
1799.048262870885,1.0175041,0.0012563389,5674169,eclipsing_binary
1799.049651734042,1.0097206,0.0012548134,5674169,eclipsing_binary
1799.0510405971986,1.0025342,0.0012614075,5674169,eclipsing_binary
1799.052429460356,0.99465483,0.0012523398,5674169,eclipsing_binary
1799.0552071871375,0.97729933,0.0012496987,5674169,eclipsing_binary
1799.0565960502943,0.9683267,0.0012486782,5674169,eclipsing_binary
1799.057984913451,0.95733356,0.0012462223,5674169,eclipsing_binary
1799.0593737766085,0.9469227,0.0012473585,5674169,eclipsing_binary
1799.060762639766,0.93588686,0.0012442159,5674169,eclipsing_binary
1799.0621515029234,0.9254741,0.0012404199,5674169,eclipsing_binary
1799.0635403660808,0.9116494,0.0012378463,5674169,eclipsing_binary
1799.0649292287721,0.89949936,0.0012377674,5674169,eclipsing_binary
1799.0663180919296,0.8855315,0.0012342847,5674169,eclipsing_binary
1799.067706955087,0.87423044,0.0012331996,5674169,eclipsing_binary
1799.0690958182445,0.860506,0.0012299682,5674169,eclipsing_binary
1799.070484681402,0.8460641,0.0012289298,5674169,eclipsing_binary
1799.0718735445594,0.83345515,0.0012248986,5674169,eclipsing_binary
1799.0732624077168,0.82149756,0.0012236318,5674169,eclipsing_binary
1799.0746512708738,0.8104136,0.0012210467,5674169,eclipsing_binary
1799.0760401340312,0.79931474,0.0012186314,5674169,eclipsing_binary
1799.0774289971887,0.790149,0.001220848,5674169,eclipsing_binary
1799.0788178603461,0.7843931,0.0012224234,5674169,eclipsing_binary
1799.0802067235036,0.7817546,0.0012172855,5674169,eclipsing_binary
1799.0815955866606,0.7814273,0.0012190097,5674169,eclipsing_binary
1799.082984449818,0.7820878,0.0012168209,5674169,eclipsing_binary
1799.0843733125098,0.7810729,0.0012158108,5674169,eclipsing_binary
1799.0857621756672,0.7806132,0.0012165527,5674169,eclipsing_binary
1799.0871510388247,0.7801872,0.0012194812,5674169,eclipsing_binary
1799.0885399019817,0.7809167,0.0012169227,5674169,eclipsing_binary
1799.0899287651391,0.78036654,0.0012162405,5674169,eclipsing_binary
1799.0913176282966,0.78137696,0.0012155776,5674169,eclipsing_binary
1799.0927064909883,0.78112584,0.0012159825,5674169,eclipsing_binary
1799.0940953541458,0.78067553,0.0012151601,5674169,eclipsing_binary
1799.0954842173028,0.7818846,0.0012164206,5674169,eclipsing_binary
1799.0968730804602,0.78110915,0.0012175157,5674169,eclipsing_binary
1799.0982619436177,0.780695,0.0012182727,5674169,eclipsing_binary
1799.0996508067751,0.7816932,0.0012179299,5674169,eclipsing_binary
1799.101039669467,0.7809099,0.0012162954,5674169,eclipsing_binary
1799.102428532624,0.7828064,0.0012159288,5674169,eclipsing_binary
1799.1038173957813,0.7811764,0.0012205621,5674169,eclipsing_binary
1799.1052062589388,0.78410375,0.0012180135,5674169,eclipsing_binary
1799.1065951216306,0.7886664,0.0012228384,5674169,eclipsing_binary
1799.107983984788,0.7984228,0.0012201048,5674169,eclipsing_binary
1799.1093728479445,0.8080576,0.0012226145,5674169,eclipsing_binary
1799.1107617111022,0.8188537,0.0012267724,5674169,eclipsing_binary
1799.1121505737942,0.8330431,0.0012251867,5674169,eclipsing_binary
1799.1135394369517,0.84792864,0.0012272415,5674169,eclipsing_binary
1799.114928300109,0.8578097,0.0012324168,5674169,eclipsing_binary
1799.1163171632656,0.8713063,0.0012312747,5674169,eclipsing_binary
1799.1177060259574,0.8865305,0.0012378494,5674169,eclipsing_binary
1799.119094889115,0.90026045,0.0012394593,5674169,eclipsing_binary
1799.1204837522728,0.9126911,0.0012369922,5674169,eclipsing_binary
1799.1218726149646,0.9259512,0.0012425992,5674169,eclipsing_binary
1799.123261478121,0.9378084,0.0012420361,5674169,eclipsing_binary
1799.1246503412785,0.9491115,0.0012456264,5674169,eclipsing_binary
1799.1260392039703,0.96012783,0.0012457401,5674169,eclipsing_binary
1799.1274280671278,0.9730451,0.0012503853,5674169,eclipsing_binary
1799.1288169302854,0.98192483,0.0012508859,5674169,eclipsing_binary
1799.1302057929765,0.9944806,0.0012553979,5674169,eclipsing_binary
1799.131594656134,1.0009491,0.0012529882,5674169,eclipsing_binary
1799.1329835192914,1.0099732,0.0012587744,5674169,eclipsing_binary
1799.1343723819832,1.0175388,0.00126238,5674169,eclipsing_binary
1799.1357612451407,1.0237513,0.0012577109,5674169,eclipsing_binary
1799.137150107832,1.0306596,0.0012614601,5674169,eclipsing_binary
1799.1385389709894,1.0385402,0.0012626527,5674169,eclipsing_binary
1799.1399278341469,1.0453507,0.0012614632,5674169,eclipsing_binary
1799.1413166968387,1.0504438,0.0012681406,5674169,eclipsing_binary
1799.142705559996,1.0576917,0.0012641946,5674169,eclipsing_binary
1799.1440944226874,1.06411,0.0012636208,5674169,eclipsing_binary
1799.1454832858449,1.0693295,0.0012698807,5674169,eclipsing_binary
1799.1468721490023,1.0750004,0.00126629,5674169,eclipsing_binary
1799.148261011694,1.0818446,0.0012676691,5674169,eclipsing_binary
1799.1496498748515,1.0884725,0.0012713189,5674169,eclipsing_binary
1799.1510387375429,1.0930743,0.001268657,5674169,eclipsing_binary
1799.1524276007003,1.0958796,0.0012687821,5674169,eclipsing_binary
1799.153816463392,1.105764,0.0012737976,5674169,eclipsing_binary
1799.1552053265495,1.1082551,0.0012711532,5674169,eclipsing_binary
1799.1565941892413,1.1132846,0.0012754636,5674169,eclipsing_binary
1799.1579830523983,1.1177429,0.0012752599,5674169,eclipsing_binary
1799.15937191509,1.1218343,0.0012721731,5674169,eclipsing_binary
1799.1607607782475,1.1238043,0.0012735539,5674169,eclipsing_binary
1799.1621496409393,1.1262761,0.0012756588,5674169,eclipsing_binary
1799.1635385040968,1.1297022,0.0012773575,5674169,eclipsing_binary
1799.1649273667879,1.1327142,0.0012751969,5674169,eclipsing_binary
1799.1663162299456,1.1349921,0.001276922,5674169,eclipsing_binary
1799.1677050926373,1.1374825,0.0012763207,5674169,eclipsing_binary
1799.1690939557948,1.1381907,0.0012798301,5674169,eclipsing_binary
1799.1704828184866,1.1399074,0.0012773478,5674169,eclipsing_binary
1799.1718716811774,1.141376,0.0012779388,5674169,eclipsing_binary
1799.173260544335,1.1406367,0.0012777837,5674169,eclipsing_binary
1799.1746494070271,1.1404458,0.0012757281,5674169,eclipsing_binary
1799.1760382701846,1.1403074,0.0012780254,5674169,eclipsing_binary
1799.1774271328763,1.1392051,0.0012780216,5674169,eclipsing_binary
1799.1788159955672,1.1378336,0.0012771674,5674169,eclipsing_binary
1799.1802048587247,1.1377181,0.0012818306,5674169,eclipsing_binary
1799.1815937214164,1.1360668,0.0012745417,5674169,eclipsing_binary
1799.1829825845741,1.1316413,0.0012773208,5674169,eclipsing_binary
1799.1843714472661,1.1301038,0.0012743393,5674169,eclipsing_binary
1799.185760309957,1.1286741,0.001275351,5674169,eclipsing_binary
1799.1871491731144,1.1235633,0.0012766083,5674169,eclipsing_binary
1799.1885380358062,1.1207634,0.0012751337,5674169,eclipsing_binary
1799.189926898498,1.1154737,0.0012726424,5674169,eclipsing_binary
1799.1913157616555,1.1113007,0.0012713877,5674169,eclipsing_binary
1799.1927046243468,1.1058193,0.0012710141,5674169,eclipsing_binary
1799.1940934870386,1.1010716,0.0012716335,5674169,eclipsing_binary
1799.2052043899694,1.0495641,0.001263014,5674169,eclipsing_binary
1799.2065932526607,1.0436258,0.0012616619,5674169,eclipsing_binary
1799.2079821153525,1.0347857,0.0012582107,5674169,eclipsing_binary
1799.20937097851,1.0273846,0.0012574196,5674169,eclipsing_binary
1799.2107598412017,1.0172681,0.0012592472,5674169,eclipsing_binary
1799.2121487038935,1.0095191,0.0012537083,5674169,eclipsing_binary
1799.2135375665848,0.9993017,0.0012564353,5674169,eclipsing_binary
1799.2149264292766,0.9886597,0.0012581814,5674169,eclipsing_binary
1799.216315292434,0.9798507,0.0012501702,5674169,eclipsing_binary
1799.2177041551258,0.9683643,0.0012518252,5674169,eclipsing_binary
1799.2190930178176,0.9565238,0.0012471437,5674169,eclipsing_binary
1799.220481880509,0.9454224,0.0012434847,5674169,eclipsing_binary
1799.2218707432007,0.9342218,0.0012463898,5674169,eclipsing_binary
1799.2232596063582,0.9223367,0.0012409546,5674169,eclipsing_binary
1799.22464846905,0.90843815,0.0012391926,5674169,eclipsing_binary
1799.2260373317417,0.89517534,0.0012390411,5674169,eclipsing_binary
1799.2274261944326,0.88187784,0.0012377352,5674169,eclipsing_binary
1799.2288150571246,0.8674435,0.0012343448,5674169,eclipsing_binary
1799.2302039198166,0.85623676,0.0012311096,5674169,eclipsing_binary
1799.231592782974,0.84268594,0.0012274764,5674169,eclipsing_binary
1799.2329816456659,0.8284006,0.0012228624,5674169,eclipsing_binary
1799.2343705083567,0.81779414,0.0012277667,5674169,eclipsing_binary
1799.2357593710485,0.8057294,0.0012212306,5674169,eclipsing_binary
1799.2371482337405,0.7952361,0.0012180574,5674169,eclipsing_binary
1799.2385370964325,0.7861181,0.0012183434,5674169,eclipsing_binary
1799.2399259591243,0.78507227,0.0012187195,5674169,eclipsing_binary
1799.2413148218152,0.78248626,0.0012155864,5674169,eclipsing_binary
1799.242703684507,0.7809935,0.0012257939,5674169,eclipsing_binary
1799.2440925471988,0.7781784,0.0012172459,5674169,eclipsing_binary
1799.2454814103562,0.77772915,0.0012163513,5674169,eclipsing_binary
1799.2468702730482,0.77539045,0.0012160783,5674169,eclipsing_binary
1799.2482591357393,0.7763003,0.0012174336,5674169,eclipsing_binary
1799.249647998431,0.7741618,0.0012138921,5674169,eclipsing_binary
1799.2510368611229,0.774742,0.0012164876,5674169,eclipsing_binary
1799.2524257238147,0.77364886,0.0012155523,5674169,eclipsing_binary
1799.2538145865065,0.77401817,0.0012168855,5674169,eclipsing_binary
1799.2552034491978,0.77429795,0.0012160945,5674169,eclipsing_binary
1799.2565923118896,0.77391374,0.0012149756,5674169,eclipsing_binary
1799.2579811745813,0.77544737,0.0012157521,5674169,eclipsing_binary
1799.2593700372731,0.77551126,0.0012163059,5674169,eclipsing_binary
1799.260758899965,0.7761391,0.001216731,5674169,eclipsing_binary
1799.2621477626562,0.77864015,0.0012154592,5674169,eclipsing_binary
1799.263536625348,0.7804666,0.0012198767,5674169,eclipsing_binary
1799.2649254880398,0.78559977,0.0012207256,5674169,eclipsing_binary
1799.2663143507316,0.79393053,0.0012233955,5674169,eclipsing_binary
1799.2677032134234,0.8034565,0.0012249039,5674169,eclipsing_binary
1799.2690920761147,0.81450605,0.0012234813,5674169,eclipsing_binary
1799.2704809388065,0.82593113,0.0012232828,5674169,eclipsing_binary
1799.2718698014983,0.8398202,0.0012317809,5674169,eclipsing_binary
1799.2732586637244,0.8531523,0.001228241,5674169,eclipsing_binary
1799.2746475264162,0.8642415,0.0012310593,5674169,eclipsing_binary
1799.2760363891075,0.87949765,0.0012340107,5674169,eclipsing_binary
1799.2774252517993,0.8904449,0.0012336584,5674169,eclipsing_binary
1799.278814114491,0.9035691,0.0012372156,5674169,eclipsing_binary
1799.2802029771829,0.9137607,0.00123877,5674169,eclipsing_binary
1799.2815918398746,0.9281737,0.0012426856,5674169,eclipsing_binary
1799.2829807025657,0.9374525,0.0012437103,5674169,eclipsing_binary
1799.2843695652577,0.9480673,0.0012450963,5674169,eclipsing_binary
1799.2857584279495,0.9599451,0.0012463686,5674169,eclipsing_binary
1799.2871472901757,0.96834624,0.0012493321,5674169,eclipsing_binary
1799.2885361528674,0.9805401,0.0012501738,5674169,eclipsing_binary
1799.2899250155583,0.9884966,0.0012511373,5674169,eclipsing_binary
1799.2913138782503,0.997421,0.0012527958,5674169,eclipsing_binary
1799.2927027409423,1.0055836,0.0012549666,5674169,eclipsing_binary
1799.2940916036341,1.0143254,0.0012559821,5674169,eclipsing_binary
1799.2954804658602,1.0238048,0.0012571858,5674169,eclipsing_binary
1799.296869328551,1.0299264,0.0012620314,5674169,eclipsing_binary
1799.298258191243,1.0347928,0.0012604927,5674169,eclipsing_binary
1799.2996470539347,1.0440929,0.0012652881,5674169,eclipsing_binary
1799.3010359166267,1.0496588,0.001261495,5674169,eclipsing_binary
1799.302424778853,1.0566177,0.0012650888,5674169,eclipsing_binary
1799.303813641544,1.0608369,0.0012669229,5674169,eclipsing_binary
1799.3052025042357,1.067763,0.0012656325,5674169,eclipsing_binary
1799.3065913669275,1.072965,0.0012656503,5674169,eclipsing_binary
1799.3079802291536,1.0785439,0.0012735059,5674169,eclipsing_binary
1799.3093690918456,1.0831021,0.0012687431,5674169,eclipsing_binary
1799.3107579545367,1.0879569,0.0012676456,5674169,eclipsing_binary
1799.3121468172285,1.0951627,0.0012697439,5674169,eclipsing_binary
1799.3135356794546,1.0989796,0.0012708883,5674169,eclipsing_binary
1799.3149245421464,1.1021607,0.0012715566,5674169,eclipsing_binary
1799.3163134048382,1.1058931,0.0012708679,5674169,eclipsing_binary
1799.3177022675295,1.1100812,0.0012725923,5674169,eclipsing_binary
1799.3190911297556,1.112579,0.0012734958,5674169,eclipsing_binary
1799.3204799924474,1.113388,0.0012731515,5674169,eclipsing_binary
1799.3218688551392,1.1168716,0.0012773414,5674169,eclipsing_binary
1799.3232577173653,1.118442,0.0012786236,5674169,eclipsing_binary
1799.3246465800567,1.1206453,0.0012716616,5674169,eclipsing_binary
1799.3260354427484,1.1222311,0.0012750068,5674169,eclipsing_binary
1799.3274243049746,1.1215017,0.001277035,5674169,eclipsing_binary
1799.3288131676663,1.1234652,0.0012727908,5674169,eclipsing_binary
1799.3302020303581,1.121317,0.0012763834,5674169,eclipsing_binary
1799.3315908925838,1.1218128,0.0012732057,5674169,eclipsing_binary
1799.3329797552756,1.1211481,0.0012749536,5674169,eclipsing_binary
1799.3343686179674,1.1211056,0.0012749844,5674169,eclipsing_binary
1799.3357574801935,1.1173134,0.0012744007,5674169,eclipsing_binary
1799.3371463428853,1.1166829,0.0012732263,5674169,eclipsing_binary
1799.338535205111,1.1140822,0.0012743857,5674169,eclipsing_binary
1799.3399240678027,1.112696,0.0012770649,5674169,eclipsing_binary
1799.3413129304945,1.1084436,0.0012738422,5674169,eclipsing_binary
1799.3427017927206,1.1069617,0.0012711523,5674169,eclipsing_binary
1799.3440906554124,1.1037014,0.0012717438,5674169,eclipsing_binary
1799.3454795176376,1.0998774,0.0012700841,5674169,eclipsing_binary
1799.3468683803296,1.0955118,0.0012690207,5674169,eclipsing_binary
1799.348257242556,1.0936213,0.0012672328,5674169,eclipsing_binary
1799.3496461052478,1.0869697,0.0012711746,5674169,eclipsing_binary
1799.3510349679395,1.0811735,0.0012686369,5674169,eclipsing_binary
1799.3524238301648,1.0781269,0.0012702576,5674169,eclipsing_binary
1799.3538126928565,1.0722374,0.0012667383,5674169,eclipsing_binary
1799.3552015550829,1.0663624,0.0012644213,5674169,eclipsing_binary
1799.356590417775,1.0611743,0.0012651997,5674169,eclipsing_binary
1799.357979280001,1.0553102,0.0012617436,5674169,eclipsing_binary
1799.359368142692,1.0494822,0.0012662957,5674169,eclipsing_binary
1799.360757004918,1.0433823,0.001263011,5674169,eclipsing_binary
1799.3621458676098,1.0380031,0.0012620029,5674169,eclipsing_binary
1799.3635347298361,1.0309381,0.0012588166,5674169,eclipsing_binary
1799.3649235925282,1.0252434,0.0012576454,5674169,eclipsing_binary
1799.3663124547534,1.019258,0.0012563595,5674169,eclipsing_binary
1799.3677013174452,1.01061,0.0012570367,5674169,eclipsing_binary
1799.3690901796713,1.0035201,0.0012554044,5674169,eclipsing_binary
1799.370479042363,0.9963677,0.0012523488,5674169,eclipsing_binary
1799.3718679045892,0.9882662,0.0012529927,5674169,eclipsing_binary
1799.3732567668148,0.9787641,0.0012516356,5674169,eclipsing_binary
1799.3746456295066,0.96871823,0.001251758,5674169,eclipsing_binary
1799.3760344917328,0.9598287,0.001247967,5674169,eclipsing_binary
1799.3774233544245,0.94962305,0.0012500518,5674169,eclipsing_binary
1799.3788122166507,0.93642426,0.001244365,5674169,eclipsing_binary
1799.3802010788763,0.9254922,0.0012427674,5674169,eclipsing_binary
1799.381589941568,0.91206235,0.0012384343,5674169,eclipsing_binary
1799.382978803795,0.9012631,0.0012388169,5674169,eclipsing_binary
1799.384367666487,0.88738114,0.0012341824,5674169,eclipsing_binary
1799.3857565287121,0.873945,0.0012328887,5674169,eclipsing_binary
1799.3871453909378,0.8616597,0.0012300934,5674169,eclipsing_binary
1799.3885342536296,0.8459488,0.0012279354,5674169,eclipsing_binary
1799.3899231158562,0.8347473,0.0012250326,5674169,eclipsing_binary
1799.3913119780825,0.8230656,0.0012283257,5674169,eclipsing_binary
1799.3927008407736,0.8100191,0.001220546,5674169,eclipsing_binary
1799.3940897029993,0.79970896,0.0012239395,5674169,eclipsing_binary
1799.3954785652254,0.7918211,0.0012230353,5674169,eclipsing_binary
1799.3968674279176,0.78537947,0.0012203802,5674169,eclipsing_binary
1799.3982562901438,0.7816046,0.001219647,5674169,eclipsing_binary
1799.3996451523694,0.78146935,0.0012145702,5674169,eclipsing_binary
1799.4010340150605,0.7830104,0.0012165838,5674169,eclipsing_binary
1799.4024228772869,0.78081036,0.0012189462,5674169,eclipsing_binary
1799.4038117395135,0.7799448,0.0012184472,5674169,eclipsing_binary
1799.4052006022052,0.78056824,0.0012176838,5674169,eclipsing_binary
1799.406589464431,0.7811854,0.0012226643,5674169,eclipsing_binary
1799.4079783266561,0.7802671,0.0012223814,5674169,eclipsing_binary
1799.4093671888825,0.78045845,0.0012180253,5674169,eclipsing_binary
1799.410756051575,0.7810552,0.001218219,5674169,eclipsing_binary
1799.412144913801,0.7802279,0.0012180296,5674169,eclipsing_binary
1799.4135337760267,0.7809571,0.0012155387,5674169,eclipsing_binary
1799.414922638252,0.78086174,0.0012164378,5674169,eclipsing_binary
1799.4163115009437,0.78210145,0.001220534,5674169,eclipsing_binary
1799.4177003631708,0.780928,0.0012196128,5674169,eclipsing_binary
1799.4190892253969,0.7822125,0.00121779,5674169,eclipsing_binary
1799.4204780876225,0.7819924,0.0012180451,5674169,eclipsing_binary
1799.4218669498478,0.78246284,0.0012167773,5674169,eclipsing_binary
1799.4232558125395,0.7830694,0.0012209016,5674169,eclipsing_binary
1799.4246446747666,0.78962535,0.001220116,5674169,eclipsing_binary
1799.4260335369927,0.79832125,0.0012219856,5674169,eclipsing_binary
1799.4274223992181,0.80664915,0.0012210098,5674169,eclipsing_binary
1799.4288112614436,0.8175952,0.0012240113,5674169,eclipsing_binary
1799.4302001241354,0.83116555,0.0012250498,5674169,eclipsing_binary
1799.4315889863624,0.84456086,0.0012285259,5674169,eclipsing_binary
1799.4329778485885,0.8583623,0.0012319158,5674169,eclipsing_binary
1799.4343667108137,0.8702864,0.0012333308,5674169,eclipsing_binary
1799.4357555730394,0.8844512,0.0012382459,5674169,eclipsing_binary
1799.4371444352655,0.89831835,0.0012363513,5674169,eclipsing_binary
1799.4385332974925,0.90985155,0.0012389175,5674169,eclipsing_binary
1799.4399221597187,0.92496955,0.00124049,5674169,eclipsing_binary
1799.4413110224095,0.93708557,0.0012443986,5674169,eclipsing_binary
1799.4426998846352,0.94849986,0.001246175,5674169,eclipsing_binary
1799.4440887468613,0.9602025,0.0012480575,5674169,eclipsing_binary
1799.4454776090881,0.97098297,0.0012498109,5674169,eclipsing_binary
1799.4468664713145,0.98146296,0.0012533439,5674169,eclipsing_binary
1799.4482553335397,0.99075025,0.0012536508,5674169,eclipsing_binary
1799.4496441957654,1.0012169,0.0012562927,5674169,eclipsing_binary
1799.4510330579915,1.0091827,0.0012592335,5674169,eclipsing_binary
1799.452421920218,1.0169824,0.001257056,5674169,eclipsing_binary
1799.4538107824442,1.0249772,0.0012609506,5674169,eclipsing_binary
1799.4551996446698,1.0303247,0.001260813,5674169,eclipsing_binary
1799.4565885068955,1.0381742,0.0012612896,5674169,eclipsing_binary
1799.4579773691216,1.0454022,0.0012643371,5674169,eclipsing_binary
1799.4593662313482,1.0516427,0.0012617682,5674169,eclipsing_binary
1799.4607550935743,1.0569631,0.0012637604,5674169,eclipsing_binary
1799.4621439558,1.0655128,0.0012654252,5674169,eclipsing_binary
1799.4635328180252,1.0707599,0.0012721716,5674169,eclipsing_binary
1799.4649216802516,1.0751323,0.0012673311,5674169,eclipsing_binary
1799.4663105424784,1.0813075,0.0012692692,5674169,eclipsing_binary
1799.4676994047045,1.0854608,0.0012673374,5674169,eclipsing_binary
1799.4690882669302,1.0930763,0.0012693699,5674169,eclipsing_binary
1799.4704771291554,1.0985525,0.0012722806,5674169,eclipsing_binary
1799.4718659913815,1.103055,0.0012777984,5674169,eclipsing_binary
1799.4732548536085,1.1080528,0.0012719098,5674169,eclipsing_binary
1799.4746437158346,1.1130841,0.0012720443,5674169,eclipsing_binary
1799.4760325780603,1.1160818,0.0012726608,5674169,eclipsing_binary
1799.4774214402855,1.1212448,0.0012760244,5674169,eclipsing_binary
1799.4788103025116,1.1241161,0.0012757356,5674169,eclipsing_binary
1799.4801991647387,1.127129,0.0012773554,5674169,eclipsing_binary
1799.4815880269648,1.1307888,0.0012779783,5674169,eclipsing_binary
1799.4829768891905,1.1327302,0.0012739828,5674169,eclipsing_binary
1799.4843657514157,1.1358235,0.0012819414,5674169,eclipsing_binary
1799.4857546131761,1.1368407,0.00127972,5674169,eclipsing_binary
1799.4871434754032,1.1396222,0.0012768239,5674169,eclipsing_binary
1799.4885323376293,1.1397547,0.0012779452,5674169,eclipsing_binary
1799.4899211998545,1.140607,0.0012776175,5674169,eclipsing_binary
1799.4913100620802,1.1408736,0.0012761566,5674169,eclipsing_binary
1799.4926989243063,1.1414164,0.0012766777,5674169,eclipsing_binary
1799.4940877865333,1.1415831,0.0012777598,5674169,eclipsing_binary
1799.4954766487594,1.1407402,0.0012791909,5674169,eclipsing_binary
1799.496865510519,1.1400715,0.0012785655,5674169,eclipsing_binary
1799.4982543727447,1.1354238,0.0012781596,5674169,eclipsing_binary
1799.4996432349708,1.1361539,0.0012796251,5674169,eclipsing_binary
1799.5010320971978,1.1332451,0.001275401,5674169,eclipsing_binary
1799.502420959424,1.129819,0.0012764556,5674169,eclipsing_binary
1799.5038098211835,1.127517,0.0012763446,5674169,eclipsing_binary
1799.5051986834092,1.1253257,0.0012754981,5674169,eclipsing_binary
1799.5065875456353,1.1223508,0.0012762112,5674169,eclipsing_binary
1799.5079764078619,1.1163877,0.0012739851,5674169,eclipsing_binary
1799.5093652700882,1.1126275,0.0012733031,5674169,eclipsing_binary
1799.510754131848,1.1071595,0.0012765367,5674169,eclipsing_binary
1799.5121429940737,1.1019,0.0012745934,5674169,eclipsing_binary
1799.5135318562998,1.09627,0.0012691523,5674169,eclipsing_binary
1799.5149207185264,1.0909013,0.0012694778,5674169,eclipsing_binary
1799.5163095802868,1.0849935,0.0012731629,5674169,eclipsing_binary
1799.5176984425125,1.0787189,0.0012684019,5674169,eclipsing_binary
1799.519087304738,1.0732853,0.001266957,5674169,eclipsing_binary
1799.5204761669643,1.0665464,0.0012662042,5674169,eclipsing_binary
1799.5218650287252,1.0592548,0.0012652689,5674169,eclipsing_binary
1799.5232538909513,1.0518143,0.0012614169,5674169,eclipsing_binary
1799.524642753177,1.0462633,0.0012621136,5674169,eclipsing_binary
1799.5260316149365,1.0357631,0.0012593068,5674169,eclipsing_binary
1799.5274204771629,1.0273265,0.0012612598,5674169,eclipsing_binary
1799.5288093393897,1.0201275,0.0012615416,5674169,eclipsing_binary
1799.5301982011501,1.0102632,0.0012548309,5674169,eclipsing_binary
1799.5315870633758,1.0000005,0.0012539923,5674169,eclipsing_binary
1799.532975925601,0.9912351,0.0012570284,5674169,eclipsing_binary
1799.5343647873615,0.9786458,0.0012544072,5674169,eclipsing_binary
1799.5357536495885,0.9696007,0.0012513238,5674169,eclipsing_binary
1799.5371425118146,0.95815814,0.0012492876,5674169,eclipsing_binary
1799.5385313735746,0.9478213,0.001247764,5674169,eclipsing_binary
1799.5399202358008,0.93460613,0.0012436339,5674169,eclipsing_binary
1799.5413090980269,0.9226111,0.0012431231,5674169,eclipsing_binary
1799.5426979597873,0.9090588,0.0012405796,5674169,eclipsing_binary
1799.5440868220135,0.8973744,0.001242066,5674169,eclipsing_binary
1799.545475684239,0.883305,0.0012333571,5674169,eclipsing_binary
1799.5468645459996,0.8693539,0.0012316059,5674169,eclipsing_binary
1799.5482534082257,0.8556837,0.0012295477,5674169,eclipsing_binary
1799.5496422699862,0.8445168,0.001230914,5674169,eclipsing_binary
1799.5510311322123,0.83127064,0.0012304254,5674169,eclipsing_binary
1799.5524199939719,0.81817985,0.001224185,5674169,eclipsing_binary
1799.5538088561982,0.8064919,0.0012208206,5674169,eclipsing_binary
1799.5551977184246,0.7964575,0.0012217306,5674169,eclipsing_binary
1799.556586580185,0.78749055,0.0012180804,5674169,eclipsing_binary
1799.5579754424111,0.78622055,0.0012172844,5674169,eclipsing_binary
1799.5593643041707,0.78161395,0.001219855,5674169,eclipsing_binary
1799.5607531663968,0.7813811,0.0012184622,5674169,eclipsing_binary
1799.5621420281573,0.7785868,0.0012174638,5674169,eclipsing_binary
1799.5635308903836,0.77830094,0.0012176115,5674169,eclipsing_binary
1799.5649197521443,0.7763704,0.001221024,5674169,eclipsing_binary
1799.5663086143695,0.77645737,0.0012184369,5674169,eclipsing_binary
1799.56769747613,0.7753851,0.0012231129,5674169,eclipsing_binary
1799.569086338356,0.77298206,0.0012167824,5674169,eclipsing_binary
1799.5704752001166,0.7738684,0.0012147205,5674169,eclipsing_binary
1799.5718640623427,0.773224,0.0012204655,5674169,eclipsing_binary
1799.5732529241027,0.7731174,0.0012149863,5674169,eclipsing_binary
1799.5746417863288,0.7739455,0.0012187305,5674169,eclipsing_binary
1799.5760306480893,0.77347404,0.0012168078,5674169,eclipsing_binary
1799.5774195103154,0.7749311,0.0012170994,5674169,eclipsing_binary
1799.5788083720759,0.77640206,0.0012171101,5674169,eclipsing_binary
1799.5801972343015,0.7774824,0.0012177916,5674169,eclipsing_binary
1799.581586096062,0.78081506,0.0012161447,5674169,eclipsing_binary
1799.5829749578224,0.78383994,0.0012193321,5674169,eclipsing_binary
1799.5843638200486,0.7922532,0.0012205926,5674169,eclipsing_binary
1799.585752681809,0.8030511,0.0012230142,5674169,eclipsing_binary
1799.5871415440347,0.81254125,0.0012262709,5674169,eclipsing_binary
1799.5885304057952,0.82638395,0.0012243412,5674169,eclipsing_binary
1799.5899192675556,0.8377656,0.001228281,5674169,eclipsing_binary
1799.5913081297817,0.8507661,0.0012288964,5674169,eclipsing_binary
1799.5926969915422,0.86283064,0.001229444,5674169,eclipsing_binary
1799.5940858537679,0.87685084,0.0012341675,5674169,eclipsing_binary
1799.5954747155283,0.8896913,0.0012371346,5674169,eclipsing_binary
1799.5968635772888,0.9003367,0.0012392688,5674169,eclipsing_binary
1799.598252439515,0.9143724,0.0012406314,5674169,eclipsing_binary
1799.5996413012754,0.9241705,0.001241705,5674169,eclipsing_binary
1799.6010301630354,0.935698,0.00124575,5674169,eclipsing_binary
1799.6024190252615,0.9481314,0.0012464077,5674169,eclipsing_binary
1799.603807887022,0.95919275,0.0012488839,5674169,eclipsing_binary
1799.6051967487824,0.96782136,0.0012489754,5674169,eclipsing_binary
1799.6065856110085,0.97691286,0.0012505616,5674169,eclipsing_binary
1799.607974472768,0.9879718,0.001255956,5674169,eclipsing_binary
1799.6093633345288,0.9969407,0.0012543817,5674169,eclipsing_binary
1799.6107521967551,1.0052028,0.0012554587,5674169,eclipsing_binary
1799.6121410585156,1.0136484,0.0012635303,5674169,eclipsing_binary
1799.613529920276,1.0200064,0.0012606652,5674169,eclipsing_binary
1799.6149187820356,1.0284222,0.001260054,5674169,eclipsing_binary
1799.6163076442617,1.0346314,0.0012605536,5674169,eclipsing_binary
1799.6176965060224,1.0416094,0.0012639255,5674169,eclipsing_binary
1799.619085367783,1.0490683,0.0012630048,5674169,eclipsing_binary
1799.6204742295436,1.0555658,0.001263497,5674169,eclipsing_binary
1799.6218630917688,1.0609816,0.0012654103,5674169,eclipsing_binary
1799.6232519535292,1.0666894,0.0012665552,5674169,eclipsing_binary
1799.6246408152897,1.0720669,0.0012661759,5674169,eclipsing_binary
1799.6260296770502,1.0780859,0.0012713445,5674169,eclipsing_binary
1799.6274185392765,1.0832058,0.0012698828,5674169,eclipsing_binary
1799.6288074010363,1.0885159,0.0012729145,5674169,eclipsing_binary
1799.6301962627967,1.0924329,0.001270046,5674169,eclipsing_binary
1799.6315851245572,1.0979164,0.0012692837,5674169,eclipsing_binary
1799.6329739863177,1.1019182,0.0012725786,5674169,eclipsing_binary
1799.6343628485438,1.1063557,0.001271417,5674169,eclipsing_binary
1799.6357517103038,1.107343,0.0012707877,5674169,eclipsing_binary
1799.6371405720643,1.1124,0.0012728592,5674169,eclipsing_binary
1799.6385294338247,1.1135525,0.0012770402,5674169,eclipsing_binary
1799.6399182955852,1.114626,0.0012723082,5674169,eclipsing_binary
1799.6413071573456,1.1190991,0.001276232,5674169,eclipsing_binary
1799.6426960195713,1.1199996,0.001272863,5674169,eclipsing_binary
1799.6440848813318,1.1219839,0.0012777639,5674169,eclipsing_binary
1799.6454737430922,1.1205534,0.0012728835,5674169,eclipsing_binary
1799.6468626048527,1.1226577,0.001273978,5674169,eclipsing_binary
1799.6482514666131,1.124744,0.0012749948,5674169,eclipsing_binary
1799.6496403283732,1.1224716,0.0012745812,5674169,eclipsing_binary
1799.6510291901336,1.1210716,0.0012732871,5674169,eclipsing_binary
1799.652418051894,1.1193551,0.001274863,5674169,eclipsing_binary
1799.6538069141202,1.1198964,0.0012765828,5674169,eclipsing_binary
1799.6551957758807,1.1179104,0.0012787916,5674169,eclipsing_binary
1799.6565846376407,1.1152354,0.001274064,5674169,eclipsing_binary
1799.6579734994011,1.112142,0.0012729977,5674169,eclipsing_binary
1799.6593623611616,1.110879,0.0012763056,5674169,eclipsing_binary
1799.660751222922,1.1075867,0.0012738287,5674169,eclipsing_binary
1799.6621400846825,1.1061069,0.0012747083,5674169,eclipsing_binary
1799.6635289464423,1.1004946,0.0012713929,5674169,eclipsing_binary
1799.664917808203,1.0965581,0.0012721703,5674169,eclipsing_binary
1799.6663066699634,1.0924089,0.0012720588,5674169,eclipsing_binary
1799.667695531724,1.0878828,0.0012689624,5674169,eclipsing_binary
1799.6690843934844,1.083924,0.0012727304,5674169,eclipsing_binary
1799.670473255244,1.0759847,0.0012685538,5674169,eclipsing_binary
1799.6718621170046,1.0726238,0.001271516,5674169,eclipsing_binary
1799.6732509787653,1.067021,0.0012655739,5674169,eclipsing_binary
1799.6746398405257,1.0609632,0.0012652008,5674169,eclipsing_binary
1799.6760287022862,1.0559891,0.0012693735,5674169,eclipsing_binary
1799.6774175640458,1.0484146,0.0012666585,5674169,eclipsing_binary
1799.6788064258062,1.0431192,0.0012655517,5674169,eclipsing_binary
1799.6801952875667,1.0389802,0.0012615058,5674169,eclipsing_binary
1799.6815841493274,1.0315702,0.0012601911,5674169,eclipsing_binary
1799.682973011088,1.0256897,0.0012580808,5674169,eclipsing_binary
1799.6843618728476,1.0194949,0.0012599052,5674169,eclipsing_binary
1799.685750734608,1.0112313,0.0012587671,5674169,eclipsing_binary
1799.6871395963685,1.0050817,0.0012549774,5674169,eclipsing_binary
1799.688528458129,0.9978646,0.0012588594,5674169,eclipsing_binary
1799.6899173198897,0.98938125,0.0012524427,5674169,eclipsing_binary
1799.6913061816495,0.9794607,0.0012535171,5674169,eclipsing_binary
1799.69269504341,0.96980065,0.0012544234,5674169,eclipsing_binary
1799.6940839047056,0.9597944,0.001246659,5674169,eclipsing_binary
1799.695472766466,0.9486335,0.0012501113,5674169,eclipsing_binary
1799.6968616282256,0.93767923,0.001245168,5674169,eclipsing_binary
1799.6982504899856,0.9270707,0.0012408968,5674169,eclipsing_binary
1799.699639351746,0.91367733,0.0012409893,5674169,eclipsing_binary
1799.7010282135075,0.9015102,0.0012416531,5674169,eclipsing_binary
1799.702417075268,0.890049,0.0012366329,5674169,eclipsing_binary
1799.7038059370275,0.87666947,0.0012335666,5674169,eclipsing_binary
1799.7051947987875,0.86272806,0.0012315001,5674169,eclipsing_binary
1799.7065836600823,0.848314,0.0012300267,5674169,eclipsing_binary
1799.7079725218434,0.83522516,0.0012279464,5674169,eclipsing_binary
1799.7093613836041,0.82387835,0.0012241764,5674169,eclipsing_binary
1799.7107502453637,0.8118305,0.0012215353,5674169,eclipsing_binary
1799.7121391071237,0.8011891,0.0012276111,5674169,eclipsing_binary
1799.7135279688841,0.792111,0.0012203633,5674169,eclipsing_binary
1799.7149168301794,0.78520066,0.0012195233,5674169,eclipsing_binary
1799.7163056919399,0.781401,0.0012190113,5674169,eclipsing_binary
1799.7176945536999,0.78194237,0.0012195928,5674169,eclipsing_binary
1799.7190834154603,0.78117305,0.0012222766,5674169,eclipsing_binary
1799.7204722772208,0.7804087,0.0012202137,5674169,eclipsing_binary
1799.7218611385156,0.780792,0.0012159954,5674169,eclipsing_binary
1799.723250000276,0.7801641,0.0012187988,5674169,eclipsing_binary
1799.724638862036,0.7792934,0.0012152893,5674169,eclipsing_binary
1799.7260277237965,0.78067935,0.0012176468,5674169,eclipsing_binary
1799.7274165850913,0.7802457,0.0012176216,5674169,eclipsing_binary
1799.7288054468518,0.78093493,0.0012194185,5674169,eclipsing_binary
1799.7301943086122,0.7806423,0.001219229,5674169,eclipsing_binary
1799.7315831703722,0.7801511,0.0012237005,5674169,eclipsing_binary
1799.732972031667,0.78103024,0.0012178548,5674169,eclipsing_binary
1799.7343608934275,0.7809171,0.00121657,5674169,eclipsing_binary
1799.735749755188,0.78141737,0.0012171773,5674169,eclipsing_binary
1799.7371386164828,0.7827456,0.0012190833,5674169,eclipsing_binary
1799.7385274782428,0.78225005,0.0012181972,5674169,eclipsing_binary
1799.7399163400032,0.78350633,0.0012167078,5674169,eclipsing_binary
1799.7413052017637,0.78301954,0.0012185436,5674169,eclipsing_binary
1799.7426940630585,0.78825134,0.0012222587,5674169,eclipsing_binary
1799.744082924819,0.79639715,0.001219915,5674169,eclipsing_binary
1799.745471786579,0.8064466,0.0012209887,5674169,eclipsing_binary
1799.7468606478737,0.8174527,0.001223947,5674169,eclipsing_binary
1799.7482495096342,0.8290376,0.0012253536,5674169,eclipsing_binary
1799.7496383713947,0.8432957,0.0012299509,5674169,eclipsing_binary
1799.7510272326895,0.8555864,0.0012318575,5674169,eclipsing_binary
1799.752416094449,0.8689799,0.0012344291,5674169,eclipsing_binary
1799.753804955744,0.8836768,0.0012351663,5674169,eclipsing_binary
1799.7551938175047,0.89701104,0.0012367729,5674169,eclipsing_binary
1799.7565826792652,0.910326,0.0012437854,5674169,eclipsing_binary
1799.75797154056,0.9230645,0.0012437563,5674169,eclipsing_binary
1799.7593604023195,0.9340557,0.0012470636,5674169,eclipsing_binary
1799.7607492636143,0.947665,0.0012470278,5674169,eclipsing_binary
1799.7621381253748,0.9588559,0.0012485605,5674169,eclipsing_binary
1799.7635269871355,0.96983343,0.0012527124,5674169,eclipsing_binary
1799.7649158484305,0.9818942,0.0012554877,5674169,eclipsing_binary
1799.76630471019,0.99165225,0.0012534306,5674169,eclipsing_binary
1799.7676935714849,0.999626,0.0012549507,5674169,eclipsing_binary
1799.7690824332453,1.0079607,0.0012563985,5674169,eclipsing_binary
1799.7704712950058,1.0151439,0.0012583885,5674169,eclipsing_binary
1799.7718601563008,1.0226039,0.00126329,5674169,eclipsing_binary
1799.7732490180606,1.0293036,0.0012592403,5674169,eclipsing_binary
1799.7746378793554,1.0372226,0.0012636412,5674169,eclipsing_binary
1799.7760267411159,1.0432261,0.0012610246,5674169,eclipsing_binary
1799.7774156024107,1.0509847,0.0012660882,5674169,eclipsing_binary
1799.7788044641711,1.0582308,0.0012658024,5674169,eclipsing_binary
1799.7801933254655,1.0641972,0.0012655328,5674169,eclipsing_binary
1799.781582187226,1.0700688,0.0012705206,5674169,eclipsing_binary
1799.7829710485207,1.0749232,0.0012675544,5674169,eclipsing_binary
1799.7843599102812,1.0813208,0.0012688886,5674169,eclipsing_binary
1799.785748771576,1.0866195,0.0012758803,5674169,eclipsing_binary
1799.787137633336,1.0918422,0.0012702654,5674169,eclipsing_binary
1799.7885264946308,1.0983047,0.0012709863,5674169,eclipsing_binary
1799.7899153563912,1.1033154,0.0012738153,5674169,eclipsing_binary
1799.791304217686,1.1076821,0.0012718599,5674169,eclipsing_binary
1799.7926930794465,1.1113387,0.0012752437,5674169,eclipsing_binary
1799.7940819407409,1.1166834,0.0012750205,5674169,eclipsing_binary
1799.7954708020357,1.119724,0.0012743105,5674169,eclipsing_binary
1799.796859663796,1.1237168,0.0012739745,5674169,eclipsing_binary
1799.798248525091,1.1266142,0.0012791695,5674169,eclipsing_binary
1799.7996373868514,1.1303474,0.0012759027,5674169,eclipsing_binary
1799.8010262481457,1.1334455,0.0012777396,5674169,eclipsing_binary
1799.8024151099062,1.1348574,0.0012789936,5674169,eclipsing_binary
1799.803803971201,1.139668,0.0012787,5674169,eclipsing_binary
1799.8051928324958,1.1395361,0.0012790535,5674169,eclipsing_binary
1799.8065816942562,1.1393303,0.001281914,5674169,eclipsing_binary
1799.8079705555504,1.1416237,0.0012816451,5674169,eclipsing_binary
1799.809359417311,1.1411647,0.001277692,5674169,eclipsing_binary
1799.8107482786058,1.1423557,0.0012828903,5674169,eclipsing_binary
1799.8121371399006,1.1394047,0.001278343,5674169,eclipsing_binary
1799.813526001661,1.1408613,0.0012804569,5674169,eclipsing_binary
1799.814914862955,1.1399974,0.0012771854,5674169,eclipsing_binary
1799.8163037242498,1.1369181,0.0012797876,5674169,eclipsing_binary
1799.8176925860105,1.1361777,0.0012788883,5674169,eclipsing_binary
1799.8190814473055,1.1343926,0.0012799201,5674169,eclipsing_binary
1799.8204703086003,1.1329752,0.0012788499,5674169,eclipsing_binary
1799.8218591703599,1.1272991,0.0012767131,5674169,eclipsing_binary
1799.8232480316547,1.125184,0.0012789038,5674169,eclipsing_binary
1799.8246368929495,1.1202399,0.0012740588,5674169,eclipsing_binary
1799.8260257547101,1.1172361,0.0012767671,5674169,eclipsing_binary
1799.8274146160052,1.1138215,0.0012745115,5674169,eclipsing_binary
1799.828803477299,1.10802,0.001277327,5674169,eclipsing_binary
1799.8301923385939,1.1024783,0.0012719047,5674169,eclipsing_binary
1799.8315812003543,1.0980104,0.0012704516,5674169,eclipsing_binary
1799.8329700616491,1.0918473,0.0012728907,5674169,eclipsing_binary
1799.834358922944,1.0852034,0.0012711362,5674169,eclipsing_binary
1799.8357477842383,1.0793765,0.0012678475,5674169,eclipsing_binary
1799.8371366459987,1.0728854,0.001271332,5674169,eclipsing_binary
1799.8385255072935,1.0676087,0.0012691926,5674169,eclipsing_binary
1799.8399143685883,1.0597504,0.0012670725,5674169,eclipsing_binary
1799.8413032298831,1.0518333,0.0012624903,5674169,eclipsing_binary
1799.8426920916436,1.0445594,0.0012651344,5674169,eclipsing_binary
1799.8440809529386,1.0365422,0.001263332,5674169,eclipsing_binary
1799.8454698142327,1.0282987,0.0012622173,5674169,eclipsing_binary
1799.8468586755275,1.0210401,0.0012589751,5674169,eclipsing_binary
1799.848247537288,1.0110997,0.0012599042,5674169,eclipsing_binary
1799.8496363985828,1.0018569,0.0012569379,5674169,eclipsing_binary
1799.8510252598776,0.9931386,0.0012571648,5674169,eclipsing_binary
1799.852414121172,0.98171836,0.0012548979,5674169,eclipsing_binary
1799.8538029824667,0.97187054,0.0012586181,5674169,eclipsing_binary
1799.8551918437615,0.96084476,0.0012508137,5674169,eclipsing_binary
1799.856580705522,0.9481726,0.0012463356,5674169,eclipsing_binary
1799.8579695668168,0.93622786,0.0012449007,5674169,eclipsing_binary
1799.8593584281111,0.924574,0.0012418501,5674169,eclipsing_binary
1799.860747289406,0.91139567,0.0012439175,5674169,eclipsing_binary
1799.8621361507007,0.89941424,0.0012409597,5674169,eclipsing_binary
1799.8635250119955,0.88541687,0.0012367271,5674169,eclipsing_binary
1799.8649138732903,0.8723121,0.0012344347,5674169,eclipsing_binary
1799.8663027350503,0.85816115,0.0012335839,5674169,eclipsing_binary
1799.8676915963451,0.8442724,0.0012307239,5674169,eclipsing_binary
1799.86908045764,0.83204496,0.0012266241,5674169,eclipsing_binary
1799.8704693189347,0.8199733,0.0012280629,5674169,eclipsing_binary
1799.8718581802295,0.80828077,0.0012225172,5674169,eclipsing_binary
1799.8732470415239,0.79852754,0.0012208234,5674169,eclipsing_binary
1799.8746359028187,0.78968966,0.0012203414,5674169,eclipsing_binary
1799.8760247641135,0.78602487,0.0012187257,5674169,eclipsing_binary
1799.8774136254083,0.784488,0.0012226694,5674169,eclipsing_binary
1799.878802486703,0.7816667,0.0012171699,5674169,eclipsing_binary
1799.8801913479972,0.7793823,0.0012185083,5674169,eclipsing_binary
1799.8815802097579,0.77951473,0.0012191999,5674169,eclipsing_binary
1799.8829690710527,0.7776768,0.0012183991,5674169,eclipsing_binary
1799.8843579323475,0.7764328,0.0012175916,5674169,eclipsing_binary
1799.8857467936423,0.77536,0.0012186645,5674169,eclipsing_binary
1799.8871356549362,0.7747391,0.0012179356,5674169,eclipsing_binary
1799.888524516231,0.7748525,0.0012159443,5674169,eclipsing_binary
1799.889913377526,0.7739709,0.0012163664,5674169,eclipsing_binary
1799.891302238821,0.77537125,0.0012168742,5674169,eclipsing_binary
1799.8926911001158,0.7745592,0.0012175246,5674169,eclipsing_binary
1799.8940799614097,0.77449054,0.0012163171,5674169,eclipsing_binary
1799.8954688227045,0.77474463,0.0012177129,5674169,eclipsing_binary
1799.8968576839993,0.77738047,0.0012204628,5674169,eclipsing_binary
1799.8982465452943,0.77754045,0.0012227064,5674169,eclipsing_binary
1799.8996354065894,0.77941,0.0012241545,5674169,eclipsing_binary
1799.9010242678833,0.7845517,0.0012240148,5674169,eclipsing_binary
1799.902413129178,0.7927804,0.0012206457,5674169,eclipsing_binary
1799.9038019904729,0.8027106,0.0012217598,5674169,eclipsing_binary
1799.9051908517677,0.81465936,0.0012282139,5674169,eclipsing_binary
1799.9065797125968,0.82551193,0.0012251008,5674169,eclipsing_binary
1799.9079685738911,0.8377087,0.0012287239,5674169,eclipsing_binary
1799.909357435186,0.849699,0.001229293,5674169,eclipsing_binary
1799.9107462964807,0.86122584,0.0012325622,5674169,eclipsing_binary
1799.9121351577755,0.8748097,0.0012346223,5674169,eclipsing_binary
1799.9135240190703,0.88667387,0.0012359694,5674169,eclipsing_binary
1799.9149128803647,0.8993354,0.0012432066,5674169,eclipsing_binary
1799.9163017416595,0.9118793,0.0012425825,5674169,eclipsing_binary
1799.9176906029543,0.9241399,0.00124335,5674169,eclipsing_binary
1799.919079464249,0.93619764,0.0012428479,5674169,eclipsing_binary
1799.9204683255439,0.9462868,0.0012556625,5674169,eclipsing_binary
1799.9218571863726,0.95703846,0.0012504215,5674169,eclipsing_binary
1799.9232460476674,0.9670164,0.0012499305,5674169,eclipsing_binary
1799.9246349089622,0.97752833,0.001251557,5674169,eclipsing_binary
1799.926023770257,0.98770624,0.0012539705,5674169,eclipsing_binary
1799.9274126315518,0.99476486,0.0012606371,5674169,eclipsing_binary
1799.928801492846,1.004413,0.0012582259,5674169,eclipsing_binary
1799.930190354141,1.0129731,0.0012601736,5674169,eclipsing_binary
1799.93157921497,1.0202397,0.0012631912,5674169,eclipsing_binary
1799.9329680762648,1.0261956,0.0012609037,5674169,eclipsing_binary
1799.9343569375596,1.0344672,0.0012655088,5674169,eclipsing_binary
1799.935745798854,1.0412644,0.0012631501,5674169,eclipsing_binary
1799.9371346601488,1.0482266,0.0012648716,5674169,eclipsing_binary
1799.938523520978,1.0551276,0.0012664214,5674169,eclipsing_binary
1799.9399123822727,1.0603222,0.001265857,5674169,eclipsing_binary
1799.9413012435675,1.065149,0.0012682577,5674169,eclipsing_binary
1799.9426901048614,1.0725597,0.0012721224,5674169,eclipsing_binary
1799.9440789661564,1.0772035,0.0012703913,5674169,eclipsing_binary
1799.9454678269863,1.082428,0.0012694035,5674169,eclipsing_binary
1799.946856688281,1.0885463,0.0012715802,5674169,eclipsing_binary
1799.9482455495754,1.0915283,0.0012695907,5674169,eclipsing_binary
1799.9496344108693,1.0969698,0.0012717652,5674169,eclipsing_binary
1799.9510232716984,1.1003258,0.0012779525,5674169,eclipsing_binary
1799.9524121329941,1.1052988,0.001277229,5674169,eclipsing_binary
1799.953800994289,1.1079645,0.0012736444,5674169,eclipsing_binary
1799.9551898555833,1.1105255,0.0012750933,5674169,eclipsing_binary
1799.9565787164115,1.1132097,0.0012740834,5674169,eclipsing_binary
1799.9579675777063,1.1160415,0.0012745582,5674169,eclipsing_binary
1799.959356439002,1.116613,0.0012749258,5674169,eclipsing_binary
1799.9607452998312,1.1188294,0.0012779274,5674169,eclipsing_binary
1799.9621341611253,1.1212711,0.0012753475,5674169,eclipsing_binary
1799.9635230224194,1.1224502,0.0012798256,5674169,eclipsing_binary
1799.9649118837142,1.122913,0.0012812804,5674169,eclipsing_binary
1799.9663007445442,1.1227981,0.001279179,5674169,eclipsing_binary
1799.967689605839,1.1229299,0.0012763984,5674169,eclipsing_binary
1799.969078467133,1.1224726,0.0012757938,5674169,eclipsing_binary
1799.9704673279616,1.1218632,0.0012773284,5674169,eclipsing_binary
1799.9718561892564,1.1183313,0.0012766696,5674169,eclipsing_binary
1799.9732450505521,1.1173668,0.001274258,5674169,eclipsing_binary
1799.9746339113813,1.116576,0.0012743704,5674169,eclipsing_binary
1799.9760227726752,1.1125972,0.0012765045,5674169,eclipsing_binary
1799.9774116335038,1.1111426,0.0012733553,5674169,eclipsing_binary
1799.9788004947986,1.1074791,0.0012752955,5674169,eclipsing_binary
1799.9801893560941,1.1057197,0.0012757953,5674169,eclipsing_binary
1799.9815782169235,1.1013805,0.0012735497,5674169,eclipsing_binary
1799.9829670782174,1.0954711,0.0012731828,5674169,eclipsing_binary
1799.984355939046,1.0923514,0.0012721224,5674169,eclipsing_binary
1799.9857448003409,1.0884387,0.0012692836,5674169,eclipsing_binary
1799.987133661636,1.0840476,0.0012711392,5674169,eclipsing_binary
1799.9885225224655,1.0786326,0.0012723913,5674169,eclipsing_binary
1799.9899113837596,1.0722419,0.0012672147,5674169,eclipsing_binary
1799.9913002445883,1.0673833,0.001268609,5674169,eclipsing_binary
1799.992689105883,1.0630356,0.0012647243,5674169,eclipsing_binary
1799.9940779671783,1.0557734,0.0012700938,5674169,eclipsing_binary
1799.9954668280075,1.0497711,0.0012662691,5674169,eclipsing_binary
1799.9968556893018,1.043397,0.0012667102,5674169,eclipsing_binary
1799.9982445501303,1.0384756,0.0012656248,5674169,eclipsing_binary
1799.9996334114253,1.032442,0.0012644477,5674169,eclipsing_binary
1800.0010222722549,1.0271187,0.0012600032,5674169,eclipsing_binary
1800.0024111335497,1.0193229,0.0012614346,5674169,eclipsing_binary
1800.0037999943784,1.0131904,0.0012583635,5674169,eclipsing_binary
1800.0051888556732,1.0057782,0.0012582974,5674169,eclipsing_binary
1800.0065777165023,0.9963323,0.0012570855,5674169,eclipsing_binary
1800.007966577797,0.9909889,0.0012559914,5674169,eclipsing_binary
1800.0093554386262,0.97873783,0.0012570558,5674169,eclipsing_binary
1800.0107442999206,0.9731665,0.0012533795,5674169,eclipsing_binary
1800.0121331607497,0.9618988,0.001251982,5674169,eclipsing_binary
1800.0135220220445,0.9496956,0.0012466963,5674169,eclipsing_binary
1800.0149108828737,0.9405825,0.0012477504,5674169,eclipsing_binary
1800.0162997441685,0.92828417,0.0012448295,5674169,eclipsing_binary
1800.0176886049971,0.91633016,0.0012429667,5674169,eclipsing_binary
1800.019077466292,0.90347683,0.0012441973,5674169,eclipsing_binary
1800.020466327121,0.88919526,0.0012435501,5674169,eclipsing_binary
1800.0218551879502,0.8764286,0.0012364321,5674169,eclipsing_binary
1800.023244049245,0.86444706,0.0012346394,5674169,eclipsing_binary
1800.0246329100733,0.8517102,0.0012344334,5674169,eclipsing_binary
1800.0260217713683,0.83797425,0.0012345185,5674169,eclipsing_binary
1800.027410632198,0.8247046,0.0012322093,5674169,eclipsing_binary
1800.028799493493,0.8123845,0.0012249311,5674169,eclipsing_binary
1800.0301883543216,0.80308414,0.0012251226,5674169,eclipsing_binary
1800.0315772151498,0.7921289,0.0012204848,5674169,eclipsing_binary
1800.0329660764446,0.7854625,0.0012197851,5674169,eclipsing_binary
1800.0343549372747,0.7826685,0.0012217462,5674169,eclipsing_binary
1800.0357437985695,0.7818421,0.0012190061,5674169,eclipsing_binary
1800.0371326593981,0.78188735,0.0012189867,5674169,eclipsing_binary
1800.0385215202264,0.7814317,0.0012208328,5674169,eclipsing_binary
1800.0399103815212,0.7808255,0.0012189961,5674169,eclipsing_binary
1800.0412992423512,0.7810335,0.0012179207,5674169,eclipsing_binary
1800.0426881031804,0.7820039,0.0012198141,5674169,eclipsing_binary
1800.0440769644747,0.78112245,0.0012198534,5674169,eclipsing_binary
1800.045465825303,0.7802701,0.0012197205,5674169,eclipsing_binary
1800.046854686132,0.7811594,0.0012195164,5674169,eclipsing_binary
1800.0482435474278,0.78160965,0.0012256016,5674169,eclipsing_binary
1800.049632408257,0.78222287,0.0012247037,5674169,eclipsing_binary
1800.0510212690851,0.782321,0.0012249171,5674169,eclipsing_binary
1800.0524101303795,0.78078914,0.0012204458,5674169,eclipsing_binary
1800.0537989912086,0.78113985,0.0012207719,5674169,eclipsing_binary
1800.0551878520387,0.7816963,0.0012216235,5674169,eclipsing_binary
1800.0565767133335,0.7825728,0.0012231586,5674169,eclipsing_binary
1800.0579655741617,0.7838232,0.0012191329,5674169,eclipsing_binary
1800.0593544349904,0.78367853,0.001220797,5674169,eclipsing_binary
1800.0607432958195,0.78794706,0.0012210372,5674169,eclipsing_binary
1800.062132157115,0.7952739,0.0012248657,5674169,eclipsing_binary
1800.0635210179444,0.8050407,0.0012243717,5674169,eclipsing_binary
1800.0649098787726,0.8166934,0.0012244297,5674169,eclipsing_binary
1800.0662987396013,0.8284186,0.0012257921,5674169,eclipsing_binary
1800.067687600896,0.83957696,0.0012293049,5674169,eclipsing_binary
1800.0690764617257,0.85363495,0.0012322282,5674169,eclipsing_binary
1800.070465322555,0.8684195,0.0012364934,5674169,eclipsing_binary
1800.0718541833835,0.8824367,0.001234406,5674169,eclipsing_binary
1800.0732430446778,0.8955816,0.0012409445,5674169,eclipsing_binary
1800.074631905507,0.9104324,0.001240268,5674169,eclipsing_binary
1800.0760207663366,0.9216005,0.0012426141,5674169,eclipsing_binary
1800.0774096271657,0.93402934,0.0012468467,5674169,eclipsing_binary
1800.0787984879944,0.94629025,0.0012489924,5674169,eclipsing_binary
1800.0801873492885,0.9592361,0.0012560638,5674169,eclipsing_binary
1800.0815762101179,0.9694375,0.0012565695,5674169,eclipsing_binary
1800.0829650709475,0.9808435,0.0012588942,5674169,eclipsing_binary
1800.0843539317766,0.991106,0.0012576736,5674169,eclipsing_binary
1800.0857427926053,0.99965614,0.0012572269,5674169,eclipsing_binary
1800.0871316534335,1.0079712,0.0012577333,5674169,eclipsing_binary
1800.0885205147285,1.0154275,0.0012603895,5674169,eclipsing_binary
1800.0899093755584,1.0222316,0.0012595502,5674169,eclipsing_binary
1800.0912982363875,1.0303081,0.001261612,5674169,eclipsing_binary
1800.0926870972162,1.0373746,0.0012626218,5674169,eclipsing_binary
1800.0940759580444,1.0438267,0.0012640884,5674169,eclipsing_binary
1800.0954648188736,1.0508707,0.0012661939,5674169,eclipsing_binary
1800.0968536797036,1.0562375,0.0012647635,5674169,eclipsing_binary
1800.0982425409984,1.0625067,0.001268683,5674169,eclipsing_binary
1800.099631401827,1.0673009,0.0012678228,5674169,eclipsing_binary
1800.1010202626553,1.0752165,0.0012692004,5674169,eclipsing_binary
1800.1024091234844,1.081204,0.001273169,5674169,eclipsing_binary
1800.1037979843145,1.086641,0.0012742551,5674169,eclipsing_binary
1800.1051868451436,1.092348,0.0012776337,5674169,eclipsing_binary
1800.106575705972,1.0970218,0.0012722282,5674169,eclipsing_binary
1800.1079645668005,1.1037251,0.0012748144,5674169,eclipsing_binary
1800.1093534276306,1.1072115,0.001276522,5674169,eclipsing_binary
1800.1107422884602,1.1128395,0.0012740785,5674169,eclipsing_binary
1800.1121311492889,1.1168123,0.0012828099,5674169,eclipsing_binary
1800.113520010117,1.1202812,0.00128122,5674169,eclipsing_binary
1800.1149088709458,1.1247194,0.0012782236,5674169,eclipsing_binary
1800.1162977322413,1.128027,0.0012771328,5674169,eclipsing_binary
1800.117686593071,1.1304947,0.0012775451,5674169,eclipsing_binary
1800.1190754538998,1.132719,0.0012787604,5674169,eclipsing_binary
1800.120464314728,1.1343431,0.0012787489,5674169,eclipsing_binary
1800.1218531755567,1.1365966,0.0012882422,5674169,eclipsing_binary
1800.1232420363863,1.1389521,0.0012813971,5674169,eclipsing_binary
1800.1246308972163,1.1410384,0.0012815024,5674169,eclipsing_binary
1800.126019758045,1.1411682,0.0012811892,5674169,eclipsing_binary
1800.1274086188732,1.142959,0.0012823865,5674169,eclipsing_binary
1800.128797479702,1.1404262,0.0012814484,5674169,eclipsing_binary
1800.1301863405315,1.1417807,0.0012835594,5674169,eclipsing_binary
1800.1315752013616,1.1412503,0.0012817954,5674169,eclipsing_binary
1800.1329640621898,1.1411755,0.0012797107,5674169,eclipsing_binary
1800.1343529225528,1.1394137,0.0012812314,5674169,eclipsing_binary
1800.1357417833815,1.135875,0.0012822862,5674169,eclipsing_binary
1800.137130644211,1.1346866,0.0012788941,5674169,eclipsing_binary
1800.1385195050411,1.1331624,0.0012776104,5674169,eclipsing_binary
1800.1399083658694,1.1286049,0.0012763581,5674169,eclipsing_binary
1800.141297226698,1.1265802,0.0012781385,5674169,eclipsing_binary
1800.1426860875263,1.1223826,0.0012758705,5674169,eclipsing_binary
1800.1440749483563,1.1166523,0.0012753865,5674169,eclipsing_binary
1800.1454638091864,1.11425,0.0012749663,5674169,eclipsing_binary
1800.1468526700146,1.1092117,0.0012761845,5674169,eclipsing_binary
1800.1482415308433,1.1030601,0.0012766797,5674169,eclipsing_binary
1800.1496303916715,1.1001632,0.0012725501,5674169,eclipsing_binary
1800.1510192525016,1.0930523,0.0012788663,5674169,eclipsing_binary
1800.1524081133316,1.0876594,0.0012690534,5674169,eclipsing_binary
1800.1537969736942,1.0827345,0.0012760038,5674169,eclipsing_binary
1800.1551858345229,1.0740762,0.0012709593,5674169,eclipsing_binary
1800.156574695351,1.0684402,0.0012695558,5674169,eclipsing_binary
1800.1579635561811,1.0614289,0.0012661512,5674169,eclipsing_binary
1800.1593524170107,1.0547907,0.0012657306,5674169,eclipsing_binary
1800.1607412778394,1.048271,0.0012643709,5674169,eclipsing_binary
1800.162130138668,1.0392035,0.0012654747,5674169,eclipsing_binary
1800.1635189990307,1.0304563,0.001261437,5674169,eclipsing_binary
1800.1649078598607,1.023723,0.0012618575,5674169,eclipsing_binary
1800.1662967206903,1.0122468,0.0012599808,5674169,eclipsing_binary
1800.167685581519,1.0026982,0.0012565922,5674169,eclipsing_binary
1800.1690744423472,0.9937238,0.0012568262,5674169,eclipsing_binary
1800.170463303176,0.9819775,0.0012558434,5674169,eclipsing_binary
1800.1718521635403,0.9718988,0.0012554041,5674169,eclipsing_binary
1800.1732410243699,0.9613997,0.0012517268,5674169,eclipsing_binary
1800.1746298851986,0.9508213,0.0012486298,5674169,eclipsing_binary
1800.1760187460268,0.9388622,0.0012487674,5674169,eclipsing_binary
1800.177407606856,0.9264482,0.0012450048,5674169,eclipsing_binary
1800.1787964672203,0.9126579,0.0012473325,5674169,eclipsing_binary
1800.1801853280494,0.9004433,0.0012417564,5674169,eclipsing_binary
1800.1815741888781,0.8883074,0.0012381752,5674169,eclipsing_binary
1800.1829630497064,0.87402916,0.0012354365,5674169,eclipsing_binary
1800.1843519100698,0.8624366,0.0012362283,5674169,eclipsing_binary
1800.1857407708999,0.84876704,0.0012337877,5674169,eclipsing_binary
1800.187129631729,0.83427346,0.0012279974,5674169,eclipsing_binary
1800.1885184925575,0.82230514,0.0012257692,5674169,eclipsing_binary
1800.1899073529203,0.8092883,0.0012335624,5674169,eclipsing_binary
1800.1912962137494,0.800433,0.0012243103,5674169,eclipsing_binary
1800.1926850745795,0.79092354,0.001221185,5674169,eclipsing_binary
1800.1940739354086,0.7870667,0.0012201611,5674169,eclipsing_binary
1800.1954627957712,0.7835348,0.0012201451,5674169,eclipsing_binary
1800.1968516565998,0.7827462,0.0012187031,5674169,eclipsing_binary
1800.198240517429,0.78021586,0.0012188368,5674169,eclipsing_binary
1800.1996293777934,0.77856123,0.0012209974,5674169,eclipsing_binary
1800.2010182386225,0.7780931,0.0012235066,5674169,eclipsing_binary
1800.2024070994507,0.7762374,0.0012200524,5674169,eclipsing_binary
1800.2037959598138,0.7754423,0.0012230917,5674169,eclipsing_binary
1800.205184820643,0.77561367,0.00122016,5674169,eclipsing_binary
1800.2065736814727,0.7747689,0.0012191763,5674169,eclipsing_binary
1800.2079625418364,0.7735297,0.0012199217,5674169,eclipsing_binary
1800.2093514026647,0.77347076,0.0012216842,5674169,eclipsing_binary
1800.2107402634933,0.77406484,0.001218539,5674169,eclipsing_binary
1800.2121291238568,0.7759461,0.0012197951,5674169,eclipsing_binary
1800.2135179846864,0.77513474,0.0012188171,5674169,eclipsing_binary
1800.2149068455158,0.7762529,0.0012180631,5674169,eclipsing_binary
1800.2162957058786,0.7773802,0.0012196888,5674169,eclipsing_binary
1800.2176845667072,0.77922,0.0012212136,5674169,eclipsing_binary
1800.2190734275364,0.7840238,0.001223912,5674169,eclipsing_binary
1800.2204622879003,0.79008245,0.0012222975,5674169,eclipsing_binary
1800.2218511487295,0.79978156,0.0012221152,5674169,eclipsing_binary
1800.2232400090925,0.8106051,0.0012271139,5674169,eclipsing_binary
1800.224628869921,0.8236328,0.0012258005,5674169,eclipsing_binary
1800.2260177307503,0.835358,0.0012267149,5674169,eclipsing_binary
1800.2274065911142,0.84768736,0.001235997,5674169,eclipsing_binary
1800.2287954519434,0.86110103,0.0012353619,5674169,eclipsing_binary
1800.2301843123064,0.87301385,0.0012356702,5674169,eclipsing_binary
1800.2315731731346,0.88661474,0.0012376443,5674169,eclipsing_binary
1800.2329620334983,0.89824694,0.0012418646,5674169,eclipsing_binary
1800.2343508943281,0.9121837,0.0012411587,5674169,eclipsing_binary
1800.2357397551573,0.9236464,0.001244612,5674169,eclipsing_binary
1800.2371286155203,0.93353647,0.0012438385,5674169,eclipsing_binary
1800.2385174763494,0.9442411,0.0012464443,5674169,eclipsing_binary
1800.239906336713,0.95645034,0.0012488038,5674169,eclipsing_binary
1800.241295197542,0.9663534,0.0012503994,5674169,eclipsing_binary
1800.2426840579055,0.97583455,0.0012543716,5674169,eclipsing_binary
1800.2440729187342,0.9846318,0.001252803,5674169,eclipsing_binary
1800.2454617790977,0.99549985,0.0012589741,5674169,eclipsing_binary
1800.2468506399268,1.0035731,0.0012579187,5674169,eclipsing_binary
1800.2482395002903,1.0115243,0.0012597825,5674169,eclipsing_binary
1800.2496283611194,1.0192178,0.0012592885,5674169,eclipsing_binary
1800.251017221482,1.0265583,0.0012651382,5674169,eclipsing_binary
1800.2524060823114,1.0336903,0.0012624144,5674169,eclipsing_binary
1800.253794942675,1.0395678,0.0012657241,5674169,eclipsing_binary
1800.2551838035042,1.0472671,0.0012657942,5674169,eclipsing_binary
1800.2565726638677,1.0549983,0.0012660509,5674169,eclipsing_binary
1800.257961524696,1.0606893,0.001268109,5674169,eclipsing_binary
1800.2593503850594,1.0674446,0.0012677921,5674169,eclipsing_binary
1800.2607392458888,1.0710886,0.0012695275,5674169,eclipsing_binary
1800.2621281062525,1.0773128,0.0012704643,5674169,eclipsing_binary
1800.263516966616,1.081892,0.0012696944,5674169,eclipsing_binary
1800.2649058274442,1.0870923,0.0012718436,5674169,eclipsing_binary
1800.2662946878077,1.0923035,0.0012729978,5674169,eclipsing_binary
1800.2676835486368,1.0966144,0.001274777,5674169,eclipsing_binary
1800.2690724090005,1.1013181,0.0012739929,5674169,eclipsing_binary
1800.2704612698299,1.1048638,0.0012788586,5674169,eclipsing_binary
1800.2718501301924,1.1091149,0.0012789539,5674169,eclipsing_binary
1800.273238990556,1.1112998,0.0012754973,5674169,eclipsing_binary
1800.274627851385,1.1145159,0.0012764258,5674169,eclipsing_binary
1800.2760167117485,1.1149149,0.0012786911,5674169,eclipsing_binary
1800.2774055725777,1.1184846,0.0012827826,5674169,eclipsing_binary
1800.2787944329407,1.11943,0.0012780841,5674169,eclipsing_binary
1800.2801832933042,1.1220665,0.0012765334,5674169,eclipsing_binary
1800.2815721541333,1.1232717,0.001278153,5674169,eclipsing_binary
1800.2829610144968,1.1230886,0.0012793287,5674169,eclipsing_binary
1800.2843498748603,1.1216407,0.0012779998,5674169,eclipsing_binary
1800.285738735689,1.1225537,0.0012780544,5674169,eclipsing_binary
1800.2871275960524,1.122853,0.0012776841,5674169,eclipsing_binary
1800.2885164568816,1.1206144,0.0012855757,5674169,eclipsing_binary
1800.289905317245,1.1196862,0.0012778443,5674169,eclipsing_binary
1800.2912941776085,1.1179503,0.0012765522,5674169,eclipsing_binary
1800.2926830384372,1.1169257,0.0012765066,5674169,eclipsing_binary
1800.2940718988007,1.112744,0.0012780624,5674169,eclipsing_binary
1800.2954607591641,1.1112784,0.0012765431,5674169,eclipsing_binary
1800.2968496195276,1.108939,0.001274673,5674169,eclipsing_binary
1800.2982384803568,1.1042784,0.0012746598,5674169,eclipsing_binary
1800.2996273407202,1.1022556,0.0012731618,5674169,eclipsing_binary
1800.3010162010837,1.0958788,0.0012740777,5674169,eclipsing_binary
1800.3024050619124,1.0933768,0.0012740388,5674169,eclipsing_binary
1800.3037939222759,1.0900602,0.0012701903,5674169,eclipsing_binary
1800.3051827826393,1.0840666,0.0012702295,5674169,eclipsing_binary
1800.3065716434685,1.0804356,0.0012724133,5674169,eclipsing_binary
1800.307960503832,1.0743097,0.0012693476,5674169,eclipsing_binary
1800.309349364195,1.0682148,0.0012754105,5674169,eclipsing_binary
1800.3107382245585,1.0643876,0.0012661809,5674169,eclipsing_binary
1800.3121270853876,1.0579363,0.0012676003,5674169,eclipsing_binary
1800.313515945751,1.0526491,0.0012678605,5674169,eclipsing_binary
1800.3149048061146,1.0462213,0.0012684786,5674169,eclipsing_binary
1800.316293666478,1.0409634,0.0012637106,5674169,eclipsing_binary
1800.3176825273072,1.0333138,0.0012655674,5674169,eclipsing_binary
1800.3190713876702,1.0274256,0.0012648692,5674169,eclipsing_binary
1800.3204602480337,1.019875,0.0012612682,5674169,eclipsing_binary
1800.3218491083971,1.0141617,0.0012603663,5674169,eclipsing_binary
1800.3232379687606,1.0067966,0.0012577202,5674169,eclipsing_binary
1800.3246268295898,1.0006031,0.0012567182,5674169,eclipsing_binary
1800.3260156899528,0.99078226,0.0012552681,5674169,eclipsing_binary
1800.3274045503163,0.98128074,0.0012571707,5674169,eclipsing_binary
1800.3287934106797,0.97258294,0.0012580558,5674169,eclipsing_binary
1800.3301822710432,0.9639335,0.0012508399,5674169,eclipsing_binary
1800.3315711318724,0.95210767,0.0012485496,5674169,eclipsing_binary
1800.3329599922351,0.94173646,0.0012478842,5674169,eclipsing_binary
1800.3343488525989,0.9298293,0.0012464089,5674169,eclipsing_binary
1800.3357377129623,0.9174383,0.0012424426,5674169,eclipsing_binary
1800.3371265733258,0.90371424,0.0012408564,5674169,eclipsing_binary
1800.3385154336893,0.89125794,0.001239008,5674169,eclipsing_binary
1800.3399042945175,0.8787734,0.0012367065,5674169,eclipsing_binary
1800.3412931548812,0.86591727,0.0012335099,5674169,eclipsing_binary
1800.342682015245,0.8519281,0.0012342213,5674169,eclipsing_binary
1800.3440708756084,0.8387286,0.0012323536,5674169,eclipsing_binary
1800.3454597359719,0.8284977,0.0012300286,5674169,eclipsing_binary
1800.3468485963344,0.8159319,0.0012293246,5674169,eclipsing_binary
1800.348237456698,0.80441976,0.0012254182,5674169,eclipsing_binary
1800.3496263170614,0.7948943,0.0012214755,5674169,eclipsing_binary
1800.351015177425,0.7870182,0.0012256086,5674169,eclipsing_binary
1800.3524040382545,0.7825785,0.0012192782,5674169,eclipsing_binary
1800.353792898617,0.78199893,0.0012188144,5674169,eclipsing_binary
1800.3551817589805,0.78216964,0.0012286066,5674169,eclipsing_binary
1800.356570619344,0.78088194,0.0012223175,5674169,eclipsing_binary
1800.3579594797075,0.7814855,0.0012223172,5674169,eclipsing_binary
1800.3593483400712,0.7816013,0.0012183454,5674169,eclipsing_binary
1800.3607372004349,0.7809749,0.0012201088,5674169,eclipsing_binary
1800.3621260607983,0.7807302,0.0012203129,5674169,eclipsing_binary
1800.363514921161,0.78043926,0.0012212729,5674169,eclipsing_binary
1800.3649037815244,0.78138435,0.0012230328,5674169,eclipsing_binary
1800.3662926418879,0.78054327,0.0012201911,5674169,eclipsing_binary
1800.3676815022513,0.78058535,0.0012198607,5674169,eclipsing_binary
1800.369070362615,0.7811647,0.0012222105,5674169,eclipsing_binary
1800.3704592229778,0.7817785,0.0012247581,5674169,eclipsing_binary
1800.3718480833413,0.78110105,0.001221544,5674169,eclipsing_binary
1800.3732369437048,0.7813663,0.0012220388,5674169,eclipsing_binary
1800.3746258040683,0.782874,0.0012202666,5674169,eclipsing_binary
1800.3760146644318,0.78352517,0.0012206965,5674169,eclipsing_binary
1800.3774035247948,0.78375286,0.00121944,5674169,eclipsing_binary
1800.3787923851582,0.78908145,0.0012250353,5674169,eclipsing_binary
1800.3801812455217,0.79441804,0.0012234673,5674169,eclipsing_binary
1800.3815701058852,0.80458516,0.0012247361,5674169,eclipsing_binary
1800.3829589662487,0.81477994,0.0012274963,5674169,eclipsing_binary
1800.3843478266117,0.82813966,0.0012302357,5674169,eclipsing_binary
1800.3857366869752,0.83939373,0.0012307888,5674169,eclipsing_binary
1800.3871255473387,0.8532836,0.0012407671,5674169,eclipsing_binary
1800.3885144077021,0.86746734,0.0012372152,5674169,eclipsing_binary
1800.3899032680656,0.8793781,0.0012372464,5674169,eclipsing_binary
1800.3912921284286,0.8941351,0.0012387298,5674169,eclipsing_binary
1800.392680988792,0.90813154,0.0012428229,5674169,eclipsing_binary
1800.3940698491556,0.92099965,0.0012460185,5674169,eclipsing_binary
1800.395458709519,0.93389183,0.0012471578,5674169,eclipsing_binary
1800.3968475698825,0.94540924,0.001249235,5674169,eclipsing_binary
1800.3982364302456,0.9555642,0.0012490539,5674169,eclipsing_binary
1800.399625290609,0.9702117,0.0012522262,5674169,eclipsing_binary
1800.4010141509725,0.9789802,0.0012581537,5674169,eclipsing_binary
1800.402403011336,0.988972,0.0012584616,5674169,eclipsing_binary
1800.4037918716995,0.9982951,0.0012571713,5674169,eclipsing_binary
1800.4051807320623,1.0081186,0.0012585165,5674169,eclipsing_binary
1800.4065695919603,1.0148588,0.0012639418,5674169,eclipsing_binary
1800.4079584523238,1.0230026,0.0012647375,5674169,eclipsing_binary
1800.4093473126873,1.032174,0.0012633841,5674169,eclipsing_binary
1800.4107361730507,1.0362836,0.0012661803,5674169,eclipsing_binary
1800.4121250334133,1.043645,0.0012653221,5674169,eclipsing_binary
1800.413513893777,1.0504411,0.0012679367,5674169,eclipsing_binary
1800.4149027541412,1.0542608,0.0012684597,5674169,eclipsing_binary
1800.4162916145046,1.0619811,0.0012690502,5674169,eclipsing_binary
1800.417680474402,1.067464,0.0012702077,5674169,eclipsing_binary
1800.4190693347646,1.0737047,0.0012699096,5674169,eclipsing_binary
1800.420458195128,1.0789508,0.0012725859,5674169,eclipsing_binary
1800.4218470554924,1.0862904,0.0012721159,5674169,eclipsing_binary
1800.423235915856,1.0906699,0.0012734409,5674169,eclipsing_binary
1800.424624776219,1.0980836,0.0012780867,5674169,eclipsing_binary
1800.4260136361158,1.1021634,0.0012752896,5674169,eclipsing_binary
1800.4274024964793,1.1066895,0.0012770701,5674169,eclipsing_binary
1800.4287913568437,1.1110373,0.0012776296,5674169,eclipsing_binary
1800.4301802172072,1.1159847,0.0012767666,5674169,eclipsing_binary
1800.4315690775697,1.1187838,0.0012771669,5674169,eclipsing_binary
1800.432957937467,1.1238842,0.0012783665,5674169,eclipsing_binary
1800.4343467978306,1.1285015,0.0012780858,5674169,eclipsing_binary
1800.435735658195,1.129477,0.0012810908,5674169,eclipsing_binary
1800.4371245185584,1.1326182,0.001283321,5674169,eclipsing_binary
1800.438513378921,1.1346589,0.0012804971,5674169,eclipsing_binary
1800.4399022388184,1.137172,0.0012789062,5674169,eclipsing_binary
1800.4412910991819,1.1405555,0.0012796011,5674169,eclipsing_binary
1800.4426799595462,1.1403061,0.0012833549,5674169,eclipsing_binary
1800.4440688199097,1.1415207,0.0012817321,5674169,eclipsing_binary
1800.4454576798066,1.1400995,0.0012821449,5674169,eclipsing_binary
1800.4468465401696,1.1429712,0.0012818557,5674169,eclipsing_binary
1800.4482354005331,1.1423459,0.0012824534,5674169,eclipsing_binary
1800.4496242608973,1.1412406,0.0012800255,5674169,eclipsing_binary
1800.4510131207953,1.1391063,0.0012872104,5674169,eclipsing_binary
1800.452401981158,1.1385777,0.0012814411,5674169,eclipsing_binary
1800.453790841521,1.1379305,0.0012821471,5674169,eclipsing_binary
1800.4551797018844,1.1350826,0.0012794879,5674169,eclipsing_binary
1800.4565685617827,1.1329355,0.0012786322,5674169,eclipsing_binary
1800.4579574221461,1.130548,0.0012798219,5674169,eclipsing_binary
1800.4593462825092,1.1258469,0.001281264,5674169,eclipsing_binary
1800.4607351424065,1.1226405,0.001276897,5674169,eclipsing_binary
1800.46212400277,1.1194738,0.0012797263,5674169,eclipsing_binary
1800.463512863134,1.1127157,0.0012793858,5674169,eclipsing_binary
1800.4649017234974,1.1093901,0.0012770187,5674169,eclipsing_binary
1800.4662905833948,1.1049385,0.0012785855,5674169,eclipsing_binary
1800.4676794437573,1.0999728,0.0012779706,5674169,eclipsing_binary
1800.4690683041217,1.094589,0.0012770244,5674169,eclipsing_binary
1800.4704571640204,1.0889236,0.0012727677,5674169,eclipsing_binary
1800.471846024383,1.0810945,0.0012749027,5674169,eclipsing_binary
1800.473234884746,1.0765103,0.0012719863,5674169,eclipsing_binary
1800.474623744643,1.0692153,0.0012718742,5674169,eclipsing_binary
1800.4760126050073,1.0613317,0.0012689017,5674169,eclipsing_binary
1800.4774014649058,1.0563523,0.001272909,5674169,eclipsing_binary
1800.4787903252686,1.045939,0.0012653075,5674169,eclipsing_binary
1800.4801791856316,1.0385474,0.0012664243,5674169,eclipsing_binary
1800.4815680455285,1.0315003,0.0012666782,5674169,eclipsing_binary
1800.482956905893,1.0231185,0.0012617876,5674169,eclipsing_binary
1800.4843457662569,1.0125502,0.0012603644,5674169,eclipsing_binary
1800.4857346261542,1.005141,0.0012625259,5674169,eclipsing_binary
1800.487123486517,0.9948298,0.0012569497,5674169,eclipsing_binary
1800.4885123464142,0.9842304,0.0012601499,5674169,eclipsing_binary
1800.4899012067785,0.9737072,0.0012543354,5674169,eclipsing_binary
1800.4912900671425,0.9619413,0.0012518083,5674169,eclipsing_binary
1800.4926789270398,0.95054966,0.0012508323,5674169,eclipsing_binary
1800.4940677874024,0.9402006,0.0012508038,5674169,eclipsing_binary
1800.4954566472998,0.9281991,0.0012481222,5674169,eclipsing_binary
1800.4968455076641,0.914774,0.0012464443,5674169,eclipsing_binary
1800.498234368028,0.90025437,0.0012464755,5674169,eclipsing_binary
1800.4996232279254,0.88856655,0.001240548,5674169,eclipsing_binary
1800.501012088288,0.8761345,0.0012377192,5674169,eclipsing_binary
1800.5024009481854,0.86265546,0.0012380588,5674169,eclipsing_binary
1800.5037898085495,0.8489878,0.0012398666,5674169,eclipsing_binary
1800.505178668448,0.8347199,0.0012318823,5674169,eclipsing_binary
1800.506567528811,0.82344896,0.0012343924,5674169,eclipsing_binary
1800.507956388708,0.81018704,0.0012285084,5674169,eclipsing_binary
1800.509345249071,0.80054736,0.0012262461,5674169,eclipsing_binary
1800.5107341089692,0.7918938,0.0012233807,5674169,eclipsing_binary
1800.5121229693336,0.7874169,0.0012256966,5674169,eclipsing_binary
1800.5135118296964,0.7834658,0.0012227846,5674169,eclipsing_binary
1800.5149006895936,0.7822737,0.0012221643,5674169,eclipsing_binary
1800.516289549957,0.7813949,0.0012259836,5674169,eclipsing_binary
1800.5176784098558,0.7801938,0.0012211499,5674169,eclipsing_binary
1800.5190672702192,0.77825415,0.0012231542,5674169,eclipsing_binary
1800.5204561301161,0.7773698,0.0012203612,5674169,eclipsing_binary
1800.5218449904792,0.77730757,0.0012202106,5674169,eclipsing_binary
1800.523233850377,0.77433395,0.0012215781,5674169,eclipsing_binary
1800.5246227102757,0.77368146,0.0012231818,5674169,eclipsing_binary
1800.5260115706392,0.7740209,0.0012224854,5674169,eclipsing_binary
1800.527400430536,0.7741127,0.0012220358,5674169,eclipsing_binary
1800.528789290899,0.7720148,0.0012221454,5674169,eclipsing_binary
1800.530178150797,0.77365184,0.0012238316,5674169,eclipsing_binary
1800.531567011161,0.7745334,0.0012207052,5674169,eclipsing_binary
1800.5329558710591,0.77654564,0.0012208082,5674169,eclipsing_binary
1800.5343447314217,0.7767444,0.0012222875,5674169,eclipsing_binary
1800.535733591319,0.77977896,0.0012228918,5674169,eclipsing_binary
1800.5371224516825,0.78354603,0.0012243092,5674169,eclipsing_binary
1800.5385113115808,0.7888817,0.001227593,5674169,eclipsing_binary
1800.5399001714786,0.8002525,0.0012253465,5674169,eclipsing_binary
1800.5412890318416,0.810225,0.0012315784,5674169,eclipsing_binary
1800.542677891739,0.8222242,0.0012320806,5674169,eclipsing_binary
1800.5440667521025,0.8347214,0.0012318947,5674169,eclipsing_binary
1800.5454556120008,0.8463978,0.0012330798,5674169,eclipsing_binary
1800.5468444718986,0.8605975,0.0012355661,5674169,eclipsing_binary
1800.5482333322616,0.8726806,0.0012410076,5674169,eclipsing_binary
1800.5496221921587,0.88503444,0.001241528,5674169,eclipsing_binary
1800.5510110525224,0.8966777,0.0012415253,5674169,eclipsing_binary
1800.5523999124207,0.9105182,0.0012446283,5674169,eclipsing_binary
1800.5537887723185,0.9213797,0.0012487143,5674169,eclipsing_binary
1800.5551776326815,0.93351495,0.0012472646,5674169,eclipsing_binary
1800.5565664925784,0.94403005,0.001253477,5674169,eclipsing_binary
1800.557955352942,0.95549166,0.0012510521,5674169,eclipsing_binary
1800.5593442128406,0.96592337,0.0012552555,5674169,eclipsing_binary
1800.5607330727385,0.9753663,0.0012560071,5674169,eclipsing_binary
1800.5621219331015,0.98506445,0.0012584773,5674169,eclipsing_binary
1800.5635107929993,0.9927073,0.0012600443,5674169,eclipsing_binary
1800.564899652897,1.0024791,0.0012602217,5674169,eclipsing_binary
1800.5662885132606,1.0091902,0.0012672422,5674169,eclipsing_binary
1800.5676773731584,1.0192338,0.0012612441,5674169,eclipsing_binary
1800.5690662330558,1.0252732,0.0012643317,5674169,eclipsing_binary
1800.5704550934192,1.0344925,0.0012647781,5674169,eclipsing_binary
1800.571843953317,1.0384263,0.0012663221,5674169,eclipsing_binary
1800.5732328132149,1.0471516,0.0012676858,5674169,eclipsing_binary
1800.5746216735783,1.0524627,0.001271519,5674169,eclipsing_binary
1800.5760105334753,1.0588392,0.0012717368,5674169,eclipsing_binary
1800.5773993933733,1.0661802,0.0012696674,5674169,eclipsing_binary
1800.5787882532713,1.0703385,0.0012742202,5674169,eclipsing_binary
1800.5801771136348,1.0753387,0.00127475,5674169,eclipsing_binary
1800.5815659735326,1.0810322,0.001277856,5674169,eclipsing_binary
1800.5829548334295,1.0867172,0.001273544,5674169,eclipsing_binary
1800.584343693793,1.091948,0.0012744841,5674169,eclipsing_binary
1800.585732553691,1.095576,0.0012760499,5674169,eclipsing_binary
1800.587121413589,1.1001896,0.0012822323,5674169,eclipsing_binary
1800.588510273487,1.1031784,0.0012800593,5674169,eclipsing_binary
1800.5898991338495,1.108132,0.0012783587,5674169,eclipsing_binary
1800.5912879937473,1.1090726,0.001277115,5674169,eclipsing_binary
1800.5926768536451,1.1125498,0.0012798258,5674169,eclipsing_binary
1800.594065713543,1.1145003,0.0012821961,5674169,eclipsing_binary
1800.5954545739066,1.1198624,0.001278951,5674169,eclipsing_binary
1800.5968434338038,1.118941,0.001284201,5674169,eclipsing_binary
1800.5982322937016,1.1208163,0.0012830526,5674169,eclipsing_binary
1800.5996211535994,1.1223955,0.0012823383,5674169,eclipsing_binary
1800.6010100139629,1.1228173,0.0012799911,5674169,eclipsing_binary
1800.6023988738607,1.1224629,0.0012794923,5674169,eclipsing_binary
1800.603787733758,1.1209472,0.0012791823,5674169,eclipsing_binary
1800.6051765936559,1.1217237,0.0012813989,5674169,eclipsing_binary
1800.6065654535537,1.1231782,0.001280684,5674169,eclipsing_binary
1800.6079543139172,1.1204828,0.0012827981,5674169,eclipsing_binary
1800.609343173815,1.118974,0.0012796962,5674169,eclipsing_binary
1800.6107320337128,1.1169705,0.0012792007,5674169,eclipsing_binary
1800.6121208936106,1.1140617,0.0012796754,5674169,eclipsing_binary
1800.613509753508,1.1114944,0.0012770641,5674169,eclipsing_binary
1800.6148986138714,1.1090511,0.0012780336,5674169,eclipsing_binary
1800.6162874737693,1.1052524,0.001277203,5674169,eclipsing_binary
1800.617676333667,1.1034447,0.0012832046,5674169,eclipsing_binary
1800.619065193565,1.0985837,0.0012781619,5674169,eclipsing_binary
1800.6204540534623,1.0935152,0.0012752811,5674169,eclipsing_binary
1800.62184291336,1.0904447,0.0012761449,5674169,eclipsing_binary
1800.6232317737235,1.0844629,0.0012773074,5674169,eclipsing_binary
1800.6246206336214,1.080828,0.0012742582,5674169,eclipsing_binary
1800.6260094935192,1.0767738,0.0012733252,5674169,eclipsing_binary
1800.627398353417,1.0692912,0.0012715199,5674169,eclipsing_binary
1800.6287872133148,1.0636947,0.0012690782,5674169,eclipsing_binary
1800.6301760732122,1.0588863,0.0012716575,5674169,eclipsing_binary
1800.63156493311,1.0526105,0.0012693683,5674169,eclipsing_binary
1800.6329537934735,1.0465063,0.0012676026,5674169,eclipsing_binary
1800.6343426533713,1.0391085,0.00126729,5674169,eclipsing_binary
1800.635731513269,1.0342835,0.001267425,5674169,eclipsing_binary
1800.6371203731665,1.0286372,0.0012664921,5674169,eclipsing_binary
1800.6385092330643,1.021271,0.0012711562,5674169,eclipsing_binary
1800.639898092962,1.015491,0.0012638154,5674169,eclipsing_binary
1800.64128695286,1.0068512,0.0012627557,5674169,eclipsing_binary
1800.6426758127577,0.99977523,0.0012609496,5674169,eclipsing_binary
1800.644064672655,0.99162257,0.0012615592,5674169,eclipsing_binary
1800.6454535330186,0.9825333,0.0012583389,5674169,eclipsing_binary
1800.6468423929164,0.97177106,0.0012575602,5674169,eclipsing_binary
1800.6482312528142,0.9642457,0.0012568508,5674169,eclipsing_binary
1800.649620112712,0.955059,0.001257497,5674169,eclipsing_binary
1800.6510089726094,0.94165754,0.0012558936,5674169,eclipsing_binary
1800.6523978325072,0.9312081,0.0012521853,5674169,eclipsing_binary
1800.653786692405,0.91902006,0.001251445,5674169,eclipsing_binary
1800.6551755523028,0.9053168,0.0012494551,5674169,eclipsing_binary
1800.6565644122006,0.8923939,0.0012487115,5674169,eclipsing_binary
1800.6579532720984,0.8796087,0.001243951,5674169,eclipsing_binary
1800.6593421319963,0.86710316,0.0012415708,5674169,eclipsing_binary
1800.6607309918936,0.8535411,0.0012413884,5674169,eclipsing_binary
1800.6621198517914,0.84092176,0.0012386102,5674169,eclipsing_binary
1800.6635087116892,0.8282414,0.0012365525,5674169,eclipsing_binary
1800.664897571587,0.81610364,0.0012338177,5674169,eclipsing_binary
1800.6662864314849,0.8060334,0.0012324773,5674169,eclipsing_binary
1800.667675291382,0.7948329,0.0012337945,5674169,eclipsing_binary
1800.66906415128,0.78737867,0.0012338343,5674169,eclipsing_binary
1800.6704530111779,0.7818153,0.0012280653,5674169,eclipsing_binary
1800.6718418710757,0.78230757,0.0012291371,5674169,eclipsing_binary
1800.6732307309735,0.78124636,0.001231476,5674169,eclipsing_binary
1800.6746195908704,0.7811882,0.0012346077,5674169,eclipsing_binary
1800.6760084507684,0.7805632,0.0012318733,5674169,eclipsing_binary
1800.6773973106665,0.78037935,0.0012299882,5674169,eclipsing_binary
1800.6787861705643,0.7803225,0.001229757,5674169,eclipsing_binary
1800.6801750304621,0.7812276,0.0012348121,5674169,eclipsing_binary
1800.681563890359,0.78026533,0.0012322719,5674169,eclipsing_binary
1800.6829527502568,0.77958333,0.0012316934,5674169,eclipsing_binary
1800.6843416101547,0.78048754,0.0012303006,5674169,eclipsing_binary
1800.6857304700527,0.7807598,0.0012306457,5674169,eclipsing_binary
1800.6871193299507,0.7809484,0.0012298324,5674169,eclipsing_binary
1800.6885081898477,0.78151417,0.0012305521,5674169,eclipsing_binary
1800.6898970497455,0.7818737,0.0012315171,5674169,eclipsing_binary
1800.6912859096433,0.7816044,0.00123614,5674169,eclipsing_binary
1800.692674769541,0.78257763,0.0012315571,5674169,eclipsing_binary
1800.6940636294391,0.7830657,0.0012318353,5674169,eclipsing_binary
1800.6954524893363,0.7827852,0.0012305565,5674169,eclipsing_binary
1800.696841349234,0.7870562,0.0012346004,5674169,eclipsing_binary
1800.6982302091328,0.7923105,0.001233279,5674169,eclipsing_binary
1800.6996190690306,0.80263036,0.0012406873,5674169,eclipsing_binary
1800.7010079284619,0.81324184,0.0012394672,5674169,eclipsing_binary
1800.7023967883592,0.8246779,0.0012405944,5674169,eclipsing_binary
1803.4537353252172,1.1036674,0.0012698695,5674169,eclipsing_binary
1803.4551241883746,1.1077505,0.001271688,5674169,eclipsing_binary
1803.4565130510664,1.1095699,0.0012715802,5674169,eclipsing_binary
1803.4579019142238,1.1137993,0.0012710394,5674169,eclipsing_binary
1803.4592907773813,1.1141278,0.0012715936,5674169,eclipsing_binary
1803.4606796405383,1.1158239,0.001273004,5674169,eclipsing_binary
1803.4620685036957,1.1176282,0.001271484,5674169,eclipsing_binary
1803.4634573668532,1.1177846,0.0012751705,5674169,eclipsing_binary
1803.464846229545,1.1176107,0.0012708099,5674169,eclipsing_binary
1803.4662350927024,1.1208535,0.0012726154,5674169,eclipsing_binary
1803.4676239558594,1.1178136,0.0012733922,5674169,eclipsing_binary
1803.4690128185512,1.11718,0.0012710936,5674169,eclipsing_binary
1803.4704016817086,1.1166981,0.0012734194,5674169,eclipsing_binary
1803.471790544866,1.1164063,0.0012717322,5674169,eclipsing_binary
1803.4731794075578,1.1131706,0.0012717638,5674169,eclipsing_binary
1803.4745682707148,1.1107006,0.0012698475,5674169,eclipsing_binary
1803.4759571334066,1.1118146,0.0012720855,5674169,eclipsing_binary
1803.4773459965645,1.1058514,0.0012707724,5674169,eclipsing_binary
1803.4787348592565,1.1044484,0.0012712689,5674169,eclipsing_binary
1803.4801237224133,1.1009119,0.0012723784,5674169,eclipsing_binary
1803.4815125851046,1.0975169,0.0012726124,5674169,eclipsing_binary
1803.4829014477964,1.0917513,0.0012691239,5674169,eclipsing_binary
1803.4842903109543,1.0886648,0.0012670488,5674169,eclipsing_binary
1803.485679173646,1.0836766,0.0012644661,5674169,eclipsing_binary
1803.4870680363374,1.0798895,0.0012653547,5674169,eclipsing_binary
1803.4884568990285,1.0738146,0.0012629628,5674169,eclipsing_binary
1803.4898457621866,1.0697339,0.0012654231,5674169,eclipsing_binary
1803.4912346248793,1.064289,0.0012620874,5674169,eclipsing_binary
1803.4926234875702,1.0596853,0.0012632381,5674169,eclipsing_binary
1803.4940123502615,1.0539196,0.0012613321,5674169,eclipsing_binary
1803.4954012129524,1.0479841,0.001260493,5674169,eclipsing_binary
1803.496790075645,1.0422685,0.0012626863,5674169,eclipsing_binary
1803.4981789383378,1.0355598,0.0012573716,5674169,eclipsing_binary
1803.4995678014943,1.0292414,0.001256871,5674169,eclipsing_binary
1803.5009566641857,1.0234635,0.0012554072,5674169,eclipsing_binary
1803.5023455268774,1.0167377,0.0012544979,5674169,eclipsing_binary
1803.503734389104,1.0105816,0.0012583862,5674169,eclipsing_binary
1803.505123251796,1.0021288,0.0012532539,5674169,eclipsing_binary
1803.5065121144871,0.9959808,0.0012526361,5674169,eclipsing_binary
1803.5079009771785,0.9864575,0.0012520304,5674169,eclipsing_binary
1803.5092898398702,0.97769564,0.001248949,5674169,eclipsing_binary
1803.5106787025625,0.968849,0.0012467392,5674169,eclipsing_binary
1803.5120675652543,0.9599746,0.0012446573,5674169,eclipsing_binary
1803.51345642748,0.9472608,0.0012463635,5674169,eclipsing_binary
1803.5148452901717,0.93618506,0.0012410005,5674169,eclipsing_binary
1803.5162341528635,0.92489576,0.0012379735,5674169,eclipsing_binary
1803.5176230150896,0.91251075,0.0012390458,5674169,eclipsing_binary
1803.5190118777814,0.90018934,0.0012347853,5674169,eclipsing_binary
1803.5204007404727,0.88794744,0.0012351804,5674169,eclipsing_binary
1803.5217896026988,0.87450457,0.0012377034,5674169,eclipsing_binary
1803.5231784653906,0.8603882,0.0012270652,5674169,eclipsing_binary
1803.5245673276168,0.84865326,0.0012273602,5674169,eclipsing_binary
1803.5259561903085,0.83481205,0.0012249299,5674169,eclipsing_binary
1803.5273450525342,0.8233782,0.001225334,5674169,eclipsing_binary
1803.528733915226,0.8101015,0.0012196709,5674169,eclipsing_binary
1803.530122777452,0.7997437,0.0012180688,5674169,eclipsing_binary
1803.531511640144,0.79172087,0.0012159076,5674169,eclipsing_binary
1803.53290050237,0.7819841,0.0012155373,5674169,eclipsing_binary
1803.5342893645961,0.7787202,0.00121659,5674169,eclipsing_binary
1803.535678227288,0.77795345,0.001213944,5674169,eclipsing_binary
1803.5370670895136,0.7780487,0.0012146272,5674169,eclipsing_binary
1803.5384559517397,0.7767582,0.0012138006,5674169,eclipsing_binary
1803.5398448144315,0.7789244,0.0012197642,5674169,eclipsing_binary
1803.5412336766576,0.77773666,0.0012144197,5674169,eclipsing_binary
1803.5426225388837,0.77754307,0.0012134053,5674169,eclipsing_binary
1803.5440114011094,0.7764442,0.0012140662,5674169,eclipsing_binary
1803.5454002633355,0.77754724,0.0012162987,5674169,eclipsing_binary
1803.546789125562,0.77703965,0.0012165586,5674169,eclipsing_binary
1803.5481779877882,0.778156,0.0012159874,5674169,eclipsing_binary
1803.549566850014,0.7781393,0.0012149154,5674169,eclipsing_binary
1803.5509557122393,0.7785585,0.0012132813,5674169,eclipsing_binary
1803.5523445744657,0.7783645,0.0012155038,5674169,eclipsing_binary
1803.5537334366923,0.77842635,0.0012131378,5674169,eclipsing_binary
1803.5551222989184,0.7787871,0.0012158602,5674169,eclipsing_binary
1803.556511161144,0.7799487,0.0012154,5674169,eclipsing_binary
1803.5579000233693,0.7802389,0.0012124612,5674169,eclipsing_binary
1803.5592888855963,0.78111744,0.0012147331,5674169,eclipsing_binary
1803.5606777478233,0.78542507,0.0012170095,5674169,eclipsing_binary
1803.5620666100485,0.7925026,0.0012149428,5674169,eclipsing_binary
1803.5634554722742,0.80008173,0.0012187059,5674169,eclipsing_binary
1803.5648443340338,0.8124812,0.001222269,5674169,eclipsing_binary
1803.5662331962608,0.8237493,0.0012215081,5674169,eclipsing_binary
1803.5676220584874,0.8360735,0.0012252224,5674169,eclipsing_binary
1803.5690109202474,0.85058874,0.0012275246,5674169,eclipsing_binary
1803.570399782473,0.86492705,0.0012312576,5674169,eclipsing_binary
1803.5717886446992,0.8784952,0.0012350968,5674169,eclipsing_binary
1803.57317750646,0.8910388,0.0012327967,5674169,eclipsing_binary
1803.5745663686862,0.904301,0.0012355545,5674169,eclipsing_binary
1803.5759552304462,0.91874385,0.0012369741,5674169,eclipsing_binary
1803.5773440926714,0.9308299,0.0012416199,5674169,eclipsing_binary
1803.578732954432,0.9431107,0.0012423944,5674169,eclipsing_binary
1803.580121816659,0.95436907,0.0012444925,5674169,eclipsing_binary
1803.5815106784194,0.96639264,0.0012455207,5674169,eclipsing_binary
1803.582899540645,0.9760711,0.0012480639,5674169,eclipsing_binary
1803.5842884024046,0.9856697,0.0012512815,5674169,eclipsing_binary
1803.5856772646307,0.99607694,0.0012534917,5674169,eclipsing_binary
1803.587066126392,1.0030239,0.0012552439,5674169,eclipsing_binary
1803.5884549881525,1.0126878,0.0012523867,5674169,eclipsing_binary
1803.5898438503782,1.0201843,0.0012570901,5674169,eclipsing_binary
1803.5912327121387,1.0267633,0.0012553344,5674169,eclipsing_binary
1803.5926215738991,1.034324,0.0012604446,5674169,eclipsing_binary
1803.5940104356596,1.0398977,0.0012573269,5674169,eclipsing_binary
1803.5953992978857,1.0458169,0.001258727,5674169,eclipsing_binary
1803.5967881596457,1.0531865,0.0012605292,5674169,eclipsing_binary
1803.5981770214062,1.059284,0.0012663081,5674169,eclipsing_binary
1803.5995658831666,1.0672376,0.001263348,5674169,eclipsing_binary
1803.600954744927,1.0716488,0.0012647664,5674169,eclipsing_binary
1803.6023436066876,1.0772159,0.0012645982,5674169,eclipsing_binary
1803.6065101919685,1.0936431,0.0012662092,5674169,eclipsing_binary
1803.607899053729,1.0989134,0.0012718323,5674169,eclipsing_binary
1803.6092879154894,1.1032902,0.0012695363,5674169,eclipsing_binary
1803.6106767772499,1.1087503,0.0012750939,5674169,eclipsing_binary
1803.6120656390103,1.1122102,0.001270749,5674169,eclipsing_binary
1803.61345450077,1.1187066,0.0012729988,5674169,eclipsing_binary
1803.6148433625308,1.1212232,0.0012750999,5674169,eclipsing_binary
1803.616232223826,1.1238494,0.0012732092,5674169,eclipsing_binary
1803.6176210855865,1.1282147,0.001272948,5674169,eclipsing_binary
1803.6190099473465,1.1311413,0.001274667,5674169,eclipsing_binary
1803.620398809106,1.1322137,0.0012729602,5674169,eclipsing_binary
1803.6217876704009,1.1368647,0.0012765342,5674169,eclipsing_binary
1803.6231765321622,1.1368707,0.0012751458,5674169,eclipsing_binary
1803.6245653939227,1.138855,0.0012759005,5674169,eclipsing_binary
1803.625954255217,1.1389595,0.0012765396,5674169,eclipsing_binary
1803.6273431169766,1.141375,0.0012760599,5674169,eclipsing_binary
1803.628731978738,1.1399187,0.0012749274,5674169,eclipsing_binary
1803.6301208400332,1.1401675,0.001273843,5674169,eclipsing_binary
1803.6315097017932,1.1387902,0.0012763013,5674169,eclipsing_binary
1803.6328985630876,1.137946,0.0012781499,5674169,eclipsing_binary
1803.6342874248471,1.1370777,0.0012761677,5674169,eclipsing_binary
1803.6356762861428,1.1363857,0.0012749585,5674169,eclipsing_binary
1803.6370651479037,1.1325278,0.0012774471,5674169,eclipsing_binary
1803.638454009198,1.129671,0.0012753895,5674169,eclipsing_binary
1803.639842870492,1.1280494,0.0012739766,5674169,eclipsing_binary
1803.6412317322527,1.1242958,0.001272198,5674169,eclipsing_binary
1803.6426205935481,1.120708,0.0012717905,5674169,eclipsing_binary
1803.644009454843,1.1179132,0.0012783716,5674169,eclipsing_binary
1803.645398316603,1.1134069,0.0012719643,5674169,eclipsing_binary
1803.6467871778968,1.1085466,0.0012711597,5674169,eclipsing_binary
1803.6481760391916,1.1032698,0.0012686503,5674169,eclipsing_binary
1803.649564900953,1.0971249,0.0012710724,5674169,eclipsing_binary
1803.6509537622478,1.0927278,0.0012685647,5674169,eclipsing_binary
1803.6523426235422,1.0891593,0.001275614,5674169,eclipsing_binary
1803.653731484836,1.0801061,0.0012656709,5674169,eclipsing_binary
1803.6551203461308,1.073608,0.001263832,5674169,eclipsing_binary
1803.6565092074266,1.0667222,0.0012716694,5674169,eclipsing_binary
1803.6578980687214,1.0597105,0.0012625362,5674169,eclipsing_binary
1803.6592869300155,1.0535412,0.0012632952,5674169,eclipsing_binary
1803.6606757913105,1.0461421,0.0012617294,5674169,eclipsing_binary
1803.6620646526053,1.0391344,0.0012581634,5674169,eclipsing_binary
1803.6634535139,1.0321498,0.0012559767,5674169,eclipsing_binary
1803.664842375195,1.0230292,0.0012556807,5674169,eclipsing_binary
1803.6662312364888,1.0144894,0.0012547624,5674169,eclipsing_binary
1803.6676200977838,1.0036985,0.0012563964,5674169,eclipsing_binary
1803.6690089590788,0.9949428,0.0012538887,5674169,eclipsing_binary
1803.6703978203736,0.9844168,0.0012522846,5674169,eclipsing_binary
1803.6717866816684,0.9742156,0.0012459715,5674169,eclipsing_binary
1803.6731755429632,0.96298295,0.0012483007,5674169,eclipsing_binary
1803.6745644037924,0.95093703,0.0012440552,5674169,eclipsing_binary
1803.6759532650863,0.9396538,0.0012424109,5674169,eclipsing_binary
1803.6773421263813,0.92689985,0.0012408366,5674169,eclipsing_binary
1803.6787309876763,0.9157917,0.0012368183,5674169,eclipsing_binary
1803.6801198485055,0.9016519,0.0012370449,5674169,eclipsing_binary
1803.6842864319233,0.8623938,0.0012285396,5674169,eclipsing_binary
1803.6870641540481,0.8375822,0.0012234292,5674169,eclipsing_binary
1803.6884530153425,0.8252297,0.001228146,5674169,eclipsing_binary
1803.6898418761707,0.813639,0.0012208023,5674169,eclipsing_binary
1803.6940084595903,0.7895944,0.0012163861,5674169,eclipsing_binary
1803.695397320419,0.78618425,0.0012142578,5674169,eclipsing_binary
1803.698175042543,0.7829442,0.0012223306,5674169,eclipsing_binary
1803.6995639038382,0.78046674,0.0012180916,5674169,eclipsing_binary
1803.700952764667,0.7794025,0.0012174378,5674169,eclipsing_binary
1803.7023416254951,0.7798127,0.0012144413,5674169,eclipsing_binary
1803.7037304863238,0.7767614,0.0012163881,5674169,eclipsing_binary
1803.7065082084491,0.776182,0.0012147597,5674169,eclipsing_binary
1803.7078970692778,0.7749513,0.0012133892,5674169,eclipsing_binary
1803.709285930106,0.7751788,0.0012132075,5674169,eclipsing_binary
1803.71345251306,0.77678776,0.0012165182,5674169,eclipsing_binary
1803.7148413738887,0.77789336,0.0012146027,5674169,eclipsing_binary
1803.716230234717,0.78007615,0.0012136959,5674169,eclipsing_binary
1803.717619095546,0.7814787,0.0012149336,5674169,eclipsing_binary
1803.7190079563761,0.7845841,0.0012161575,5674169,eclipsing_binary
1803.7203968172053,0.791162,0.001216307,5674169,eclipsing_binary
1803.7217856780337,0.80101913,0.0012230304,5674169,eclipsing_binary
1803.7231745388622,0.8121837,0.0012221189,5674169,eclipsing_binary
1803.7245633996913,0.8240703,0.0012241652,5674169,eclipsing_binary
1803.7259522605214,0.83557993,0.0012237674,5674169,eclipsing_binary
1803.7273411213505,0.8480309,0.0012265255,5674169,eclipsing_binary
1803.7287299821787,0.86038446,0.001227682,5674169,eclipsing_binary
1803.730118843008,0.8745581,0.0012303307,5674169,eclipsing_binary
1803.7315077033718,0.8875037,0.0012345928,5674169,eclipsing_binary
1803.732896564201,0.89780164,0.0012342515,5674169,eclipsing_binary
1803.73428542503,0.91035336,0.0012369006,5674169,eclipsing_binary
1803.7356742858583,0.92154104,0.0012420057,5674169,eclipsing_binary
1803.7370631466874,0.93376446,0.0012414574,5674169,eclipsing_binary
1803.738452007051,0.942134,0.0012415824,5674169,eclipsing_binary
1803.7398408678803,0.95598245,0.001248138,5674169,eclipsing_binary
1803.7412297287096,0.96441656,0.0012459742,5674169,eclipsing_binary
1803.7426185890731,0.974465,0.0012469332,5674169,eclipsing_binary
1803.7440074499023,0.9832411,0.0012491979,5674169,eclipsing_binary
1803.7453963102657,0.9939403,0.0012525368,5674169,eclipsing_binary
1803.7467851710949,0.99998146,0.0012531526,5674169,eclipsing_binary
1803.7481740319233,1.0097501,0.0012561732,5674169,eclipsing_binary
1803.749562892287,1.0168223,0.0012566587,5674169,eclipsing_binary
1803.7509517531162,1.0240687,0.0012552836,5674169,eclipsing_binary
1803.7523406134796,1.0311035,0.0012572139,5674169,eclipsing_binary
1803.7537294743088,1.0369064,0.0012606683,5674169,eclipsing_binary
1803.7551183346723,1.043156,0.0012583561,5674169,eclipsing_binary
1803.7565071950357,1.0520989,0.0012640938,5674169,eclipsing_binary
1803.7578960558642,1.0569903,0.0012595258,5674169,eclipsing_binary
1803.759284916228,1.0635614,0.0012647999,5674169,eclipsing_binary
1803.760673777057,1.0688832,0.001263694,5674169,eclipsing_binary
1803.7620626374205,1.0724155,0.0012638593,5674169,eclipsing_binary
1803.763451497784,1.0786344,0.0012640948,5674169,eclipsing_binary
1803.7648403586122,1.0842818,0.0012654582,5674169,eclipsing_binary
1803.766229218976,1.0882604,0.0012707304,5674169,eclipsing_binary
1803.76761807934,1.0932883,0.0012688885,5674169,eclipsing_binary
1803.7690069397036,1.0962195,0.0012705089,5674169,eclipsing_binary
1803.7703958000666,1.1007794,0.0012691137,5674169,eclipsing_binary
1803.7717846608948,1.1029675,0.0012699062,5674169,eclipsing_binary
1803.7731735212583,1.1075312,0.0012703472,5674169,eclipsing_binary
1803.7745623816227,1.1104114,0.0012742504,5674169,eclipsing_binary
1803.7759512419861,1.1116347,0.0012707768,5674169,eclipsing_binary
1803.7773401023492,1.1131421,0.0012715627,5674169,eclipsing_binary
1803.7787289627117,1.1161057,0.0012749339,5674169,eclipsing_binary
1803.7801178230761,1.1164657,0.0012720042,5674169,eclipsing_binary
1803.78150668344,1.1186937,0.001270948,5674169,eclipsing_binary
1803.782895543803,1.1168326,0.001274755,5674169,eclipsing_binary
1803.7842844041659,1.1189673,0.0012776975,5674169,eclipsing_binary
1803.7856732645287,1.1185256,0.0012755109,5674169,eclipsing_binary
1803.787062124893,1.1181345,0.0012852078,5674169,eclipsing_binary
1803.788450985257,1.1174607,0.0012753146,5674169,eclipsing_binary
1803.78983984562,1.1167306,0.0012730472,5674169,eclipsing_binary
1803.7912287059826,1.1144421,0.0012710419,5674169,eclipsing_binary
1803.7926175663463,1.1125346,0.0012706781,5674169,eclipsing_binary
1803.7940064267104,1.1095798,0.0012784556,5674169,eclipsing_binary
1803.7953952866083,1.1083411,0.001271239,5674169,eclipsing_binary
1803.7967841469713,1.1044834,0.0012724523,5674169,eclipsing_binary
1803.7981730073338,1.1004978,0.0012673788,5674169,eclipsing_binary
1803.7995618676973,1.0969299,0.0012670859,5674169,eclipsing_binary
1803.800950727596,1.0945828,0.0012691241,5674169,eclipsing_binary
1803.8023395879595,1.0879359,0.001267944,5674169,eclipsing_binary
1803.8037284483225,1.0845394,0.0012660364,5674169,eclipsing_binary
1803.8051173082195,1.0810914,0.0012662943,5674169,eclipsing_binary
1803.806506168583,1.0756142,0.001269696,5674169,eclipsing_binary
1803.8078950289473,1.0701315,0.0012642544,5674169,eclipsing_binary
1803.8092838888451,1.0650287,0.001263028,5674169,eclipsing_binary
1803.8106727492077,1.0597247,0.0012613317,5674169,eclipsing_binary
1803.8120616091057,1.053886,0.0012663632,5674169,eclipsing_binary
1803.8134504694694,1.0490228,0.0012616526,5674169,eclipsing_binary
1803.8148393293673,1.043415,0.0012600941,5674169,eclipsing_binary
1803.8162281897307,1.0351465,0.001257918,5674169,eclipsing_binary
1803.8176170496276,1.0315856,0.0012611185,5674169,eclipsing_binary
1803.8190059099911,1.0229053,0.0012605997,5674169,eclipsing_binary
1803.8203947698892,1.0180266,0.0012542912,5674169,eclipsing_binary
1803.8217836297872,1.0114943,0.0012537965,5674169,eclipsing_binary
1803.8231724901507,1.0045061,0.001254734,5674169,eclipsing_binary
1803.8245613500485,0.9974277,0.001252644,5674169,eclipsing_binary
1803.825950210412,0.98591554,0.0012481398,5674169,eclipsing_binary
1803.8273390703089,0.9797161,0.0012493895,5674169,eclipsing_binary
1803.828727930207,0.97001475,0.0012486347,5674169,eclipsing_binary
1803.830116790105,0.9592806,0.0012431934,5674169,eclipsing_binary
1803.8315056504684,0.949696,0.0012445245,5674169,eclipsing_binary
1803.8328945103663,0.939524,0.0012417609,5674169,eclipsing_binary
1803.8342833702632,0.9277021,0.0012406626,5674169,eclipsing_binary
1803.835672230161,0.91427815,0.0012384276,5674169,eclipsing_binary
1803.8370610900597,0.90316004,0.0012387572,5674169,eclipsing_binary
1803.8384499504232,0.8888196,0.0012319147,5674169,eclipsing_binary
1803.8398388103205,0.87630105,0.0012325986,5674169,eclipsing_binary
1803.8412276702174,0.8648773,0.0012292871,5674169,eclipsing_binary
1803.8426165301153,0.8498272,0.0012283748,5674169,eclipsing_binary
1803.844005390014,0.83706737,0.0012261891,5674169,eclipsing_binary
1803.8453942499118,0.8249067,0.0012200485,5674169,eclipsing_binary
1803.846783109809,0.8117857,0.0012235069,5674169,eclipsing_binary
1803.848171969706,0.801828,0.0012164462,5674169,eclipsing_binary
1803.8495608296048,0.7918636,0.0012165831,5674169,eclipsing_binary
1803.850949689503,0.7840387,0.0012140541,5674169,eclipsing_binary
1803.8523385494004,0.77882147,0.0012181575,5674169,eclipsing_binary
1803.8537274092973,0.7785903,0.0012195059,5674169,eclipsing_binary
1803.8551162691947,0.77811,0.0012155026,5674169,eclipsing_binary
1803.8565051286275,0.7764222,0.0012186548,5674169,eclipsing_binary
1803.857893988526,0.7775247,0.0012147322,5674169,eclipsing_binary
1803.8592828484234,0.77795225,0.0012125496,5674169,eclipsing_binary
1803.8606717083203,0.7773373,0.0012136953,5674169,eclipsing_binary
1803.862060568218,0.77860165,0.0012152275,5674169,eclipsing_binary
1803.8634494281168,0.77758217,0.0012144673,5674169,eclipsing_binary
1803.864838287549,0.7783134,0.001219355,5674169,eclipsing_binary
1803.8662271474464,0.7786205,0.0012142716,5674169,eclipsing_binary
1803.8676160073433,0.7771801,0.0012130912,5674169,eclipsing_binary
1803.8690048667754,0.77867025,0.0012183922,5674169,eclipsing_binary
1803.8703937266741,0.77903426,0.0012197122,5674169,eclipsing_binary
1803.871782586572,0.77755535,0.001214624,5674169,eclipsing_binary
1803.8731714460032,0.780022,0.0012142834,5674169,eclipsing_binary
1803.8745603059012,0.7809391,0.0012166495,5674169,eclipsing_binary
1803.8759491653336,0.78143835,0.0012161691,5674169,eclipsing_binary
1803.8773380252314,0.78088754,0.0012144618,5674169,eclipsing_binary
1803.8787268851293,0.7838897,0.0012159892,5674169,eclipsing_binary
1803.8801157445605,0.7913001,0.0012167123,5674169,eclipsing_binary
1803.8815046044583,0.80109453,0.0012191844,5674169,eclipsing_binary
1803.8828934638907,0.81113994,0.0012227327,5674169,eclipsing_binary
1803.8842823237887,0.8235435,0.0012235738,5674169,eclipsing_binary
1803.885671183221,0.83626604,0.0012250926,5674169,eclipsing_binary
1803.887060042653,0.8491547,0.001225757,5674169,eclipsing_binary
1803.8884489025509,0.86349034,0.0012286011,5674169,eclipsing_binary
1803.889837761982,0.8755985,0.0012307597,5674169,eclipsing_binary
1803.8912266214143,0.88966787,0.001232951,5674169,eclipsing_binary
1803.8926154813123,0.9037712,0.0012386168,5674169,eclipsing_binary
1803.8940043407447,0.91541463,0.0012359468,5674169,eclipsing_binary
1803.8953932001768,0.92913413,0.0012413159,5674169,eclipsing_binary
1803.8967820600737,0.9430691,0.001241519,5674169,eclipsing_binary
1803.898170919506,0.95542365,0.001246545,5674169,eclipsing_binary
1803.899559778939,0.96460444,0.0012465712,5674169,eclipsing_binary
1803.9009486383711,0.97609484,0.001247042,5674169,eclipsing_binary
1803.9023374982685,0.984526,0.0012568826,5674169,eclipsing_binary
1803.9037263576997,0.99450064,0.0012554541,5674169,eclipsing_binary
1803.9051152171319,1.0024649,0.0012530566,5674169,eclipsing_binary
1803.906504076565,1.0101678,0.0012562376,5674169,eclipsing_binary
1803.907892935997,1.0179509,0.0012568178,5674169,eclipsing_binary
1803.9092817954283,1.0245633,0.001259526,5674169,eclipsing_binary
1803.91067065486,1.0328337,0.0012559907,5674169,eclipsing_binary
1803.912059514293,1.0393693,0.0012609543,5674169,eclipsing_binary
1803.9134483737257,1.0466183,0.0012579457,5674169,eclipsing_binary
1803.9148372331574,1.0518706,0.0012654844,5674169,eclipsing_binary
1803.9162260925887,1.0571136,0.0012600721,5674169,eclipsing_binary
1803.9176149520204,1.0646874,0.0012635894,5674169,eclipsing_binary
1803.9190038114532,1.070207,0.001266358,5674169,eclipsing_binary
1803.920392670886,1.0747029,0.0012692555,5674169,eclipsing_binary
1803.9217815303177,1.0824811,0.0012667164,5674169,eclipsing_binary
1803.923170389749,1.0886337,0.0012660674,5674169,eclipsing_binary
1803.9245592491811,1.0938171,0.0012689102,5674169,eclipsing_binary
1803.9259481086142,1.0981723,0.0012670958,5674169,eclipsing_binary
1803.9273369680463,1.1046476,0.0012704866,5674169,eclipsing_binary
1803.9287258270124,1.1085674,0.001269658,5674169,eclipsing_binary
1803.9301146864436,1.1125245,0.0012705898,5674169,eclipsing_binary
1803.9315035458758,1.1176844,0.00127599,5674169,eclipsing_binary
1803.9328924053088,1.1200302,0.0012730062,5674169,eclipsing_binary
1803.9342812642753,1.123963,0.0012765751,5674169,eclipsing_binary
1803.9356701237066,1.1262691,0.0012729918,5674169,eclipsing_binary
1803.9370589831383,1.1298155,0.0012759415,5674169,eclipsing_binary
1803.9384478425704,1.1313503,0.0012732792,5674169,eclipsing_binary
1803.9398367015378,1.1340151,0.0012744026,5674169,eclipsing_binary
1803.94122556097,1.1364758,0.0012738691,5674169,eclipsing_binary
1803.9426144199356,1.1371555,0.0012778186,5674169,eclipsing_binary
1803.9440032793677,1.1371652,0.0012752701,5674169,eclipsing_binary
1803.9453921388,1.1382879,0.0012763832,5674169,eclipsing_binary
1803.9467809977666,1.1381402,0.0012743494,5674169,eclipsing_binary
1803.948169857199,1.1403342,0.001280241,5674169,eclipsing_binary
1803.9495587161646,1.1374856,0.0012754139,5674169,eclipsing_binary
1803.9509475755967,1.1372242,0.0012761949,5674169,eclipsing_binary
1803.9523364345632,1.1351928,0.0012732368,5674169,eclipsing_binary
1803.9537252939954,1.1337945,0.0012744827,5674169,eclipsing_binary
1803.955114152962,1.1307002,0.0012733894,5674169,eclipsing_binary
1803.9565030119288,1.1308453,0.0012845321,5674169,eclipsing_binary
1803.957891871361,1.1270379,0.0012747011,5674169,eclipsing_binary
1803.9592807303266,1.1226126,0.0012720189,5674169,eclipsing_binary
1803.9606695897587,1.1209726,0.00127282,5674169,eclipsing_binary
1803.9620584487252,1.1162844,0.0012722701,5674169,eclipsing_binary
1803.963447307692,1.1114062,0.0012701859,5674169,eclipsing_binary
1803.9648361671243,1.1070261,0.001271044,5674169,eclipsing_binary
1803.96622502609,1.102635,0.0012722146,5674169,eclipsing_binary
1803.9676138850564,1.0971256,0.0012678301,5674169,eclipsing_binary
1803.9690027440238,1.0912426,0.001267231,5674169,eclipsing_binary
1803.970391603456,1.0840367,0.0012665741,5674169,eclipsing_binary
1803.9717804624215,1.0799876,0.0012650855,5674169,eclipsing_binary
1803.9731693213876,1.073483,0.0012636906,5674169,eclipsing_binary
1803.974558180354,1.0670439,0.0012620337,5674169,eclipsing_binary
1803.9759470393215,1.0599619,0.0012642016,5674169,eclipsing_binary
1803.977335898288,1.0535907,0.0012592636,5674169,eclipsing_binary
1803.9787247577192,1.0460552,0.001259535,5674169,eclipsing_binary
1803.9801136166852,1.0407319,0.0012587503,5674169,eclipsing_binary
1803.9815024756524,1.0304166,0.0012588967,5674169,eclipsing_binary
1803.9828913346196,1.0224551,0.0012561782,5674169,eclipsing_binary
1803.9842801935856,1.01387,0.001254005,5674169,eclipsing_binary
1803.9856690525512,1.0051496,0.0012553543,5674169,eclipsing_binary
1803.9870579115172,0.99647045,0.0012516429,5674169,eclipsing_binary
1803.9884467704842,0.9850075,0.0012498118,5674169,eclipsing_binary
1803.9898356294516,0.9747403,0.0012463325,5674169,eclipsing_binary
1803.9912244884174,0.9634952,0.0012461239,5674169,eclipsing_binary
1803.9926133473832,0.9534671,0.0012458811,5674169,eclipsing_binary
1803.9940022063497,0.94216377,0.0012431167,5674169,eclipsing_binary
1803.9953910648514,0.93027693,0.0012481533,5674169,eclipsing_binary
1803.996779923818,0.9163343,0.0012388453,5674169,eclipsing_binary
1803.9981687827835,0.9043045,0.0012359457,5674169,eclipsing_binary
1803.9995576417496,0.8911834,0.0012363697,5674169,eclipsing_binary
1804.000946500716,0.8772098,0.0012307083,5674169,eclipsing_binary
1804.0023353596835,0.86454695,0.0012285395,5674169,eclipsing_binary
1804.0037242181843,0.8505384,0.0012282261,5674169,eclipsing_binary
1804.0051130771499,0.8395149,0.0012255176,5674169,eclipsing_binary
1804.0065019361164,0.82676977,0.0012208138,5674169,eclipsing_binary
1804.0078907946172,0.8145952,0.0012219079,5674169,eclipsing_binary
1804.009279653584,0.8037077,0.0012169817,5674169,eclipsing_binary
1804.0106685125506,0.7953394,0.0012181133,5674169,eclipsing_binary
1804.0120573710506,0.7882388,0.0012139117,5674169,eclipsing_binary
1804.013446230017,0.7862967,0.0012142123,5674169,eclipsing_binary
1804.0148350889835,0.78474194,0.0012154556,5674169,eclipsing_binary
1804.0162239474844,0.78117853,0.001214205,5674169,eclipsing_binary
1804.017612806451,0.78142804,0.001213687,5674169,eclipsing_binary
1804.0190016649522,0.78006196,0.0012160222,5674169,eclipsing_binary
1804.0203905239186,0.77906436,0.0012138906,5674169,eclipsing_binary
1804.0217793828842,0.7764748,0.0012133778,5674169,eclipsing_binary
1804.023168241385,0.7779792,0.0012137347,5674169,eclipsing_binary
1804.0245571003516,0.77749157,0.001213936,5674169,eclipsing_binary
1804.0259459588526,0.77664554,0.0012157419,5674169,eclipsing_binary
1804.0273348173537,0.7766334,0.0012141869,5674169,eclipsing_binary
1804.0287236763193,0.77590686,0.0012136431,5674169,eclipsing_binary
1804.03011253482,0.7774098,0.0012129981,5674169,eclipsing_binary
1804.0315013937875,0.7764372,0.00121429,5674169,eclipsing_binary
1804.0328902522883,0.77762634,0.0012168763,5674169,eclipsing_binary
1804.0342791107882,0.7787944,0.0012138591,5674169,eclipsing_binary
1804.0356679697543,0.779797,0.0012142232,5674169,eclipsing_binary
1804.0398345457234,0.8005926,0.0012166565,5674169,eclipsing_binary
1804.0412234042233,0.81129074,0.0012196074,5674169,eclipsing_binary
1804.0426122627237,0.82142526,0.0012241082,5674169,eclipsing_binary
1804.0440011212252,0.8333881,0.0012254445,5674169,eclipsing_binary
1804.0453899801923,0.84793115,0.001226783,5674169,eclipsing_binary
1804.0467788386927,0.8590703,0.0012314159,5674169,eclipsing_binary
1804.0481676971926,0.8721559,0.0012285889,5674169,eclipsing_binary
1804.049556555693,0.8845185,0.0012312138,5674169,eclipsing_binary
1804.0509454141943,0.89731675,0.0012336366,5674169,eclipsing_binary
1804.052334272696,0.90767425,0.001238111,5674169,eclipsing_binary
1804.0537231311962,0.92070174,0.0012377602,5674169,eclipsing_binary
1804.0551119896963,0.9314277,0.001240466,5674169,eclipsing_binary
1804.0565008486628,0.9439037,0.0012436707,5674169,eclipsing_binary
1804.0578897071646,0.95339924,0.0012450909,5674169,eclipsing_binary
1804.0592785656654,0.96418345,0.0012459861,5674169,eclipsing_binary
1804.0606674241653,0.9726154,0.0012486293,5674169,eclipsing_binary
1804.0620562826657,0.98488194,0.0012516346,5674169,eclipsing_binary
1804.0634451411672,0.991937,0.0012516667,5674169,eclipsing_binary
1804.0648339996687,1.0010977,0.0012533026,5674169,eclipsing_binary
1804.0662228577035,1.007102,0.0012515973,5674169,eclipsing_binary
1804.0676117162034,1.0153162,0.0012575254,5674169,eclipsing_binary
1804.0690005747042,1.0215139,0.0012587905,5674169,eclipsing_binary
1804.070389433206,1.0309726,0.0012597372,5674169,eclipsing_binary
1804.0717782917068,1.0359017,0.00125672,5674169,eclipsing_binary
1804.0731671502072,1.0428442,0.001258153,5674169,eclipsing_binary
1804.074556008707,1.0495007,0.0012631249,5674169,eclipsing_binary
1804.0759448667422,1.054489,0.0012613161,5674169,eclipsing_binary
1804.077333725244,1.0615953,0.0012622124,5674169,eclipsing_binary
1804.0787225837448,1.0669701,0.0012636367,5674169,eclipsing_binary
1804.080111442245,1.0739483,0.0012639938,5674169,eclipsing_binary
1804.081500300746,1.075305,0.0012670887,5674169,eclipsing_binary
1804.0828891587812,1.083439,0.0012640596,5674169,eclipsing_binary
1804.084278017282,1.088394,0.0012687481,5674169,eclipsing_binary
1804.0856668757829,1.0919573,0.0012657616,5674169,eclipsing_binary
1804.0870557338171,1.0959754,0.0012689399,5674169,eclipsing_binary
1804.088444592318,1.0996048,0.0012703052,5674169,eclipsing_binary
1804.089833450819,1.1045305,0.0012699027,5674169,eclipsing_binary
1804.0912223088544,1.1076367,0.0012698907,5674169,eclipsing_binary
1804.0926111673552,1.1091211,0.0012699863,5674169,eclipsing_binary
1804.0940000253904,1.1107897,0.001269814,5674169,eclipsing_binary
1804.0953888838912,1.1145841,0.0012712019,5674169,eclipsing_binary
1804.0967777419255,1.1136562,0.0012747635,5674169,eclipsing_binary
1804.0981666004266,1.116345,0.001275274,5674169,eclipsing_binary
1804.099555458462,1.1164731,0.0012727638,5674169,eclipsing_binary
1804.1009443169628,1.117677,0.0012716597,5674169,eclipsing_binary
1804.102333174998,1.1159729,0.0012700047,5674169,eclipsing_binary
1804.103722033498,1.1177449,0.00127009,5674169,eclipsing_binary
1804.105110891533,1.1166921,0.0012706997,5674169,eclipsing_binary
1804.1064997500348,1.1160474,0.0012700419,5674169,eclipsing_binary
1804.10788860807,1.1166545,0.0012707339,5674169,eclipsing_binary
1804.1092774661047,1.1144407,0.0012749442,5674169,eclipsing_binary
1804.1106663246046,1.1116431,0.0012722225,5674169,eclipsing_binary
1804.1120551826398,1.1096282,0.00126989,5674169,eclipsing_binary
1804.1134440406759,1.1057112,0.0012707916,5674169,eclipsing_binary
1804.1148328991767,1.104281,0.0012675159,5674169,eclipsing_binary
1804.1162217572112,1.0995866,0.0012691931,5674169,eclipsing_binary
1804.1176106152457,1.0972556,0.0012684375,5674169,eclipsing_binary
1804.1189994737474,1.0943658,0.0012679048,5674169,eclipsing_binary
1804.120388331783,1.0892231,0.0012681544,5674169,eclipsing_binary
1804.1217771898177,1.0867859,0.0012673797,5674169,eclipsing_binary
1804.123166047852,1.0792253,0.001263743,5674169,eclipsing_binary
1804.1245549058867,1.0752764,0.0012657573,5674169,eclipsing_binary
1804.1259437643882,1.069701,0.0012699346,5674169,eclipsing_binary
1804.127332622424,1.0660121,0.0012617139,5674169,eclipsing_binary
1804.1287214804588,1.0608568,0.0012620554,5674169,eclipsing_binary
1804.130110338493,1.0549647,0.0012591472,5674169,eclipsing_binary
1804.1314991965282,1.0485868,0.0012599095,5674169,eclipsing_binary
1804.1328880545643,1.0407177,0.0012600293,5674169,eclipsing_binary
1804.1342769125995,1.0364767,0.0012594418,5674169,eclipsing_binary
1804.1356657706342,1.0316583,0.0012562247,5674169,eclipsing_binary
1804.1370546286685,1.0256325,0.0012547612,5674169,eclipsing_binary
1804.1384434867036,1.0186129,0.001256526,5674169,eclipsing_binary
1804.1398323447397,1.0109853,0.0012534077,5674169,eclipsing_binary
1804.141221202775,1.0038636,0.0012529113,5674169,eclipsing_binary
1804.1426100608091,0.99562275,0.0012539673,5674169,eclipsing_binary
1804.1439989188445,0.9873459,0.001248563,5674169,eclipsing_binary
1804.14538777688,0.9803661,0.0012510968,5674169,eclipsing_binary
1804.146776634915,0.9708132,0.0012456224,5674169,eclipsing_binary
1804.1481654929503,0.96117043,0.0012447331,5674169,eclipsing_binary
1804.1495543509845,0.9508719,0.001244921,5674169,eclipsing_binary
1804.150943208554,0.93911386,0.0012424714,5674169,eclipsing_binary
1804.1523320665895,0.92863655,0.0012404408,5674169,eclipsing_binary
1804.1537209246248,0.916126,0.0012392654,5674169,eclipsing_binary
1804.15510978266,0.90321803,0.0012349228,5674169,eclipsing_binary
1804.1564986406952,0.89088255,0.0012346107,5674169,eclipsing_binary
1804.1578874982647,0.8784904,0.0012308438,5674169,eclipsing_binary
1804.159276356299,0.86347485,0.0012311246,5674169,eclipsing_binary
1804.1606652143344,0.8505691,0.0012262088,5674169,eclipsing_binary
1804.1620540723698,0.83935404,0.0012236832,5674169,eclipsing_binary
1804.1634429299393,0.8259409,0.0012209757,5674169,eclipsing_binary
1804.1648317879744,0.81481546,0.0012263356,5674169,eclipsing_binary
1804.1662206460087,0.80238664,0.0012183264,5674169,eclipsing_binary
1804.1676095035782,0.79466623,0.0012173599,5674169,eclipsing_binary
1804.1689983616143,0.78500175,0.0012198049,5674169,eclipsing_binary
1804.1703872196495,0.77988386,0.0012162763,5674169,eclipsing_binary
1804.1717760772185,0.7786937,0.0012186866,5674169,eclipsing_binary
1804.1731649352528,0.7779739,0.0012117301,5674169,eclipsing_binary
1804.1745537928223,0.7783267,0.0012134796,5674169,eclipsing_binary
1804.1759426508584,0.77754027,0.001215354,5674169,eclipsing_binary
1804.1773315084279,0.77843475,0.001216696,5674169,eclipsing_binary
1804.1787203664621,0.77833074,0.0012122948,5674169,eclipsing_binary
1804.1801092240312,0.7786619,0.001212482,5674169,eclipsing_binary
1804.1814980820673,0.7774861,0.0012137882,5674169,eclipsing_binary
1804.1828869396372,0.7784952,0.0012140924,5674169,eclipsing_binary
1804.184275797672,0.7776195,0.0012141459,5674169,eclipsing_binary
1804.1856646552405,0.7782744,0.0012127565,5674169,eclipsing_binary
1804.1870535132753,0.7769613,0.0012168159,5674169,eclipsing_binary
1804.1884423708455,0.77994454,0.0012165575,5674169,eclipsing_binary
1804.1898312284156,0.7806066,0.0012157584,5674169,eclipsing_binary
1804.1912200864504,0.7785979,0.001223626,5674169,eclipsing_binary
1804.192608944019,0.77965486,0.001213731,5674169,eclipsing_binary
1804.1939978015885,0.7805384,0.0012145101,5674169,eclipsing_binary
1804.1953866596245,0.7815037,0.0012141807,5674169,eclipsing_binary
1804.198164374763,0.79041123,0.0012156304,5674169,eclipsing_binary
1804.1995532323317,0.7990164,0.0012213292,5674169,eclipsing_binary
1804.2009420903669,0.81197894,0.0012208817,5674169,eclipsing_binary
1804.2023309479373,0.82236886,0.0012212074,5674169,eclipsing_binary
1804.2037198055068,0.8354182,0.001221903,5674169,eclipsing_binary
1804.2051086630754,0.84735805,0.001227059,5674169,eclipsing_binary
1804.2064975206451,0.86117566,0.0012275493,5674169,eclipsing_binary
1804.2078863786805,0.87503195,0.0012315144,5674169,eclipsing_binary
1804.20927523625,0.88911283,0.0012353368,5674169,eclipsing_binary
1804.2106640938196,0.9016452,0.0012335671,5674169,eclipsing_binary
1804.2120529513882,0.91679955,0.0012436323,5674169,eclipsing_binary
1804.2134418089577,0.9285478,0.0012397022,5674169,eclipsing_binary
1804.2148306665274,0.9394338,0.0012434869,5674169,eclipsing_binary
1804.2162195240971,0.95253474,0.0012441322,5674169,eclipsing_binary
1804.2176083816667,0.96439517,0.0012465364,5674169,eclipsing_binary
1804.2189972392362,0.9737807,0.0012495639,5674169,eclipsing_binary
1804.2203860968057,0.9834057,0.0012502164,5674169,eclipsing_binary
1804.2217749543743,0.99221283,0.001253192,5674169,eclipsing_binary
1804.2231638119438,1.0017236,0.0012557498,5674169,eclipsing_binary
1804.2245526695135,1.0096488,0.0012546368,5674169,eclipsing_binary
1804.2259415270833,1.0180098,0.001256888,5674169,eclipsing_binary
1804.2273303846528,1.0246394,0.0012610239,5674169,eclipsing_binary
1804.2287192422214,1.0315926,0.001256401,5674169,eclipsing_binary
1804.2301080997909,1.0388024,0.0012590069,5674169,eclipsing_binary
1804.2314969568956,1.0443897,0.0012587822,5674169,eclipsing_binary
1804.2328858144651,1.0529133,0.001264552,5674169,eclipsing_binary
1804.2342746720342,1.058078,0.0012642047,5674169,eclipsing_binary
1804.2356635296028,1.0637124,0.0012632557,5674169,eclipsing_binary
1804.2370523871723,1.0684665,0.001267671,5674169,eclipsing_binary
1804.2384412447427,1.0767202,0.0012668071,5674169,eclipsing_binary
1804.2398301018466,1.0806551,0.0012665563,5674169,eclipsing_binary
1804.2412189594152,1.0874879,0.0012692742,5674169,eclipsing_binary
1804.2426078169842,1.0919852,0.0012694888,5674169,eclipsing_binary
1804.243996674089,1.0963514,0.0012699545,5674169,eclipsing_binary
1804.245385531659,1.1027198,0.0012706519,5674169,eclipsing_binary
1804.246774389228,1.1057131,0.0012695353,5674169,eclipsing_binary
1804.2481632467966,1.1126455,0.0012698161,5674169,eclipsing_binary
1804.2495521039,1.1131308,0.0012703043,5674169,eclipsing_binary
1804.2509409614702,1.1200286,0.0012711817,5674169,eclipsing_binary
1804.2523298185747,1.1228577,0.0012788764,5674169,eclipsing_binary
1804.2537186761438,1.1249456,0.0012745642,5674169,eclipsing_binary
1804.2551075337124,1.1294615,0.001272654,5674169,eclipsing_binary
1804.2564963908162,1.131379,0.0012741624,5674169,eclipsing_binary
1804.2578852483866,1.1324664,0.0012736234,5674169,eclipsing_binary
1804.2592741054905,1.134744,0.001275481,5674169,eclipsing_binary
1804.2606629630593,1.1372535,0.0012745141,5674169,eclipsing_binary
1804.2620518201625,1.1372666,0.0012766357,5674169,eclipsing_binary
1804.263440677732,1.1379029,0.0012730667,5674169,eclipsing_binary
1804.2648295348367,1.1366334,0.0012732514,5674169,eclipsing_binary
1804.2662183924062,1.1370867,0.001273895,5674169,eclipsing_binary
1804.2676072495092,1.1366907,0.0012800806,5674169,eclipsing_binary
1804.268996107079,1.1366388,0.0012752922,5674169,eclipsing_binary
1804.270384964183,1.1351633,0.0012771825,5674169,eclipsing_binary
1804.2717738212868,1.1340153,0.0012772315,5674169,eclipsing_binary
1804.2731626788564,1.1333224,0.0012741473,5674169,eclipsing_binary
1804.2745515359593,1.1306093,0.0012742527,5674169,eclipsing_binary
1804.2759403930631,1.1284602,0.001275013,5674169,eclipsing_binary
1804.2773292506326,1.12192,0.001275119,5674169,eclipsing_binary
1804.2787181077367,1.1194624,0.0012737596,5674169,eclipsing_binary
1804.2801069648408,1.11701,0.0012724464,5674169,eclipsing_binary
1804.2814958224103,1.1110826,0.0012697984,5674169,eclipsing_binary
1804.2828846795142,1.1072978,0.0012686006,5674169,eclipsing_binary
1804.284273536617,1.1040509,0.001269064,5674169,eclipsing_binary
1804.285662393721,1.0979984,0.0012674934,5674169,eclipsing_binary
1804.2870512512907,1.0906354,0.0012667924,5674169,eclipsing_binary
1804.2884401083948,1.087062,0.0012706639,5674169,eclipsing_binary
1804.2898289654986,1.0816228,0.0012691966,5674169,eclipsing_binary
1804.2912178226015,1.0736291,0.0012639479,5674169,eclipsing_binary
1804.2926066797054,1.0678575,0.0012630663,5674169,eclipsing_binary
1804.2939955368101,1.0605001,0.0012653641,5674169,eclipsing_binary
1804.295384393914,1.0533135,0.0012599136,5674169,eclipsing_binary
1804.296773251483,1.0450863,0.0012596187,5674169,eclipsing_binary
1804.298162108586,1.0392718,0.0012588009,5674169,eclipsing_binary
1804.2995509656898,1.033033,0.0012580683,5674169,eclipsing_binary
1804.3009398227946,1.0237272,0.0012566763,5674169,eclipsing_binary
1804.3023286798984,1.0134716,0.0012543233,5674169,eclipsing_binary
1804.3037175370014,1.0058084,0.00125335,5674169,eclipsing_binary
1804.3051063941048,0.9955697,0.0012501654,5674169,eclipsing_binary
1804.3064952512095,0.98602957,0.0012520248,5674169,eclipsing_binary
1804.3078841083138,0.97477955,0.0012463477,5674169,eclipsing_binary
1804.3092729654172,0.96549183,0.001251441,5674169,eclipsing_binary
1804.3106618225202,0.953278,0.001244608,5674169,eclipsing_binary
1804.3120506796236,0.94255525,0.0012429111,5674169,eclipsing_binary
1804.3134395362624,0.92997456,0.001243015,5674169,eclipsing_binary
1804.314828393367,0.9164282,0.0012379448,5674169,eclipsing_binary
1804.3162172504703,0.90599203,0.0012357902,5674169,eclipsing_binary
1804.3176061075733,0.89346164,0.0012375911,5674169,eclipsing_binary
1804.3189949646771,0.879369,0.0012301428,5674169,eclipsing_binary
1804.320383821782,0.8666924,0.0012345073,5674169,eclipsing_binary
1804.3217726788857,0.85326403,0.0012273318,5674169,eclipsing_binary
1804.3231615355232,0.84147686,0.0012253734,5674169,eclipsing_binary
1804.3245503926264,0.8284715,0.0012240284,5674169,eclipsing_binary
1804.3259392497303,0.81551677,0.001219018,5674169,eclipsing_binary
1804.327328106835,0.80443305,0.0012189226,5674169,eclipsing_binary
1804.3287169634732,0.79483217,0.0012159264,5674169,eclipsing_binary
1804.3301058205761,0.789679,0.001217531,5674169,eclipsing_binary
1804.3314946776802,0.7875365,0.0012185225,5674169,eclipsing_binary
1804.3328835343186,0.786106,0.0012167385,5674169,eclipsing_binary
1804.3342723914225,0.7838702,0.0012170495,5674169,eclipsing_binary
1804.3356612485263,0.781208,0.001218212,5674169,eclipsing_binary
1804.3370501051636,0.781523,0.0012176622,5674169,eclipsing_binary
1804.3384389622674,0.7786751,0.0012140666,5674169,eclipsing_binary
1804.3398278193713,0.77962506,0.0012137431,5674169,eclipsing_binary
1804.3412166760097,0.778394,0.0012131567,5674169,eclipsing_binary
1804.3426055331138,0.7770935,0.0012177383,5674169,eclipsing_binary
1804.343994389752,0.7767412,0.0012148954,5674169,eclipsing_binary
1804.3453832468558,0.7773865,0.0012135269,5674169,eclipsing_binary
1804.346772103493,0.77675664,0.0012128366,5674169,eclipsing_binary
1804.348160960597,0.7771853,0.0012189788,5674169,eclipsing_binary
1804.3495498172354,0.7768751,0.001216087,5674169,eclipsing_binary
1804.3509386743394,0.77879024,0.0012150176,5674169,eclipsing_binary
1804.3523275309776,0.77935135,0.0012121995,5674169,eclipsing_binary
1804.3537163880806,0.7813483,0.0012128965,5674169,eclipsing_binary
1804.3551052447187,0.7849089,0.0012159445,5674169,eclipsing_binary
1804.3564941018235,0.79027104,0.0012150839,5674169,eclipsing_binary
1804.3578829584617,0.79869574,0.0012164103,5674169,eclipsing_binary
1804.3592718150992,0.810617,0.0012199525,5674169,eclipsing_binary
1804.3606606722024,0.8228586,0.0012204502,5674169,eclipsing_binary
1804.3620495288405,0.8343167,0.001225337,5674169,eclipsing_binary
1804.3634383854796,0.84781164,0.0012269878,5674169,eclipsing_binary
1804.3648272425835,0.8591013,0.0012275995,5674169,eclipsing_binary
1804.3662160992208,0.87259835,0.0012309734,5674169,eclipsing_binary
1804.3676049558592,0.8843156,0.0012322011,5674169,eclipsing_binary
1804.3689938129637,0.8965365,0.0012354656,5674169,eclipsing_binary
1804.370382669602,0.90853614,0.001238017,5674169,eclipsing_binary
1804.3717715262396,0.92009974,0.0012406867,5674169,eclipsing_binary
1804.373160382877,0.9304323,0.001241587,5674169,eclipsing_binary
1804.3745492399808,0.9414891,0.0012458029,5674169,eclipsing_binary
1804.3759380966198,0.9525835,0.0012433452,5674169,eclipsing_binary
1804.377326953258,0.96161085,0.00124479,5674169,eclipsing_binary
1804.3787158098958,0.9726987,0.0012494391,5674169,eclipsing_binary
1804.380104666533,0.98212653,0.0012468492,5674169,eclipsing_binary
1804.3814935231721,0.99044913,0.0012509956,5674169,eclipsing_binary
1804.3828823798108,0.9993379,0.0012545594,5674169,eclipsing_binary
1804.3842712369142,1.0085063,0.001254089,5674169,eclipsing_binary
1804.3856600935517,1.0160358,0.0012545004,5674169,eclipsing_binary
1804.38704895019,1.022823,0.0012554011,5674169,eclipsing_binary
1804.3884378068287,1.0290129,0.0012561595,5674169,eclipsing_binary
1804.389826663467,1.0377095,0.0012599942,5674169,eclipsing_binary
1804.3912155201047,1.042238,0.0012579671,5674169,eclipsing_binary
1804.392604376742,1.0489696,0.0012599424,5674169,eclipsing_binary
1804.3939932333803,1.0563903,0.0012646179,5674169,eclipsing_binary
1804.3953820900192,1.061908,0.0012621726,5674169,eclipsing_binary
1804.3967709466574,1.0674746,0.0012622881,5674169,eclipsing_binary
1804.3981598032951,1.0730053,0.0012633159,5674169,eclipsing_binary
1804.3995486599333,1.0778629,0.0012640296,5674169,eclipsing_binary
1804.4009375165715,1.0849041,0.0012658817,5674169,eclipsing_binary
1804.402326372744,1.0874628,0.0012657399,5674169,eclipsing_binary
1804.4037152293822,1.0927184,0.0012662271,5674169,eclipsing_binary
1804.40510408602,1.096668,0.0012682804,5674169,eclipsing_binary
1804.4064929426581,1.1009272,0.0012698991,5674169,eclipsing_binary
1804.4078817992963,1.1051325,0.0012715616,5674169,eclipsing_binary
1804.4092706559345,1.1068388,0.0012732669,5674169,eclipsing_binary
1804.4106595125727,1.1087619,0.0012706667,5674169,eclipsing_binary
1804.4120483687452,1.1131746,0.0012748446,5674169,eclipsing_binary
1804.4134372253834,1.1151558,0.0012698512,5674169,eclipsing_binary
1804.4148260820211,1.1147118,0.001269913,5674169,eclipsing_binary
1804.4162149386593,1.1175762,0.0012709929,5674169,eclipsing_binary
1804.4176037948318,1.1160847,0.0012722732,5674169,eclipsing_binary
1804.41899265147,1.1164887,0.001271987,5674169,eclipsing_binary
1804.4203815081082,1.1183333,0.0012744498,5674169,eclipsing_binary
1804.42177036428,1.1186968,0.0012714941,5674169,eclipsing_binary
1804.4231592209185,1.1187446,0.0012717834,5674169,eclipsing_binary
1804.4245480775571,1.1179253,0.0012731552,5674169,eclipsing_binary
1804.4259369337296,1.1162257,0.0012719602,5674169,eclipsing_binary
1804.4273257903674,1.1146687,0.0012709688,5674169,eclipsing_binary
1804.4287146470047,1.1122341,0.0012699041,5674169,eclipsing_binary
1804.4301035031774,1.109736,0.0012700337,5674169,eclipsing_binary
1804.4314923598163,1.1073351,0.0012740036,5674169,eclipsing_binary
1804.4328812159888,1.1045824,0.0012679143,5674169,eclipsing_binary
1804.4342700726265,1.1027967,0.0012682418,5674169,eclipsing_binary
1804.4356589292638,1.0967124,0.0012741531,5674169,eclipsing_binary
1804.4370477854372,1.0949913,0.0012711483,5674169,eclipsing_binary
1804.4384366420759,1.0891316,0.0012653996,5674169,eclipsing_binary
1804.439825498248,1.0864089,0.0012669809,5674169,eclipsing_binary
1804.4412143548857,1.0813994,0.001265846,5674169,eclipsing_binary
1804.4426032110573,1.0751499,0.0012650668,5674169,eclipsing_binary
1804.4439920672307,1.0712425,0.0012646035,5674169,eclipsing_binary
1804.4453809238694,1.0643743,0.0012647448,5674169,eclipsing_binary
1804.4467697800414,1.0613829,0.0012614327,5674169,eclipsing_binary
1804.448158636679,1.0564455,0.0012624771,5674169,eclipsing_binary
1804.4495474928517,1.050173,0.0012595648,5674169,eclipsing_binary
1804.4509363490247,1.0453825,0.0012595368,5674169,eclipsing_binary
1804.4523252056629,1.037031,0.0012663136,5674169,eclipsing_binary
1804.453714061835,1.0324755,0.0012581663,5674169,eclipsing_binary
1804.4551029180066,1.0256732,0.0012576628,5674169,eclipsing_binary
1804.4564917746447,1.0207586,0.0012604867,5674169,eclipsing_binary
1804.4578806308182,1.0137216,0.0012557409,5674169,eclipsing_binary
1804.4592694869907,1.0059891,0.0012547411,5674169,eclipsing_binary
1804.4606583436284,0.99899274,0.0012513222,5674169,eclipsing_binary
1804.462047199801,0.99096096,0.0012481965,5674169,eclipsing_binary
1804.4634360559735,0.9819483,0.0012497081,5674169,eclipsing_binary
1804.464824912146,0.9712435,0.0012491517,5674169,eclipsing_binary
1804.4662137687842,0.96103644,0.0012494419,5674169,eclipsing_binary
1804.4676026249563,0.9525897,0.0012432929,5674169,eclipsing_binary
1804.4689914811288,0.94179344,0.0012445454,5674169,eclipsing_binary
1804.4703803373013,0.928816,0.0012421455,5674169,eclipsing_binary
1804.4717691934738,0.91867656,0.0012399944,5674169,eclipsing_binary
1804.4731580496464,0.9061296,0.0012365546,5674169,eclipsing_binary
1804.474546905819,0.8925515,0.0012354595,5674169,eclipsing_binary
1804.475935762457,0.8788663,0.0012322363,5674169,eclipsing_binary
1804.4773246186292,0.8652521,0.0012300357,5674169,eclipsing_binary
1804.4787134748017,0.85351855,0.0012272674,5674169,eclipsing_binary
1804.4801023309742,0.841824,0.0012261507,5674169,eclipsing_binary
1804.4814911871467,0.8295517,0.0012220691,5674169,eclipsing_binary
1804.4828800433193,0.8163541,0.0012211874,5674169,eclipsing_binary
1804.484268899491,0.8042838,0.0012199436,5674169,eclipsing_binary
1804.4856577556639,0.7946808,0.0012183089,5674169,eclipsing_binary
1804.4870466118368,0.7851234,0.0012152529,5674169,eclipsing_binary
1804.4884354680094,0.77977,0.0012163703,5674169,eclipsing_binary
1804.4898243241814,0.7800259,0.0012154673,5674169,eclipsing_binary
1804.491213180353,0.7783439,0.0012130128,5674169,eclipsing_binary
1804.4926020365256,0.7740629,0.0012152585,5674169,eclipsing_binary
1804.493990892699,0.7770149,0.0012130357,5674169,eclipsing_binary
1804.4953797484059,0.77669257,0.001214211,5674169,eclipsing_binary
1804.496768604578,0.77874154,0.0012186487,5674169,eclipsing_binary
1804.4981574607496,0.7778177,0.0012147744,5674169,eclipsing_binary
1804.499546316923,0.77822405,0.0012147429,5674169,eclipsing_binary
1804.500935173096,0.7783144,0.0012145967,5674169,eclipsing_binary
1804.502324029268,0.7788498,0.0012140791,5674169,eclipsing_binary
1804.50371288544,0.77787524,0.0012139361,5674169,eclipsing_binary
1804.505101741147,0.7793799,0.001216644,5674169,eclipsing_binary
1804.50649059732,0.7791605,0.0012137701,5674169,eclipsing_binary
1804.5078794534925,0.779444,0.00121621,5674169,eclipsing_binary
1804.5092683096645,0.7794446,0.0012215505,5674169,eclipsing_binary
1804.5106571653705,0.77990186,0.0012144665,5674169,eclipsing_binary
1804.5120460215433,0.7822015,0.00121465,5674169,eclipsing_binary
1804.5134348777165,0.7827753,0.0012176413,5674169,eclipsing_binary
1804.5148237334233,0.7838261,0.0012140897,5674169,eclipsing_binary
1804.5162125895954,0.79039437,0.0012171305,5674169,eclipsing_binary
1804.517601445768,0.7979515,0.0012181309,5674169,eclipsing_binary
1804.5189903014748,0.8105563,0.0012219602,5674169,eclipsing_binary
1804.5203791576473,0.82272786,0.0012208553,5674169,eclipsing_binary
1804.5217680138198,0.8359944,0.0012225691,5674169,eclipsing_binary
1804.5231568695262,0.8468529,0.0012241802,5674169,eclipsing_binary
1804.5245457256988,0.86192954,0.001230167,5674169,eclipsing_binary
1804.5259345814056,0.8747497,0.0012299633,5674169,eclipsing_binary
1804.5273234375782,0.88915676,0.0012323314,5674169,eclipsing_binary
1804.5287122937507,0.90143627,0.0012357638,5674169,eclipsing_binary
1804.5301011494576,0.91466755,0.0012385949,5674169,eclipsing_binary
1804.53149000563,0.92887735,0.0012411728,5674169,eclipsing_binary
1804.5328788613365,0.93902564,0.0012424131,5674169,eclipsing_binary
1804.534267717509,0.9513108,0.0012450791,5674169,eclipsing_binary
1804.5356565732159,0.96245027,0.0012474981,5674169,eclipsing_binary
1804.5370454289227,0.97345155,0.001246156,5674169,eclipsing_binary
1804.5384342850953,0.9830667,0.0012502307,5674169,eclipsing_binary
1804.5398231408017,0.99232507,0.0012510804,5674169,eclipsing_binary
1804.5412119969742,1.0007919,0.0012520518,5674169,eclipsing_binary
1804.5426008526815,1.0108637,0.0012512746,5674169,eclipsing_binary
1804.543989708854,1.0173038,0.0012585088,5674169,eclipsing_binary
1804.5453785645605,1.0239596,0.0012574797,5674169,eclipsing_binary
1804.5467674202664,1.0309893,0.0012577419,5674169,eclipsing_binary
1804.5481562764392,1.0370697,0.0012593719,5674169,eclipsing_binary
1804.5495451321467,1.0447606,0.0012624316,5674169,eclipsing_binary
1804.5509339878536,1.0498563,0.0012634271,5674169,eclipsing_binary
1804.5523228440256,1.0587195,0.0012617882,5674169,eclipsing_binary
1804.5537116997316,1.0616097,0.001262072,5674169,eclipsing_binary
1804.5551005554394,1.0681536,0.0012620005,5674169,eclipsing_binary
1804.5564894111471,1.0758301,0.0012641571,5674169,eclipsing_binary
1804.5578782673188,1.0809575,0.0012727405,5674169,eclipsing_binary
1804.5592671230252,1.0861355,0.001271174,5674169,eclipsing_binary
1804.5606559787311,1.091513,0.0012678517,5674169,eclipsing_binary
1804.562044834439,1.0970802,0.0012660491,5674169,eclipsing_binary
1804.5634336901462,1.1009508,0.0012669782,5674169,eclipsing_binary
1804.5648225463183,1.1050788,0.0012712955,5674169,eclipsing_binary
1804.5662114020247,1.1101569,0.00126879,5674169,eclipsing_binary
1804.5676002577316,1.1156589,0.0012765218,5674169,eclipsing_binary
1804.5689891134389,1.1178913,0.0012718585,5674169,eclipsing_binary
1804.5703779691457,1.1202796,0.0012706495,5674169,eclipsing_binary
1804.5717668248521,1.1236105,0.0012714741,5674169,eclipsing_binary
1804.573155680558,1.1271536,0.0012721794,5674169,eclipsing_binary
1804.5745445362652,1.1274549,0.0012713486,5674169,eclipsing_binary
1804.5759333919727,1.1340683,0.0012731582,5674169,eclipsing_binary
1804.5773222476796,1.1318796,0.001272041,5674169,eclipsing_binary
1804.578711103386,1.1356822,0.0012769415,5674169,eclipsing_binary
1804.5800999590929,1.1370575,0.0012772832,5674169,eclipsing_binary
1804.5814888147997,1.1385856,0.0012738598,5674169,eclipsing_binary
1804.5828776705066,1.1389488,0.0012748565,5674169,eclipsing_binary
1804.5842665262135,1.1367384,0.0012728235,5674169,eclipsing_binary
1804.5856553819199,1.136538,0.0012731015,5674169,eclipsing_binary
1804.5870442376267,1.1364579,0.0012794953,5674169,eclipsing_binary
1804.5884330933336,1.1353763,0.0012755891,5674169,eclipsing_binary
1804.5898219490405,1.1350995,0.0012755746,5674169,eclipsing_binary
1804.5912108047473,1.1329782,0.0012757936,5674169,eclipsing_binary
1804.5925996604542,1.1300294,0.0012730581,5674169,eclipsing_binary
1804.593988516161,1.1272354,0.001273929,5674169,eclipsing_binary
1804.5953773718675,1.1230035,0.0012728685,5674169,eclipsing_binary
1804.5967662275743,1.1204824,0.0012708253,5674169,eclipsing_binary
1804.598155082816,1.117527,0.0012731829,5674169,eclipsing_binary
1804.5995439385229,1.1113197,0.0012711689,5674169,eclipsing_binary
1804.6009327942293,1.1065865,0.0012712383,5674169,eclipsing_binary
1804.6023216499357,1.1029,0.0012695232,5674169,eclipsing_binary
1804.6037105056425,1.0981455,0.0012691522,5674169,eclipsing_binary
1804.6050993608842,1.0915135,0.0012677104,5674169,eclipsing_binary
1804.606488216591,1.085911,0.0012677056,5674169,eclipsing_binary
1804.6078770722975,1.0805062,0.0012647745,5674169,eclipsing_binary
1804.6092659275378,1.0754446,0.0012639574,5674169,eclipsing_binary
1804.6106547832455,1.0688406,0.0012623768,5674169,eclipsing_binary
1804.6120436389533,1.0622782,0.0012687072,5674169,eclipsing_binary
1804.6134324946593,1.0540298,0.0012609198,5674169,eclipsing_binary
1804.6148213499,1.0477011,0.0012589126,5674169,eclipsing_binary
1804.616210205606,1.0398955,0.001258672,5674169,eclipsing_binary
1804.617599060848,1.0324271,0.0012562835,5674169,eclipsing_binary
1804.6189879165556,1.0254667,0.0012598742,5674169,eclipsing_binary
1804.6203767722618,1.014822,0.0012547704,5674169,eclipsing_binary
1804.6217656275026,1.0068935,0.0012520759,5674169,eclipsing_binary
1804.6231544832094,0.9970197,0.0012522552,5674169,eclipsing_binary
1804.624543338451,0.9882334,0.001253061,5674169,eclipsing_binary
1804.625932194158,0.97797644,0.0012481979,5674169,eclipsing_binary
1804.6273210493987,0.96557957,0.0012456331,5674169,eclipsing_binary
1804.6287099051049,0.9540814,0.0012440566,5674169,eclipsing_binary
1804.6300987603463,0.94490755,0.0012424536,5674169,eclipsing_binary
1804.6314876160536,0.93107635,0.0012399686,5674169,eclipsing_binary
1804.6328764712948,0.9193721,0.0012369296,5674169,eclipsing_binary
1804.6342653270012,0.907805,0.0012361582,5674169,eclipsing_binary
1804.6356541822424,0.8936526,0.0012335863,5674169,eclipsing_binary
1804.6370430379493,0.8797015,0.0012314052,5674169,eclipsing_binary
1804.6384318931905,0.8669932,0.0012329785,5674169,eclipsing_binary
1804.6398207488974,0.85442245,0.0012260664,5674169,eclipsing_binary
1804.641209604138,0.84104013,0.0012245369,5674169,eclipsing_binary
1804.6425984593793,0.82941633,0.0012225633,5674169,eclipsing_binary
1804.6439873150862,0.8171621,0.0012211382,5674169,eclipsing_binary
1804.6453761703274,0.80570334,0.001218963,5674169,eclipsing_binary
1804.6467650255686,0.7971196,0.0012162125,5674169,eclipsing_binary
1804.6481538812754,0.7895787,0.0012156934,5674169,eclipsing_binary
1804.6495427365167,0.7884746,0.0012151947,5674169,eclipsing_binary
1804.6509315917574,0.78494376,0.0012148808,5674169,eclipsing_binary
1804.6523204474643,0.78406036,0.001216529,5674169,eclipsing_binary
1804.6537093027055,0.7804594,0.0012131423,5674169,eclipsing_binary
1804.6550981579467,0.781146,0.001215423,5674169,eclipsing_binary
1804.6564870131879,0.7795226,0.0012166176,5674169,eclipsing_binary
1804.6578758688943,0.7789088,0.001214922,5674169,eclipsing_binary
1804.6592647241355,0.77872777,0.0012133478,5674169,eclipsing_binary
1804.6606535793771,0.77773905,0.0012122362,5674169,eclipsing_binary
1804.6620424346183,0.7772476,0.0012142012,5674169,eclipsing_binary
1804.663431289859,0.77590024,0.0012119182,5674169,eclipsing_binary
1804.6648201455655,0.77613896,0.0012144098,5674169,eclipsing_binary
1804.6662090008072,0.7762385,0.0012153456,5674169,eclipsing_binary
1804.6675978560493,0.77817506,0.0012127646,5674169,eclipsing_binary
1804.6689867112896,0.77903515,0.0012128003,5674169,eclipsing_binary
1804.6703755665303,0.7803671,0.0012155934,5674169,eclipsing_binary
1804.6717644217706,0.7829854,0.0012128578,5674169,eclipsing_binary
1804.6731532770127,0.78611773,0.001215889,5674169,eclipsing_binary
1804.6745421322548,0.7911658,0.0012185449,5674169,eclipsing_binary
1804.6759309874951,0.79928964,0.0012160103,5674169,eclipsing_binary
1804.6773198427359,0.8096418,0.0012224368,5674169,eclipsing_binary
1804.678708697977,0.82090336,0.0012218724,5674169,eclipsing_binary
1804.6800975532187,0.8331896,0.0012258687,5674169,eclipsing_binary
1804.6814864084602,0.8445733,0.001230527,5674169,eclipsing_binary
1804.6828752637007,0.8592523,0.0012279144,5674169,eclipsing_binary
1804.6842641189414,0.8716128,0.0012294141,5674169,eclipsing_binary
1804.685652974183,0.8845524,0.00123373,5674169,eclipsing_binary
1804.6870418294252,0.89759755,0.0012352583,5674169,eclipsing_binary
1804.6884306846655,0.9066519,0.0012350029,5674169,eclipsing_binary
1804.6898195399062,0.91964495,0.0012395167,5674169,eclipsing_binary
1804.6912083951474,0.9320305,0.0012391949,5674169,eclipsing_binary
1804.6925972503896,0.94107133,0.0012408628,5674169,eclipsing_binary
1804.6939861056308,0.95217323,0.0012432385,5674169,eclipsing_binary
1804.6953749604054,0.9638157,0.0012526329,5674169,eclipsing_binary
1804.6967638156461,0.97076976,0.0012480003,5674169,eclipsing_binary
1804.6981526708873,0.98239774,0.0012481449,5674169,eclipsing_binary
1804.6995415261292,0.99141437,0.0012499734,5674169,eclipsing_binary
1804.7009303813707,1.0007061,0.0012514554,5674169,eclipsing_binary
1804.7023192361453,1.0077562,0.0012510389,5674169,eclipsing_binary
1804.7037080913865,1.0153995,0.0012539204,5674169,eclipsing_binary
1804.7050969466277,1.024041,0.0012552415,5674169,eclipsing_binary
1804.706485801869,1.0304878,0.0012551572,5674169,eclipsing_binary
1804.7078746566447,1.0375732,0.0012624069,5674169,eclipsing_binary
1804.7092635118852,1.043998,0.001258444,5674169,eclipsing_binary
1804.7106523671264,1.049112,0.0012589169,5674169,eclipsing_binary
1804.7120412223676,1.0563105,0.0012602836,5674169,eclipsing_binary
1804.7134300771431,1.0610454,0.001264843,5674169,eclipsing_binary
1804.7148189323843,1.0676433,0.0012619353,5674169,eclipsing_binary
1804.7162077876255,1.0719578,0.0012635615,5674169,eclipsing_binary
1804.7175966424013,1.078577,0.0012656425,5674169,eclipsing_binary
1804.7189854976418,1.0854102,0.0012702603,5674169,eclipsing_binary
1804.7203743524174,1.0874418,0.00126629,5674169,eclipsing_binary
1804.7217632076586,1.0927141,0.0012692426,5674169,eclipsing_binary
1804.7231520628998,1.0953286,0.0012662237,5674169,eclipsing_binary
1804.7245409176753,1.099917,0.0012679233,5674169,eclipsing_binary
1804.725929772916,1.1030166,0.0012721724,5674169,eclipsing_binary
1804.7273186276916,1.1059773,0.0012716008,5674169,eclipsing_binary
1804.7287074829337,1.1092355,0.001269729,5674169,eclipsing_binary
1804.7300963377093,1.1080942,0.0012714348,5674169,eclipsing_binary
1804.7314851929495,1.1151406,0.001278809,5674169,eclipsing_binary
1804.7328740477246,1.1160601,0.0012729592,5674169,eclipsing_binary
1804.7342629029665,1.1182287,0.0012713429,5674169,eclipsing_binary
1804.7356517577427,1.1183848,0.0012709223,5674169,eclipsing_binary
1804.7370406129835,1.1175958,0.0012721076,5674169,eclipsing_binary
1804.7384294677581,1.1172287,0.0012698509,5674169,eclipsing_binary
1804.7398183229989,1.1175364,0.0012697228,5674169,eclipsing_binary
1804.7412071777749,1.1189157,0.0012705553,5674169,eclipsing_binary
1804.7425960325513,1.118278,0.0012709342,5674169,eclipsing_binary
1804.7439848877918,1.1153955,0.0012696373,5674169,eclipsing_binary
1804.7453737425667,1.1154562,0.0012705468,5674169,eclipsing_binary
1804.7467625973422,1.1120596,0.001269584,5674169,eclipsing_binary
1804.7481514525844,1.1113845,0.0012717758,5674169,eclipsing_binary
1804.74954030736,1.110003,0.0012713113,5674169,eclipsing_binary
1804.7509291621345,1.1063932,0.0012706299,5674169,eclipsing_binary
1804.7523180173753,1.1031289,0.0012719482,5674169,eclipsing_binary
1804.7537068721508,1.1010915,0.0012681719,5674169,eclipsing_binary
1804.7550957269273,1.0953877,0.0012684149,5674169,eclipsing_binary
1804.7564845821685,1.0922257,0.0012680263,5674169,eclipsing_binary
1804.757873436943,1.0863292,0.0012660532,5674169,eclipsing_binary
1804.7592622917186,1.0816033,0.0012647475,5674169,eclipsing_binary
1804.7606511464942,1.0781496,0.0012673758,5674169,eclipsing_binary
1804.76204000127,1.0737437,0.0012635288,5674169,eclipsing_binary
1804.7634288565114,1.0691735,0.0012632017,5674169,eclipsing_binary
1804.764817711286,1.0615741,0.0012621967,5674169,eclipsing_binary
1804.7662065660616,1.0560379,0.0012627584,5674169,eclipsing_binary
1804.767595420837,1.0505508,0.001263806,5674169,eclipsing_binary
1804.7689842756126,1.0433397,0.0012600818,5674169,eclipsing_binary
1804.7703731303882,1.0382318,0.0012595145,5674169,eclipsing_binary
1804.7731508404054,1.0264167,0.0012576121,5674169,eclipsing_binary
1804.77453969518,1.0200331,0.0012575855,5674169,eclipsing_binary
1804.7787062595066,0.9996248,0.0012532383,5674169,eclipsing_binary
1804.7800951142824,0.99175894,0.0012506244,5674169,eclipsing_binary
1804.7814839690573,0.9811493,0.0012490546,5674169,eclipsing_binary
1804.7828728238328,0.974662,0.001248574,5674169,eclipsing_binary
1804.7842616786093,0.96185815,0.0012479122,5674169,eclipsing_binary
1804.7856505333848,0.9544126,0.0012438424,5674169,eclipsing_binary
1804.7870393881594,0.9424793,0.0012429178,5674169,eclipsing_binary
1804.7884282429345,0.93264276,0.0012397104,5674169,eclipsing_binary
1804.7898170977107,0.91901565,0.0012377279,5674169,eclipsing_binary
1804.791205952487,0.9067248,0.0012360796,5674169,eclipsing_binary
1804.792594807262,0.894593,0.0012329618,5674169,eclipsing_binary
1804.793983661571,0.88269114,0.001230915,5674169,eclipsing_binary
1804.795372516346,0.8704465,0.0012282949,5674169,eclipsing_binary
1804.796761371122,0.85423356,0.0012289783,5674169,eclipsing_binary
1804.7981502258986,0.8418986,0.0012247207,5674169,eclipsing_binary
1804.7995390806736,0.82775605,0.0012217681,5674169,eclipsing_binary
1804.8009279354483,0.81745,0.001223229,5674169,eclipsing_binary
1804.8023167902238,0.80523676,0.0012171434,5674169,eclipsing_binary
1804.8037056445346,0.79573923,0.0012165369,5674169,eclipsing_binary
1804.8050944993101,0.7872378,0.0012150208,5674169,eclipsing_binary
1804.8064833540848,0.78021705,0.0012158786,5674169,eclipsing_binary
1804.8078722088599,0.7783082,0.0012144862,5674169,eclipsing_binary
1804.8092610631697,0.77843416,0.0012179087,5674169,eclipsing_binary
1804.8106499179462,0.77962744,0.001213836,5674169,eclipsing_binary
1804.8120387727217,0.7774528,0.0012177171,5674169,eclipsing_binary
1804.8134276274964,0.77707815,0.0012140067,5674169,eclipsing_binary
1804.8148164818062,0.77778745,0.0012134976,5674169,eclipsing_binary
1804.816205336582,0.77794456,0.0012151971,5674169,eclipsing_binary
1804.8175941913578,0.77726126,0.0012158205,5674169,eclipsing_binary
1804.8189830456677,0.77776563,0.0012137141,5674169,eclipsing_binary
1804.8203719004423,0.7786835,0.0012145839,5674169,eclipsing_binary
1804.8217607552178,0.7784074,0.0012140828,5674169,eclipsing_binary
1804.8231496095277,0.7780211,0.0012130126,5674169,eclipsing_binary
1804.8245384643035,0.7777415,0.0012167172,5674169,eclipsing_binary
1804.8259273186136,0.7785178,0.0012150145,5674169,eclipsing_binary
1804.8273161733891,0.78106,0.0012154996,5674169,eclipsing_binary
1804.8287050281647,0.77898234,0.0012167391,5674169,eclipsing_binary
1804.8300938824736,0.7804732,0.0012160133,5674169,eclipsing_binary
1804.8314827372492,0.7805737,0.0012146396,5674169,eclipsing_binary
1804.832871591559,0.78419846,0.0012148389,5674169,eclipsing_binary
1804.8342604463348,0.7872995,0.0012147805,5674169,eclipsing_binary
1804.835649300645,0.79774785,0.0012181859,5674169,eclipsing_binary
1804.8370381554196,0.8076057,0.0012191175,5674169,eclipsing_binary
1804.8384270097295,0.81926364,0.0012201191,5674169,eclipsing_binary
1804.839815864506,0.83119917,0.0012216246,5674169,eclipsing_binary
1804.8412047188158,0.8449181,0.001226951,5674169,eclipsing_binary
1804.8425935735906,0.8579713,0.0012281422,5674169,eclipsing_binary
1804.8439824278998,0.8723723,0.0012301451,5674169,eclipsing_binary
1804.8453712822106,0.88658774,0.0012336933,5674169,eclipsing_binary
1804.8467601369866,0.8992065,0.0012397196,5674169,eclipsing_binary
1804.848148991296,0.9143752,0.0012364546,5674169,eclipsing_binary
1804.8495378460707,0.9250956,0.0012453785,5674169,eclipsing_binary
1804.8509267003801,0.93916893,0.001240678,5674169,eclipsing_binary
1804.8523155546907,0.94981134,0.0012449204,5674169,eclipsing_binary
1804.853704409467,0.96061784,0.0012458968,5674169,eclipsing_binary
1804.8550932637763,0.97002023,0.001246597,5674169,eclipsing_binary
1804.8564821180853,0.9811347,0.0012549389,5674169,eclipsing_binary
1804.8578709728608,0.99048096,0.0012508206,5674169,eclipsing_binary
1804.8592598271716,0.9993097,0.0012528119,5674169,eclipsing_binary
1804.8606486814815,1.0068756,0.0012529915,5674169,eclipsing_binary
1804.862037535791,1.0136906,0.0012562526,5674169,eclipsing_binary
1804.8634263905656,1.0237863,0.001254352,5674169,eclipsing_binary
1804.8648152448754,1.0297414,0.001262631,5674169,eclipsing_binary
1804.8675929534961,1.041747,0.001259632,5674169,eclipsing_binary
1804.868981807805,1.0496931,0.0012596257,5674169,eclipsing_binary
1804.8703706625809,1.054403,0.0012657818,5674169,eclipsing_binary
1804.871759516891,1.05978,0.0012605279,5674169,eclipsing_binary
1804.8731483712008,1.0684619,0.0012638817,5674169,eclipsing_binary
1804.8745372255107,1.0720241,0.0012624972,5674169,eclipsing_binary
1804.8759260798197,1.0793408,0.0012646704,5674169,eclipsing_binary
1804.8773149341296,1.0850545,0.0012655618,5674169,eclipsing_binary
1804.8787037884397,1.0891428,0.0012656429,5674169,eclipsing_binary
1804.8800926432154,1.0929581,0.0012694317,5674169,eclipsing_binary
1804.8814814975253,1.1002208,0.00127023,5674169,eclipsing_binary
1804.8828703518352,1.1056019,0.0012685522,5674169,eclipsing_binary
1804.884259206145,1.1089927,0.0012721459,5674169,eclipsing_binary
1804.885648060454,1.1141632,0.0012714997,5674169,eclipsing_binary
1804.887036914764,1.1174257,0.0012770036,5674169,eclipsing_binary
1804.8884257690747,1.1192343,0.0012735529,5674169,eclipsing_binary
1804.8898146233846,1.122895,0.0012725326,5674169,eclipsing_binary
1804.891203477694,1.1279749,0.001272428,5674169,eclipsing_binary
1804.892592332003,1.1280547,0.0012717531,5674169,eclipsing_binary
1804.8939811863129,1.1296394,0.0012726071,5674169,eclipsing_binary
1804.8953700406237,1.1336424,0.0012750786,5674169,eclipsing_binary
1804.8967588949336,1.133969,0.0012728911,5674169,eclipsing_binary
1804.898147749243,1.1347938,0.0012755535,5674169,eclipsing_binary
1804.8995366030863,1.1385512,0.0012755389,5674169,eclipsing_binary
1804.900925457397,1.1375836,0.0012750389,5674169,eclipsing_binary
1804.9023143117074,1.1325963,0.0012754146,5674169,eclipsing_binary
1804.9037031660168,1.1357226,0.0012776555,5674169,eclipsing_binary
1804.9050920203258,1.134382,0.0012750018,5674169,eclipsing_binary
1804.9064808746352,1.1356509,0.0012730712,5674169,eclipsing_binary
1804.907869728946,1.133669,0.0012751077,5674169,eclipsing_binary
1804.9092585827907,1.1294804,0.0012715508,5674169,eclipsing_binary
1804.9106474371001,1.1266465,0.0012760902,5674169,eclipsing_binary
1804.912036291409,1.1258343,0.0012754292,5674169,eclipsing_binary
1804.913425145719,1.1201224,0.0012712518,5674169,eclipsing_binary
1804.9148140000298,1.1187512,0.001270671,5674169,eclipsing_binary
1804.916202853874,1.1144773,0.0012722632,5674169,eclipsing_binary
1804.9175917081834,1.1118805,0.0012690641,5674169,eclipsing_binary
1804.9189805624924,1.106139,0.001272082,5674169,eclipsing_binary
1804.9203694168023,1.10307,0.0012695879,5674169,eclipsing_binary
1804.9217582706474,1.0952961,0.0012669169,5674169,eclipsing_binary
1804.9231471249573,1.0933169,0.0012681106,5674169,eclipsing_binary
1804.9245359792667,1.0848956,0.001267025,5674169,eclipsing_binary
1804.925924833111,1.0807846,0.0012643149,5674169,eclipsing_binary
1804.9273136874208,1.0717213,0.0012646205,5674169,eclipsing_binary
1804.9287025417307,1.066459,0.0012625213,5674169,eclipsing_binary
1804.930091395575,1.0596759,0.0012609068,5674169,eclipsing_binary
1804.9314802498839,1.0536004,0.0012593366,5674169,eclipsing_binary
1804.9328691037283,1.0481212,0.0012599751,5674169,eclipsing_binary
1804.9342579580384,1.0402948,0.0012584508,5674169,eclipsing_binary
1804.9356468123483,1.0296454,0.0012559869,5674169,eclipsing_binary
1804.9370356661925,1.0233827,0.0012541632,5674169,eclipsing_binary
1804.9384245205024,1.0163145,0.0012607053,5674169,eclipsing_binary
1804.9398133743466,1.0058227,0.0012519772,5674169,eclipsing_binary
1804.9412022286556,0.9981347,0.0012523344,5674169,eclipsing_binary
1804.9425910825,0.98629874,0.0012479177,5674169,eclipsing_binary
1804.9439799368106,0.975972,0.0012508435,5674169,eclipsing_binary
1804.9453687906548,0.9667387,0.0012467443,5674169,eclipsing_binary
1804.9467576449642,0.9549532,0.0012436055,5674169,eclipsing_binary
1804.9481464988075,0.94416964,0.0012425561,5674169,eclipsing_binary
1804.9495353531174,0.93256897,0.0012404571,5674169,eclipsing_binary
1804.9509242069626,0.921556,0.0012367404,5674169,eclipsing_binary
1804.9523130612724,0.9073208,0.0012366716,5674169,eclipsing_binary
1804.9537019151162,0.89417446,0.0012323558,5674169,eclipsing_binary
1804.9550907689595,0.88378114,0.00123372,5674169,eclipsing_binary
1804.9564796232703,0.86860883,0.0012316984,5674169,eclipsing_binary
1804.957868477115,0.8538149,0.0012295191,5674169,eclipsing_binary
1804.9592573314244,0.843695,0.0012240699,5674169,eclipsing_binary
1804.9606461852682,0.83018124,0.0012268677,5674169,eclipsing_binary
1804.9620350391115,0.81671846,0.0012195302,5674169,eclipsing_binary
1804.9634238934223,0.80674404,0.0012248748,5674169,eclipsing_binary
1804.964812747267,0.7983823,0.0012197536,5674169,eclipsing_binary
1804.9662016011107,0.78932494,0.0012151496,5674169,eclipsing_binary
1804.967590454954,0.7880594,0.0012188937,5674169,eclipsing_binary
1804.9689793092641,0.78528684,0.001216131,5674169,eclipsing_binary
1804.970368163109,0.78368133,0.0012148098,5674169,eclipsing_binary
1804.9717570169532,0.7822656,0.0012153932,5674169,eclipsing_binary
1804.973145870797,0.7806658,0.0012162548,5674169,eclipsing_binary
1804.974534725106,0.7791399,0.0012151103,5674169,eclipsing_binary
1804.9759235789502,0.77855235,0.0012128195,5674169,eclipsing_binary
1804.9773124327953,0.77911663,0.0012200285,5674169,eclipsing_binary
1804.9787012866395,0.77819973,0.0012126219,5674169,eclipsing_binary
1804.9800901404833,0.7767579,0.0012121215,5674169,eclipsing_binary
1804.9814789947932,0.7784212,0.0012167656,5674169,eclipsing_binary
1804.9828678486374,0.77735466,0.0012141694,5674169,eclipsing_binary
1804.9842567024816,0.7768522,0.0012160146,5674169,eclipsing_binary
1804.9856455563258,0.7775111,0.0012128279,5674169,eclipsing_binary
1804.98703441017,0.77977943,0.0012179788,5674169,eclipsing_binary
1804.9884232640143,0.78015465,0.0012156983,5674169,eclipsing_binary
1804.9898121178585,0.78126484,0.001214456,5674169,eclipsing_binary
1804.9912009717027,0.7836608,0.0012142748,5674169,eclipsing_binary
1804.9925898255465,0.7893271,0.0012181825,5674169,eclipsing_binary
1804.9939786798564,0.79869026,0.0012168472,5674169,eclipsing_binary
1804.9953675337006,0.80731857,0.0012195932,5674169,eclipsing_binary
1804.9967563875448,0.8194982,0.0012239225,5674169,eclipsing_binary
1804.998145241389,0.8308582,0.0012234623,5674169,eclipsing_binary
1804.9995340952332,0.8431458,0.001225553,5674169,eclipsing_binary
1805.0009229490774,0.8567577,0.0012310182,5674169,eclipsing_binary
1805.0023118029212,0.8703863,0.0012290864,5674169,eclipsing_binary
1805.0037006567654,0.8833645,0.0012307224,5674169,eclipsing_binary
1805.0050895106097,0.894217,0.0012324888,5674169,eclipsing_binary
1805.0064783639882,0.9079099,0.0012352268,5674169,eclipsing_binary
1805.0078672178324,0.9176139,0.001237797,5674169,eclipsing_binary
1805.0092560716762,0.92913634,0.0012392747,5674169,eclipsing_binary
1805.0106449255204,0.938795,0.0012422418,5674169,eclipsing_binary
1805.012033779365,0.9526259,0.0012427075,5674169,eclipsing_binary
1805.0134226332095,0.9635526,0.0012445177,5674169,eclipsing_binary
1805.014811487053,0.97278666,0.0012521675,5674169,eclipsing_binary
1805.0162003408968,0.98190165,0.0012561129,5674169,eclipsing_binary
1805.017589194741,0.99295765,0.0012515468,5674169,eclipsing_binary
1805.01897804812,0.9995611,0.0012545496,5674169,eclipsing_binary
1805.0203669019643,1.0087081,0.0012544161,5674169,eclipsing_binary
1805.021755755808,1.0151832,0.0012553813,5674169,eclipsing_binary
1805.0231446096518,1.023255,0.0012572032,5674169,eclipsing_binary
1805.0245334634965,1.0277665,0.0012573447,5674169,eclipsing_binary
1805.025922316876,1.0373112,0.0012672143,5674169,eclipsing_binary
1805.0273111707193,1.0432355,0.0012609602,5674169,eclipsing_binary
1805.028700024563,1.0494155,0.0012597125,5674169,eclipsing_binary
1805.0300888784072,1.0569713,0.0012611003,5674169,eclipsing_binary
1805.0314777317865,1.0598621,0.001263833,5674169,eclipsing_binary
1805.032866585631,1.0656911,0.0012623797,5674169,eclipsing_binary
1805.0342554394742,1.0716099,0.0012652811,5674169,eclipsing_binary
1805.0356442928523,1.077201,0.0012670426,5674169,eclipsing_binary
1805.0370331466966,1.0825311,0.0012663949,5674169,eclipsing_binary
1805.0384220005412,1.0877827,0.0012692612,5674169,eclipsing_binary
1805.03981085392,1.0921359,0.0012661219,5674169,eclipsing_binary
1805.0411997077636,1.0944948,0.0012703054,5674169,eclipsing_binary
1805.0425885616078,1.1005275,0.0012693189,5674169,eclipsing_binary
1805.0439774149863,1.0998185,0.0012678301,5674169,eclipsing_binary
1805.0453662688305,1.1075773,0.0012707432,5674169,eclipsing_binary
1805.046755122209,1.1083179,0.0012705054,5674169,eclipsing_binary
1805.0481439760529,1.1139431,0.001271531,5674169,eclipsing_binary
1805.0495328294314,1.1138556,0.0012700177,5674169,eclipsing_binary
1805.0509216832756,1.1145289,0.0012707312,5674169,eclipsing_binary
1805.0523105366542,1.1187418,0.0012738502,5674169,eclipsing_binary
1805.0536993904984,1.1173134,0.0012705963,5674169,eclipsing_binary
1805.0550882443426,1.1184014,0.0012706493,5674169,eclipsing_binary
1805.0564770977212,1.1168971,0.0012710214,5674169,eclipsing_binary
1805.057865951565,1.1181391,0.0012704806,5674169,eclipsing_binary
1805.0592548049435,1.1189616,0.0012711404,5674169,eclipsing_binary
1805.060643658323,1.1179028,0.0012705466,5674169,eclipsing_binary
1805.0620325121672,1.1158534,0.0012709387,5674169,eclipsing_binary
1805.0634213655449,1.1148384,0.0012735631,5674169,eclipsing_binary
1805.0648102193886,1.1134033,0.0012740461,5674169,eclipsing_binary
1805.0661990727672,1.1132038,0.0012715731,5674169,eclipsing_binary
1805.067587926612,1.1079112,0.0012707496,5674169,eclipsing_binary
1805.0689767799909,1.1064793,0.0012706667,5674169,eclipsing_binary
1805.0703656333685,1.1014086,0.0012675979,5674169,eclipsing_binary
1805.0717544872123,1.1000499,0.0012677278,5674169,eclipsing_binary
1805.0731433405913,1.0950843,0.0012673833,5674169,eclipsing_binary
1805.0745321939708,1.092341,0.0012677613,5674169,eclipsing_binary
1805.0759210478143,1.0867112,0.0012666556,5674169,eclipsing_binary
1805.0773099011922,1.0844996,0.0012646205,5674169,eclipsing_binary
1805.0786987545703,1.0772098,0.0012660288,5674169,eclipsing_binary
1805.080087608415,1.0727143,0.0012632468,5674169,eclipsing_binary
1805.0814764617944,1.062814,0.0012621343,5674169,eclipsing_binary
1805.082865315172,1.0610315,0.00126205,5674169,eclipsing_binary
1805.0842541685502,1.0566176,0.0012626303,5674169,eclipsing_binary
1805.0856430223944,1.0512836,0.0012618019,5674169,eclipsing_binary
1805.0870318757738,1.0466067,0.0012605265,5674169,eclipsing_binary
1805.0884207291524,1.0372161,0.0012579974,5674169,eclipsing_binary
1805.08980958253,1.0341454,0.0012559538,5674169,eclipsing_binary
1805.0911984359082,1.0269448,0.0012557302,5674169,eclipsing_binary
1805.0925872897524,1.0211077,0.0012579995,5674169,eclipsing_binary
1805.0939761431316,1.0113875,0.0012524901,5674169,eclipsing_binary
1805.0953649965104,1.0081903,0.0012567923,5674169,eclipsing_binary
1805.096753849888,1.000198,0.0012508157,5674169,eclipsing_binary
1805.0981427032666,0.99364376,0.0012526702,5674169,eclipsing_binary
1805.0995315566452,0.98087126,0.0012536916,5674169,eclipsing_binary
1805.1009204100237,0.9740868,0.0012468033,5674169,eclipsing_binary
1805.1023092638682,0.96379733,0.0012494887,5674169,eclipsing_binary
1805.103698117247,0.95361423,0.0012439636,5674169,eclipsing_binary
1805.1050869706255,0.9423651,0.001244517,5674169,eclipsing_binary
1805.1064758240032,0.93136066,0.001243198,5674169,eclipsing_binary
1805.1078646773817,0.9214164,0.0012379837,5674169,eclipsing_binary
1805.1092535307603,0.90743876,0.001235401,5674169,eclipsing_binary
1805.1106423841388,0.89493537,0.0012386823,5674169,eclipsing_binary
1805.1120312375176,0.8834635,0.0012297814,5674169,eclipsing_binary
1805.1134200908955,0.8687583,0.0012280073,5674169,eclipsing_binary
1805.114808944274,0.856159,0.0012301287,5674169,eclipsing_binary
1805.1161977976535,0.84411585,0.0012250162,5674169,eclipsing_binary
1805.117586651032,0.8308013,0.0012218507,5674169,eclipsing_binary
1805.1189755044097,0.81683034,0.0012190073,5674169,eclipsing_binary
1805.1203643577878,0.8063626,0.0012206757,5674169,eclipsing_binary
1805.1217532111664,0.79620945,0.0012159178,5674169,eclipsing_binary
1805.1231420640802,0.78817654,0.0012144782,5674169,eclipsing_binary
1805.1245309174587,0.78213614,0.0012134161,5674169,eclipsing_binary
1805.1259197708364,0.7775934,0.0012170097,5674169,eclipsing_binary
1805.1273086242145,0.777824,0.0012148032,5674169,eclipsing_binary
1805.1286974775937,0.77799976,0.0012127806,5674169,eclipsing_binary
1805.130086330973,0.7778915,0.0012138116,5674169,eclipsing_binary
1805.131475184351,0.776619,0.0012127643,5674169,eclipsing_binary
1805.1328640377287,0.77717316,0.0012128067,5674169,eclipsing_binary
1805.1342528906416,0.7775546,0.0012140096,5674169,eclipsing_binary
1805.135641744021,0.7783735,0.001213226,5674169,eclipsing_binary
1805.1370305973996,0.77720004,0.001212428,5674169,eclipsing_binary
1805.1384194507775,0.7778814,0.0012150311,5674169,eclipsing_binary
1805.1398083036897,0.77902603,0.0012142049,5674169,eclipsing_binary
1805.1411971570683,0.7775973,0.0012144296,5674169,eclipsing_binary
1805.1425860104478,0.77851623,0.0012118163,5674169,eclipsing_binary
1805.1439748638263,0.779824,0.0012134581,5674169,eclipsing_binary
1805.1453637167383,0.77960306,0.0012124785,5674169,eclipsing_binary
1805.1467525701169,0.7807126,0.0012166009,5674169,eclipsing_binary
1805.1481414234956,0.78024465,0.0012140481,5674169,eclipsing_binary
1805.1495302768744,0.78123933,0.0012129339,5674169,eclipsing_binary
1805.1509191297873,0.78210473,0.0012134904,5674169,eclipsing_binary
1805.152307983165,0.78669125,0.0012156413,5674169,eclipsing_binary
1805.1536968360779,0.7965083,0.0012191461,5674169,eclipsing_binary
1805.1550856894564,0.80532104,0.0012192706,5674169,eclipsing_binary
1805.1564745428352,0.8179135,0.001222775,5674169,eclipsing_binary
1805.1578633957483,0.83137673,0.0012251491,5674169,eclipsing_binary
1805.1606411025055,0.85593164,0.0012312058,5674169,eclipsing_binary
1805.1620299554174,0.87057334,0.0012307084,5674169,eclipsing_binary
1805.163418808796,0.88525933,0.001232292,5674169,eclipsing_binary
1805.164807661709,0.89813447,0.00123335,5674169,eclipsing_binary
1805.1661965150877,0.9104302,0.0012370799,5674169,eclipsing_binary
1805.1675853680008,0.9250784,0.0012455153,5674169,eclipsing_binary
1805.1689742213784,0.93677413,0.0012417403,5674169,eclipsing_binary
1805.1703630742913,0.94891685,0.0012478848,5674169,eclipsing_binary
1805.1717519276708,0.95886934,0.0012487734,5674169,eclipsing_binary
1805.1731407805837,0.97001785,0.0012501198,5674169,eclipsing_binary
1805.1745296339616,0.97888786,0.0012494043,5674169,eclipsing_binary
1805.1759184868738,0.9879585,0.001248707,5674169,eclipsing_binary
1805.1773073402533,1.0004413,0.0012523837,5674169,eclipsing_binary
1805.1786961931666,1.0049893,0.0012574818,5674169,eclipsing_binary
1805.1800850465447,1.0147405,0.0012521922,5674169,eclipsing_binary
1805.1814738994567,1.0226929,0.0012543362,5674169,eclipsing_binary
1805.1828627523691,1.0293489,0.0012565738,5674169,eclipsing_binary
1805.1842516057484,1.035141,0.0012585899,5674169,eclipsing_binary
1805.185640458662,1.0412242,0.0012580723,5674169,eclipsing_binary
1805.1870293115744,1.0477374,0.001259524,5674169,eclipsing_binary
1805.188418164952,1.0538363,0.0012621707,5674169,eclipsing_binary
1805.189807017865,1.0597541,0.0012646853,5674169,eclipsing_binary
1805.1911958707788,1.06671,0.0012658035,5674169,eclipsing_binary
1805.1925847241573,1.0713954,0.0012683945,5674169,eclipsing_binary
1805.1939735770698,1.0776453,0.0012634671,5674169,eclipsing_binary
1805.1953624299817,1.0827452,0.0012647754,5674169,eclipsing_binary
1805.1967512833603,1.087374,0.0012663462,5674169,eclipsing_binary
1805.198140136274,1.0929933,0.0012684318,5674169,eclipsing_binary
1805.199528989187,1.0973307,0.00126918,5674169,eclipsing_binary
1805.200917842099,1.1034712,0.0012716795,5674169,eclipsing_binary
1805.2023066954778,1.1091727,0.0012720234,5674169,eclipsing_binary
1805.203695548391,1.1114786,0.0012713169,5674169,eclipsing_binary
1805.2050844013038,1.114814,0.0012711693,5674169,eclipsing_binary
1805.2064732542167,1.1190325,0.0012711235,5674169,eclipsing_binary
1805.2078621071296,1.1203954,0.0012767629,5674169,eclipsing_binary
1805.2092509605081,1.1248987,0.0012742265,5674169,eclipsing_binary
1805.2106398134204,1.1275911,0.001277576,5674169,eclipsing_binary
1805.2120286663335,1.128292,0.0012744163,5674169,eclipsing_binary
1805.2134175192464,1.1316608,0.001273679,5674169,eclipsing_binary
1805.2148063721593,1.1327964,0.0012727642,5674169,eclipsing_binary
1805.2161952250722,1.1342272,0.0012726681,5674169,eclipsing_binary
1805.2175840779842,1.1362482,0.0012739756,5674169,eclipsing_binary
1805.218972931363,1.1358457,0.001273754,5674169,eclipsing_binary
1805.2203617842765,1.1352036,0.0012766239,5674169,eclipsing_binary
1805.2217506371894,1.1356221,0.0012755421,5674169,eclipsing_binary
1805.2231394901019,1.1326683,0.001273509,5674169,eclipsing_binary
1805.2245283430138,1.1324316,0.0012747688,5674169,eclipsing_binary
1805.2259171959267,1.1288017,0.0012732937,5674169,eclipsing_binary
1805.2273060488405,1.1284417,0.0012720083,5674169,eclipsing_binary
1805.2286949017534,1.12733,0.0012727154,5674169,eclipsing_binary
1805.2300837546659,1.1247379,0.0012723645,5674169,eclipsing_binary
1805.2314726075779,1.1216134,0.0012730651,5674169,eclipsing_binary
1805.2328614604917,1.1179028,0.0012703455,5674169,eclipsing_binary
1805.234250313405,1.1161785,0.0012753183,5674169,eclipsing_binary
1805.2356391663175,1.1088957,0.0012693217,5674169,eclipsing_binary
1805.2370280192297,1.1073282,0.0012718849,5674169,eclipsing_binary
1805.2384168721428,1.1041031,0.0012714408,5674169,eclipsing_binary
1805.2398057250562,1.0976527,0.0012681821,5674169,eclipsing_binary
1805.2411945775034,1.0915228,0.001265905,5674169,eclipsing_binary
1805.2425834304158,1.0840967,0.0012679278,5674169,eclipsing_binary
1805.2439722833278,1.0796461,0.0012703958,5674169,eclipsing_binary
1805.2453611362407,1.073686,0.0012672185,5674169,eclipsing_binary
1805.2467499891545,1.0660807,0.0012622906,5674169,eclipsing_binary
1805.2481388420674,1.0607454,0.0012612136,5674169,eclipsing_binary
1805.2495276949799,1.0546488,0.0012607642,5674169,eclipsing_binary
1805.250916547427,1.0469744,0.0012577809,5674169,eclipsing_binary
1805.25230540034,1.038527,0.0012578024,5674169,eclipsing_binary
1805.253694253253,1.0305827,0.0012563313,5674169,eclipsing_binary
1805.2550831061658,1.0232617,0.0012592821,5674169,eclipsing_binary
1805.2564719590782,1.0144607,0.001253817,5674169,eclipsing_binary
1805.2578608115255,1.0073959,0.0012565858,5674169,eclipsing_binary
1805.2592496644384,0.99713236,0.0012525789,5674169,eclipsing_binary
1805.2606385173513,0.9874323,0.0012495603,5674169,eclipsing_binary
1805.2620273702641,0.97673833,0.0012466038,5674169,eclipsing_binary
1805.2634162227114,0.96709424,0.0012491394,5674169,eclipsing_binary
1805.2648050756243,0.9561554,0.0012463682,5674169,eclipsing_binary
1805.2661939285367,0.9449662,0.0012453344,5674169,eclipsing_binary
1805.267582780984,0.9337902,0.0012442098,5674169,eclipsing_binary
1805.2689716338973,0.92033,0.0012386268,5674169,eclipsing_binary
1805.2703604868102,0.90820193,0.0012385651,5674169,eclipsing_binary
1805.271749339257,0.89577186,0.001238362,5674169,eclipsing_binary
1805.2731381921692,0.88284934,0.0012323468,5674169,eclipsing_binary
1805.2745270450823,0.86934006,0.0012283073,5674169,eclipsing_binary
1805.27591589753,0.85510856,0.0012282681,5674169,eclipsing_binary
1805.277304750443,0.8441434,0.0012248119,5674169,eclipsing_binary
1805.2786936028897,0.8314434,0.0012232636,5674169,eclipsing_binary
1805.2800824558017,0.8182476,0.001219488,5674169,eclipsing_binary
1805.2814713087155,0.80691725,0.00121903,5674169,eclipsing_binary
1805.2828601611636,0.79784226,0.0012182002,5674169,eclipsing_binary
1805.2842490140756,0.7898859,0.00121507,5674169,eclipsing_binary
1805.2856378665224,0.78798985,0.0012157699,5674169,eclipsing_binary
1805.2870267194344,0.7856753,0.0012140014,5674169,eclipsing_binary
1805.2884155718825,0.7850836,0.0012124174,5674169,eclipsing_binary
1805.2898044247959,0.78405297,0.0012159141,5674169,eclipsing_binary
1805.2911932772427,0.7810327,0.0012148118,5674169,eclipsing_binary
1805.292582130155,0.7791867,0.0012133041,5674169,eclipsing_binary
1805.2939709826023,0.7792434,0.0012156672,5674169,eclipsing_binary
1805.2953598355157,0.7783692,0.0012156932,5674169,eclipsing_binary
1805.296748687963,0.7772554,0.0012201892,5674169,eclipsing_binary
1805.2981375404097,0.77822846,0.0012156604,5674169,eclipsing_binary
1805.2995263933226,0.781361,0.0012151347,5674169,eclipsing_binary
1805.3009152457698,0.77643454,0.0012126222,5674169,eclipsing_binary
1805.3023040986827,0.7777382,0.0012144544,5674169,eclipsing_binary
1805.30369295113,0.7775543,0.0012143598,5674169,eclipsing_binary
1805.3050818035767,0.7795485,0.0012141664,5674169,eclipsing_binary
1805.3064706564896,0.7797214,0.0012139932,5674169,eclipsing_binary
1805.3078595089376,0.78195894,0.0012210715,5674169,eclipsing_binary
1805.309248361385,0.7847722,0.001215298,5674169,eclipsing_binary
1805.310637214297,0.7900557,0.001214956,5674169,eclipsing_binary
1805.3120260667442,0.79855335,0.0012252991,5674169,eclipsing_binary
1805.3134149191915,0.8084544,0.0012190933,5674169,eclipsing_binary
1805.3148037721044,0.819401,0.0012202231,5674169,eclipsing_binary
1805.3161926245516,0.83018196,0.0012261943,5674169,eclipsing_binary
1805.3175814769984,0.8426582,0.0012278692,5674169,eclipsing_binary
1805.3189703294456,0.8560364,0.0012268408,5674169,eclipsing_binary
1805.3203591823585,0.8688877,0.0012317343,5674169,eclipsing_binary
1805.3217480348058,0.880404,0.0012301956,5674169,eclipsing_binary
1805.323136887253,0.8932261,0.0012347002,5674169,eclipsing_binary
1805.3245257397002,0.90477854,0.0012383894,5674169,eclipsing_binary
1805.3259145926131,0.9161622,0.0012384759,5674169,eclipsing_binary
1805.32730344506,0.92850494,0.001237453,5674169,eclipsing_binary
1805.3286922975071,0.9411604,0.0012412485,5674169,eclipsing_binary
1805.3300811499553,0.9521736,0.0012449767,5674169,eclipsing_binary
1805.3314700024025,0.9607827,0.0012440961,5674169,eclipsing_binary
1805.3328588548488,0.9721303,0.0012454987,5674169,eclipsing_binary
1805.3342477072956,0.98074526,0.0012526189,5674169,eclipsing_binary
1805.3356365602085,0.99107337,0.0012488047,5674169,eclipsing_binary
1805.3370254126567,0.9990683,0.0012567637,5674169,eclipsing_binary
1805.338414265104,1.0079097,0.0012533863,5674169,eclipsing_binary
1805.3398031175502,1.0174414,0.0012535312,5674169,eclipsing_binary
1805.341191969997,1.0238179,0.0012567259,5674169,eclipsing_binary
1805.3425808224447,1.0304289,0.0012554829,5674169,eclipsing_binary
1805.3439696748928,1.0336775,0.0012588262,5674169,eclipsing_binary
1805.3453585273396,1.0427356,0.001259544,5674169,eclipsing_binary
1805.346747379786,1.0494796,0.0012607832,5674169,eclipsing_binary
1805.3481362322327,1.0551,0.0012631357,5674169,eclipsing_binary
1805.3495250846804,1.0605091,0.0012620192,5674169,eclipsing_binary
1805.3509139371286,1.066667,0.0012639109,5674169,eclipsing_binary
1805.3523027895749,1.072241,0.0012635749,5674169,eclipsing_binary
1805.3536916420217,1.0760212,0.0012632104,5674169,eclipsing_binary
1805.355080494469,1.0843436,0.0012659668,5674169,eclipsing_binary
1805.356469346917,1.0891087,0.0012669435,5674169,eclipsing_binary
1805.3578581993643,1.0927109,0.0012678644,5674169,eclipsing_binary
1805.3592470518106,1.0964749,0.0012671639,5674169,eclipsing_binary
1805.3606359042578,1.099068,0.0012667268,5674169,eclipsing_binary
1805.3620247567053,1.1034367,0.0012722141,5674169,eclipsing_binary
1805.3634136091528,1.106892,0.0012685838,5674169,eclipsing_binary
1805.3648024611343,1.1114762,0.0012690993,5674169,eclipsing_binary
1805.3661913135807,1.1122603,0.001271691,5674169,eclipsing_binary
1805.367580166028,1.1143686,0.0012708216,5674169,eclipsing_binary
1805.3689690184751,1.1157362,0.0012738281,5674169,eclipsing_binary
1805.3703578709224,1.1169468,0.0012735635,5674169,eclipsing_binary
1805.3717467233698,1.118643,0.0012734877,5674169,eclipsing_binary
1805.3731355753516,1.1202064,0.00127106,5674169,eclipsing_binary
1805.3745244277989,1.1204574,0.0012723272,5674169,eclipsing_binary
1805.3759132802452,1.12036,0.0012723572,5674169,eclipsing_binary
1805.3773021326924,1.1212257,0.0012732851,5674169,eclipsing_binary
1805.3786909851397,1.1198444,0.0012734948,5674169,eclipsing_binary
1805.3800798371215,1.1160274,0.0012748287,5674169,eclipsing_binary
1805.381468689569,1.1171455,0.0012710299,5674169,eclipsing_binary
1805.3828575420152,1.1151183,0.0012704981,5674169,eclipsing_binary
1805.3842463939968,1.1107137,0.0012707942,5674169,eclipsing_binary
1805.385635246445,1.1080163,0.0012692286,5674169,eclipsing_binary
1805.3870240988922,1.1064062,0.001272516,5674169,eclipsing_binary
1805.3884129513385,1.1031828,0.0012687106,5674169,eclipsing_binary
1805.3898018033196,1.1016676,0.0012677339,5674169,eclipsing_binary
1805.3911906557678,1.098297,0.0012662088,5674169,eclipsing_binary
1805.3925795082155,1.0938294,0.0012673677,5674169,eclipsing_binary
1805.3939683601966,1.0876784,0.0012693123,5674169,eclipsing_binary
1805.395357212643,1.0843295,0.001266145,5674169,eclipsing_binary
1805.396746064624,1.0784466,0.0012669273,5674169,eclipsing_binary
1805.398134917072,1.0742011,0.0012647618,5674169,eclipsing_binary
1805.3995237695199,1.0689896,0.0012641748,5674169,eclipsing_binary
1805.400912621501,1.0636533,0.0012643288,5674169,eclipsing_binary
1805.4023014739473,1.058237,0.0012620782,5674169,eclipsing_binary
1805.403690325929,1.0531579,0.0012657177,5674169,eclipsing_binary
1805.405079178377,1.0466108,0.00125907,5674169,eclipsing_binary
1805.4064680303586,1.0407304,0.0012586508,5674169,eclipsing_binary
1805.4078568828052,1.0346192,0.0012563475,5674169,eclipsing_binary
1805.409245734786,1.0275781,0.0012604912,5674169,eclipsing_binary
1805.4106345872333,1.0224634,0.0012580906,5674169,eclipsing_binary
1805.4120234392158,1.0145594,0.0012555256,5674169,eclipsing_binary
1805.413412291663,1.0092484,0.0012522398,5674169,eclipsing_binary
1805.4148011436437,1.001459,0.0012508418,5674169,eclipsing_binary
1805.4161899960911,0.99244213,0.0012535629,5674169,eclipsing_binary
1805.417578848073,0.98548776,0.0012492004,5674169,eclipsing_binary
1805.4189677005202,0.9771396,0.0012486224,5674169,eclipsing_binary
1805.4203565525017,0.9655891,0.001245966,5674169,eclipsing_binary
1805.421745404949,0.95547205,0.0012440146,5674169,eclipsing_binary
1805.4231342569306,0.94390285,0.0012410375,5674169,eclipsing_binary
1805.4245231089112,0.9322229,0.0012404938,5674169,eclipsing_binary
1805.4259119613587,0.9217001,0.0012406837,5674169,eclipsing_binary
1805.428689665322,0.89643633,0.0012341563,5674169,eclipsing_binary
1805.4300785177693,0.88404226,0.0012309204,5674169,eclipsing_binary
1805.43146736975,0.87112087,0.0012288908,5674169,eclipsing_binary
1805.4328562217315,0.8570631,0.0012308836,5674169,eclipsing_binary
1805.4342450741797,0.84389144,0.001227225,5674169,eclipsing_binary
1805.4356339261612,0.83074003,0.0012283089,5674169,eclipsing_binary
1805.4398004825703,0.79621446,0.0012193685,5674169,eclipsing_binary
1805.4411893345527,0.7887919,0.0012148637,5674169,eclipsing_binary
1805.4425781865343,0.77957237,0.0012150153,5674169,eclipsing_binary
1805.443967038981,0.7773898,0.0012129495,5674169,eclipsing_binary
1805.4453558909618,0.7778334,0.0012136099,5674169,eclipsing_binary
1805.4467447429442,0.7768156,0.001214633,5674169,eclipsing_binary
1805.4481335949263,0.7779431,0.0012129548,5674169,eclipsing_binary
1805.4495224469074,0.7774141,0.0012135013,5674169,eclipsing_binary
1805.4509112993537,0.77665204,0.0012182103,5674169,eclipsing_binary
1805.4523001513355,0.7770221,0.001213749,5674169,eclipsing_binary
1805.4536890033178,0.7771786,0.0012138791,5674169,eclipsing_binary
1805.4550778552994,0.7768189,0.0012146365,5674169,eclipsing_binary
1805.4564667072805,0.7775191,0.0012144027,5674169,eclipsing_binary
1805.4578555592611,0.7771374,0.001213142,5674169,eclipsing_binary
1805.4592444112427,0.7784978,0.0012133681,5674169,eclipsing_binary
1805.4606332636909,0.77805823,0.0012152963,5674169,eclipsing_binary
1805.4620221156724,0.7797245,0.0012141884,5674169,eclipsing_binary
1805.4634109676535,0.7786545,0.0012128582,5674169,eclipsing_binary
1805.4647998196351,0.778722,0.0012142053,5674169,eclipsing_binary
1805.4661886716167,0.77996993,0.0012188065,5674169,eclipsing_binary
1805.4675775235983,0.7810467,0.0012146205,5674169,eclipsing_binary
1805.4689663755798,0.7814023,0.0012150403,5674169,eclipsing_binary
1805.4703552275614,0.7879747,0.0012151274,5674169,eclipsing_binary
1805.471744079543,0.7938589,0.0012193854,5674169,eclipsing_binary
1805.473132931524,0.80432105,0.0012225789,5674169,eclipsing_binary
1805.4745217835057,0.8151043,0.001219717,5674169,eclipsing_binary
1805.4759106354873,0.82876647,0.0012215792,5674169,eclipsing_binary
1805.4772994874688,0.8412329,0.0012251271,5674169,eclipsing_binary
1805.4786883394504,0.8552649,0.001227497,5674169,eclipsing_binary
1805.4800771914315,0.8697158,0.0012273093,5674169,eclipsing_binary
1805.481466043413,0.88158315,0.0012350495,5674169,eclipsing_binary
1805.4828548953951,0.8981346,0.001234263,5674169,eclipsing_binary
1805.4842437473767,0.9098589,0.0012410778,5674169,eclipsing_binary
1805.4856325988922,0.9211538,0.0012389059,5674169,eclipsing_binary
1805.4870214508728,0.93310875,0.0012403079,5674169,eclipsing_binary
1805.4884103028546,0.94880325,0.0012456387,5674169,eclipsing_binary
1805.4897991548369,0.95798546,0.001245059,5674169,eclipsing_binary
1805.4911880068184,0.9697385,0.0012456153,5674169,eclipsing_binary
1805.4925768587996,0.97858673,0.0012500002,5674169,eclipsing_binary
1805.4939657107802,0.98910767,0.0012523022,5674169,eclipsing_binary
1805.495354562297,0.9970641,0.0012515951,5674169,eclipsing_binary
1805.4967434142793,1.0045302,0.0012525336,5674169,eclipsing_binary
1805.4981322662602,1.014892,0.0012578595,5674169,eclipsing_binary
1805.4995211182413,1.0205569,0.0012541164,5674169,eclipsing_binary
1805.500909970223,1.0271885,0.001258566,5674169,eclipsing_binary
1805.5022988217393,1.0351443,0.0012576825,5674169,eclipsing_binary
1805.5036876737208,1.0406944,0.0012594318,5674169,eclipsing_binary
1805.505076525702,1.045303,0.0012664982,5674169,eclipsing_binary
1805.5064653776828,1.053569,0.0012598915,5674169,eclipsing_binary
1805.507854229199,1.058899,0.0012612888,5674169,eclipsing_binary
1805.509243081181,1.0651733,0.0012614008,5674169,eclipsing_binary
1805.5106319331626,1.0703926,0.0012631456,5674169,eclipsing_binary
1805.512020784678,1.0751586,0.0012628102,5674169,eclipsing_binary
1805.5134096366596,1.0816237,0.0012656369,5674169,eclipsing_binary
1805.5147984886412,1.0880654,0.001267098,5674169,eclipsing_binary
1805.516187340157,1.0945866,0.0012659387,5674169,eclipsing_binary
1805.5175761921387,1.0974494,0.0012666036,5674169,eclipsing_binary
1805.5189650441198,1.1018046,0.0012680907,5674169,eclipsing_binary
1805.5203538956357,1.1082952,0.0012698339,5674169,eclipsing_binary
1805.5217427476173,1.1105943,0.0012731587,5674169,eclipsing_binary
1805.5231315991332,1.1147885,0.0012707801,5674169,eclipsing_binary
1805.5245204511148,1.1173254,0.0012721504,5674169,eclipsing_binary
1805.5259093030963,1.12092,0.0012707383,5674169,eclipsing_binary
1805.5272981546123,1.1239539,0.0012730206,5674169,eclipsing_binary
1805.5286870065934,1.1263989,0.0012737614,5674169,eclipsing_binary
1805.5300758581093,1.128361,0.0012738282,5674169,eclipsing_binary
1805.5314647100913,1.128396,0.0012733646,5674169,eclipsing_binary
1805.5328535616075,1.1318725,0.001273246,5674169,eclipsing_binary
1805.5342424135883,1.1340057,0.0012794983,5674169,eclipsing_binary
1805.5356312651038,1.1324971,0.0012762997,5674169,eclipsing_binary
1805.5370201170854,1.1342381,0.0012757704,5674169,eclipsing_binary
1805.5384089686017,1.1337949,0.0012788103,5674169,eclipsing_binary
1805.5397978205833,1.1334995,0.0012764194,5674169,eclipsing_binary
1805.5411866720988,1.134646,0.0012734028,5674169,eclipsing_binary
1805.54257552408,1.131172,0.0012729677,5674169,eclipsing_binary
1805.5439643755963,1.1305128,0.0012741953,5674169,eclipsing_binary
1805.5453532275787,1.129538,0.0012732747,5674169,eclipsing_binary
1805.5467420790937,1.1265498,0.0012712445,5674169,eclipsing_binary
1805.5481309306092,1.1236296,0.001272053,5674169,eclipsing_binary
1805.5495197825908,1.1223913,0.0012736705,5674169,eclipsing_binary
1805.5509086341074,1.1182055,0.0012718634,5674169,eclipsing_binary
1805.5522974860892,1.1136619,0.0012771053,5674169,eclipsing_binary
1805.5536863376042,1.1104062,0.001274502,5674169,eclipsing_binary
1805.5550751891196,1.1049708,0.0012766435,5674169,eclipsing_binary
1805.5564640411012,1.0979953,0.0012680008,5674169,eclipsing_binary
1805.5578528926176,1.09441,0.0012677788,5674169,eclipsing_binary
1805.5592417441337,1.0899564,0.0012658662,5674169,eclipsing_binary
1805.5606305961146,1.0869986,0.0012672992,5674169,eclipsing_binary
1805.5620194476305,1.0794415,0.0012737254,5674169,eclipsing_binary
1805.5634082991464,1.0720643,0.0012645469,5674169,eclipsing_binary
1805.5647971506623,1.065015,0.0012631704,5674169,eclipsing_binary
1805.566186002644,1.0600374,0.0012601936,5674169,eclipsing_binary
1805.5675748541594,1.0531895,0.0012640314,5674169,eclipsing_binary
1805.5689637056753,1.0460659,0.001261552,5674169,eclipsing_binary
1805.5703525571912,1.0392723,0.0012565842,5674169,eclipsing_binary
1805.5717414091728,1.0322311,0.0012563381,5674169,eclipsing_binary
1805.5731302606887,1.0240775,0.0012556833,5674169,eclipsing_binary
1805.5745191122046,1.0153774,0.0012552643,5674169,eclipsing_binary
1805.5759079637205,1.0080684,0.001252449,5674169,eclipsing_binary
1805.577296815236,0.9976184,0.0012560908,5674169,eclipsing_binary
1805.5786856667519,0.9879814,0.0012511985,5674169,eclipsing_binary
1805.5800745187344,0.9770392,0.0012481629,5674169,eclipsing_binary
1805.5814633702503,0.966736,0.0012468288,5674169,eclipsing_binary
1805.5828522217653,0.955955,0.0012432822,5674169,eclipsing_binary
1805.5842410732807,0.9461801,0.0012418574,5674169,eclipsing_binary
1805.5856299247966,0.933653,0.0012414472,5674169,eclipsing_binary
1805.5870187763132,0.9215941,0.0012393342,5674169,eclipsing_binary
1805.5884076278294,0.90905154,0.001235899,5674169,eclipsing_binary
1805.5897964793444,0.89675075,0.0012344138,5674169,eclipsing_binary
1805.5911853308598,0.8835059,0.0012309072,5674169,eclipsing_binary
1805.5925741823762,0.8708729,0.0012333606,5674169,eclipsing_binary
1805.5939630343587,0.85691315,0.0012297506,5674169,eclipsing_binary
1805.595351885874,0.8446607,0.0012314,5674169,eclipsing_binary
1805.5967407373892,0.8318494,0.0012214405,5674169,eclipsing_binary
1805.598129588905,0.8199628,0.001221969,5674169,eclipsing_binary
1805.599518440422,0.80858254,0.0012187454,5674169,eclipsing_binary
1805.6009072919378,0.799428,0.0012161756,5674169,eclipsing_binary
1805.6022961434528,0.7914646,0.0012155363,5674169,eclipsing_binary
1805.6036849949683,0.7883787,0.0012157777,5674169,eclipsing_binary
1805.6064626975353,0.7828521,0.0012138732,5674169,eclipsing_binary
1805.6078515490512,0.7830743,0.0012148602,5674169,eclipsing_binary
1805.6092404005663,0.7811659,0.0012127523,5674169,eclipsing_binary
1805.6106292520822,0.7797158,0.0012137087,5674169,eclipsing_binary
1805.612018103598,0.777863,0.0012154424,5674169,eclipsing_binary
1805.6134069551142,0.7784853,0.0012147683,5674169,eclipsing_binary
1805.6147958066304,0.77733034,0.0012120218,5674169,eclipsing_binary
1805.6161846581454,0.7768037,0.0012115338,5674169,eclipsing_binary
1805.6175735096613,0.7766039,0.0012124905,5674169,eclipsing_binary
1805.6189623607124,0.77722216,0.0012153381,5674169,eclipsing_binary
1805.6203512122283,0.7779403,0.0012123589,5674169,eclipsing_binary
1805.6217400637436,0.7787781,0.0012157934,5674169,eclipsing_binary
1805.6231289152597,0.77961516,0.0012151412,5674169,eclipsing_binary
1805.6245177667756,0.78056294,0.0012132811,5674169,eclipsing_binary
1805.6259066178259,0.78296816,0.0012133669,5674169,eclipsing_binary
1805.6272954693418,0.7845327,0.0012151069,5674169,eclipsing_binary
1805.6286843208577,0.7886483,0.001217884,5674169,eclipsing_binary
1805.6300731723736,0.79756415,0.0012178761,5674169,eclipsing_binary
1805.6314620238888,0.8061604,0.0012180958,5674169,eclipsing_binary
1805.6328508749393,0.81900585,0.0012245545,5674169,eclipsing_binary
1805.6342397264552,0.83060867,0.0012278551,5674169,eclipsing_binary
1805.6356285779711,0.8426044,0.0012244233,5674169,eclipsing_binary
1805.6370174290214,0.8549152,0.0012300935,5674169,eclipsing_binary
1805.6384062805364,0.8667413,0.0012282188,5674169,eclipsing_binary
1805.6397951320525,0.88053864,0.0012352684,5674169,eclipsing_binary
1805.6411839831035,0.89268965,0.0012334542,5674169,eclipsing_binary
1805.6425728346194,0.9068594,0.0012364581,5674169,eclipsing_binary
1805.6439616861348,0.91649204,0.0012408361,5674169,eclipsing_binary
1805.6453505371842,0.92973804,0.0012429877,5674169,eclipsing_binary
1805.646739388701,0.94076,0.0012451323,5674169,eclipsing_binary
1805.6481282402176,0.95076716,0.0012459246,5674169,eclipsing_binary
1805.6495170912672,0.9623,0.0012465541,5674169,eclipsing_binary
1805.6509059427826,0.97142494,0.0012525754,5674169,eclipsing_binary
1805.652294793832,0.9814319,0.0012480661,5674169,eclipsing_binary
1805.6536836453488,0.9888231,0.0012500315,5674169,eclipsing_binary
1805.6550724968652,0.99876416,0.0012512153,5674169,eclipsing_binary
1805.656461347915,1.0066496,0.0012527131,5674169,eclipsing_binary
1805.6578501994302,1.0150487,0.001255407,5674169,eclipsing_binary
1805.6592390504807,1.0220128,0.0012545177,5674169,eclipsing_binary
1805.660627901997,1.0319043,0.0012566791,5674169,eclipsing_binary
1805.6620167530473,1.0370557,0.0012576407,5674169,eclipsing_binary
1805.6634056045627,1.0422819,0.0012592527,5674169,eclipsing_binary
1805.664794455612,1.0492187,0.0012602757,5674169,eclipsing_binary
1805.666183307128,1.0563824,0.0012603179,5674169,eclipsing_binary
1805.6675721581792,1.0614973,0.0012620166,5674169,eclipsing_binary
1805.668961009695,1.0685619,0.0012641903,5674169,eclipsing_binary
1805.6703498607449,1.0742707,0.0012638156,5674169,eclipsing_binary
1805.6717387122608,1.0763218,0.0012627621,5674169,eclipsing_binary
1805.673127563311,1.0825768,0.0012647592,5674169,eclipsing_binary
1805.6745164143613,1.0885537,0.0012645792,5674169,eclipsing_binary
1805.6759052658772,1.0923717,0.0012670722,5674169,eclipsing_binary
1805.6772941169274,1.0955528,0.0012691146,5674169,eclipsing_binary
1805.6786829684434,1.0993952,0.0012694503,5674169,eclipsing_binary
1805.6800718194932,1.1036587,0.0012705497,5674169,eclipsing_binary
1805.6814606705434,1.1080033,0.0012691409,5674169,eclipsing_binary
1805.6828495220593,1.1102422,0.0012699614,5674169,eclipsing_binary
1805.6842383731096,1.1127269,0.0012706111,5674169,eclipsing_binary
1805.6856272241598,1.1162783,0.0012698288,5674169,eclipsing_binary
1805.6870160756753,1.1166707,0.0012712015,5674169,eclipsing_binary
1805.6884049267255,1.1181986,0.0012725847,5674169,eclipsing_binary
1805.6897937777762,1.1191303,0.0012764431,5674169,eclipsing_binary
1805.6911826292921,1.1182016,0.0012731823,5674169,eclipsing_binary
1805.692571480342,1.1228395,0.0012802659,5674169,eclipsing_binary
1805.6939603313915,1.1190183,0.0012719159,5674169,eclipsing_binary
1805.6953491824424,1.1216574,0.0012753922,5674169,eclipsing_binary
1805.6967380339593,1.1191313,0.0012716389,5674169,eclipsing_binary
1805.6981268850086,1.1177332,0.0012705682,5674169,eclipsing_binary
1805.6995157360584,1.1168922,0.0012709984,5674169,eclipsing_binary
1805.7009045871077,1.1138961,0.0012769481,5674169,eclipsing_binary
1805.702293438159,1.1117338,0.0012689856,5674169,eclipsing_binary
1805.7036822896757,1.1114045,0.0012697952,5674169,eclipsing_binary
1805.705071140725,1.1070718,0.0012725103,5674169,eclipsing_binary
1805.7064599917749,1.1054587,0.0012690881,5674169,eclipsing_binary
1805.7078488428251,1.1017227,0.0012724499,5674169,eclipsing_binary
1805.7092376938758,1.096771,0.0012715437,5674169,eclipsing_binary
1805.710626544926,1.0931097,0.0012666042,5674169,eclipsing_binary
1805.7120153964415,1.0898856,0.0012685865,5674169,eclipsing_binary
1805.7134042474913,1.0842216,0.0012672001,5674169,eclipsing_binary
1805.7147930985416,1.0798275,0.0012699352,5674169,eclipsing_binary
1805.7161819495923,1.0736545,0.0012656419,5674169,eclipsing_binary
1805.7175708006425,1.070513,0.0012639601,5674169,eclipsing_binary
1805.7189596516923,1.0642146,0.0012712321,5674169,eclipsing_binary
1805.7203485027426,1.0586574,0.0012638601,5674169,eclipsing_binary
1805.7217373537928,1.054242,0.0012616031,5674169,eclipsing_binary
1805.723126204843,1.048599,0.0012590515,5674169,eclipsing_binary
1805.7245150558933,1.0401524,0.0012585674,5674169,eclipsing_binary
1805.7259039069436,1.0352213,0.0012564003,5674169,eclipsing_binary
1805.7272927579938,1.0288045,0.001259559,5674169,eclipsing_binary
1805.7286816090436,1.0236155,0.0012545068,5674169,eclipsing_binary
1805.7300704600939,1.0151815,0.0012546848,5674169,eclipsing_binary
1805.7314593111441,1.0086544,0.001253039,5674169,eclipsing_binary
1805.7328481621944,1.0027298,0.0012511854,5674169,eclipsing_binary
1805.7342370132446,0.9952433,0.0012507738,5674169,eclipsing_binary
1805.7356258642944,0.98562074,0.0012484866,5674169,eclipsing_binary
1805.7370147153447,0.9780658,0.0012515171,5674169,eclipsing_binary
1805.7384035663956,0.9675035,0.0012468181,5674169,eclipsing_binary
1805.739792417446,0.95836204,0.001245072,5674169,eclipsing_binary
1805.7411812684954,0.9470188,0.0012488103,5674169,eclipsing_binary
1805.7425701195452,0.93407464,0.0012418263,5674169,eclipsing_binary
1805.743958970596,0.92318285,0.001239278,5674169,eclipsing_binary
1805.7453478211814,0.91200894,0.0012363265,5674169,eclipsing_binary
1805.746736672231,0.8999997,0.001234127,5674169,eclipsing_binary
1805.7481255232806,0.8863104,0.0012317856,5674169,eclipsing_binary
1805.7495143743304,0.872479,0.0012324295,5674169,eclipsing_binary
1805.750903225381,0.86042136,0.0012272615,5674169,eclipsing_binary
1805.7522920764322,0.848303,0.0012275234,5674169,eclipsing_binary
1805.753680927016,0.83310944,0.0012233208,5674169,eclipsing_binary
1805.7550697780657,0.82035184,0.0012242817,5674169,eclipsing_binary
1805.756458629116,0.8093239,0.0012212201,5674169,eclipsing_binary
1805.7578474801671,0.7999838,0.0012167896,5674169,eclipsing_binary
1805.7592363312174,0.7883269,0.0012150409,5674169,eclipsing_binary
1805.760625181801,0.7820886,0.0012154545,5674169,eclipsing_binary
1805.7620140328513,0.77762836,0.00121247,5674169,eclipsing_binary
1805.7634028839016,0.7782465,0.0012115999,5674169,eclipsing_binary
1805.7647917344864,0.77880836,0.0012151101,5674169,eclipsing_binary
1805.7661805855369,0.7775839,0.001211171,5674169,eclipsing_binary
1805.7675694365862,0.77687603,0.0012125374,5674169,eclipsing_binary
1805.7689582876365,0.77566946,0.0012150822,5674169,eclipsing_binary
1805.770347138221,0.77719164,0.0012131699,5674169,eclipsing_binary
1805.7717359892713,0.77860993,0.0012123517,5674169,eclipsing_binary
1805.7731248403215,0.7776641,0.0012134718,5674169,eclipsing_binary
1805.7745136909064,0.7769759,0.0012185808,5674169,eclipsing_binary
1805.7759025419568,0.7784353,0.0012192304,5674169,eclipsing_binary
1805.7772913930062,0.7784407,0.0012159677,5674169,eclipsing_binary
1805.7786802435908,0.77957356,0.0012138584,5674169,eclipsing_binary
1805.780069094641,0.7791347,0.0012181005,5674169,eclipsing_binary
1805.7814579452256,0.7793227,0.0012174295,5674169,eclipsing_binary
1805.782846796276,0.7792803,0.0012122348,5674169,eclipsing_binary
1805.7842356473257,0.7808732,0.001215231,5674169,eclipsing_binary
1805.7856244979102,0.7805166,0.001212269,5674169,eclipsing_binary
1805.7870133489614,0.7803132,0.0012128665,5674169,eclipsing_binary
1805.788402199546,0.7850956,0.0012147204,5674169,eclipsing_binary
1805.7897910505953,0.7932433,0.0012184652,5674169,eclipsing_binary
1805.7911799011795,0.8041591,0.0012199433,5674169,eclipsing_binary
1805.7925687522304,0.8144467,0.0012182086,5674169,eclipsing_binary
1805.7939576028157,0.8279445,0.0012228738,5674169,eclipsing_binary
1805.7953464538655,0.83975524,0.001225444,5674169,eclipsing_binary
1805.7967353044492,0.85384214,0.0012302442,5674169,eclipsing_binary
1805.798124155499,0.867976,0.0012308594,5674169,eclipsing_binary
1805.799513006084,0.8799265,0.0012329044,5674169,eclipsing_binary
1805.8009018571352,0.89441884,0.0012325268,5674169,eclipsing_binary
1805.8022907077193,0.9081095,0.0012372021,5674169,eclipsing_binary
1805.803679558303,0.91951424,0.0012399753,5674169,eclipsing_binary
1805.8050684093532,0.93315166,0.0012404823,5674169,eclipsing_binary
1805.8064572599387,0.9443634,0.0012426932,5674169,eclipsing_binary
1805.807846110989,0.9564134,0.0012450749,5674169,eclipsing_binary
1805.8092349615727,0.96705973,0.0012472911,5674169,eclipsing_binary
1805.8106238121575,0.97714174,0.0012486962,5674169,eclipsing_binary
1805.812012663208,0.98734546,0.0012505131,5674169,eclipsing_binary
1805.8134015137925,0.9956189,0.0012506323,5674169,eclipsing_binary
1805.8147903648428,1.003538,0.0012522545,5674169,eclipsing_binary
1805.8161792154265,1.0131103,0.0012530364,5674169,eclipsing_binary
1805.817568066011,1.0203013,0.0012572077,5674169,eclipsing_binary
1805.8189569165959,1.0259384,0.0012550148,5674169,eclipsing_binary
1805.8203457676464,1.0336635,0.0012583857,5674169,eclipsing_binary
1805.821734618231,1.040595,0.0012582759,5674169,eclipsing_binary
1805.8231234688155,1.0460418,0.0012638242,5674169,eclipsing_binary
1805.8245123198658,1.0511053,0.0012585517,5674169,eclipsing_binary
1805.8259011704495,1.0582039,0.0012655419,5674169,eclipsing_binary
1805.8272900210343,1.0641961,0.0012614912,5674169,eclipsing_binary
1805.8286788716196,1.0691508,0.0012632319,5674169,eclipsing_binary
1805.8300677226698,1.0750709,0.0012659158,5674169,eclipsing_binary
1805.831456573254,1.081561,0.001266221,5674169,eclipsing_binary
1805.8328454238376,1.0863346,0.0012659646,5674169,eclipsing_binary
1805.8342342744222,1.0905273,0.001266671,5674169,eclipsing_binary
1805.8356231250077,1.0966204,0.0012711865,5674169,eclipsing_binary
1805.837011976058,1.1011387,0.0012692729,5674169,eclipsing_binary
1805.838400826642,1.1059604,0.0012689034,5674169,eclipsing_binary
1805.8397896772258,1.1110256,0.001272484,5674169,eclipsing_binary
1805.8411785278113,1.1141524,0.0012713519,5674169,eclipsing_binary
1805.8425673783963,1.1165364,0.0012694554,5674169,eclipsing_binary
1805.8439562289805,1.1212542,0.0012712367,5674169,eclipsing_binary
1805.8453450795641,1.123646,0.0012714972,5674169,eclipsing_binary
1805.8467339306146,1.126757,0.0012747217,5674169,eclipsing_binary
1805.8481227812,1.1281325,0.0012719316,5674169,eclipsing_binary
1805.8495116317845,1.1291184,0.0012719339,5674169,eclipsing_binary
1805.8509004823686,1.130673,0.0012728177,5674169,eclipsing_binary
1805.8522893329523,1.1338044,0.0012745938,5674169,eclipsing_binary
1805.8536781835369,1.1342618,0.0012746381,5674169,eclipsing_binary
1805.8550670341224,1.1358577,0.0012734077,5674169,eclipsing_binary
1805.856455884707,1.1338574,0.001274602,5674169,eclipsing_binary
1805.857844735291,1.1337329,0.0012745708,5674169,eclipsing_binary
1805.8592335858757,1.1325451,0.0012721076,5674169,eclipsing_binary
1805.8606224364603,1.1306921,0.0012747789,5674169,eclipsing_binary
1805.8620112870449,1.1289393,0.0012742826,5674169,eclipsing_binary
1805.8634001376295,1.1283275,0.0012736035,5674169,eclipsing_binary
1805.8647889882136,1.1248758,0.0012722047,5674169,eclipsing_binary
1805.8661778387982,1.1235068,0.0012733369,5674169,eclipsing_binary
1805.8675666893828,1.1200659,0.0012756007,5674169,eclipsing_binary
1805.8689555399674,1.1170028,0.0012738638,5674169,eclipsing_binary
1805.870344390552,1.1183287,0.001270556,5674169,eclipsing_binary
1805.8717332411366,1.1097896,0.0012734986,5674169,eclipsing_binary
1805.8731220917211,1.1052884,0.0012680964,5674169,eclipsing_binary
1805.8745109418396,1.1014742,0.0012683275,5674169,eclipsing_binary
1805.8758997924242,1.095852,0.0012662765,5674169,eclipsing_binary
1805.8772886430093,1.0905995,0.0012664021,5674169,eclipsing_binary
1805.8786774935938,1.0847609,0.0012717881,5674169,eclipsing_binary
1805.880066344178,1.079854,0.001264536,5674169,eclipsing_binary
1805.8814551947619,1.0740875,0.0012647626,5674169,eclipsing_binary
1805.8828440453467,1.0661213,0.0012637632,5674169,eclipsing_binary
1805.884232895466,1.0605214,0.0012628933,5674169,eclipsing_binary
1805.8856217460507,1.054886,0.0012637824,5674169,eclipsing_binary
1805.8870105966348,1.0460659,0.0012591329,5674169,eclipsing_binary
1805.8883994472185,1.0408012,0.00125754,5674169,eclipsing_binary
1805.889788297804,1.0333748,0.0012561523,5674169,eclipsing_binary
1805.8911771479238,1.0253026,0.0012555612,5674169,eclipsing_binary
1805.8925659985075,1.01519,0.0012583651,5674169,eclipsing_binary
1805.8939548490916,1.0081311,0.0012518617,5674169,eclipsing_binary
1805.8953436996762,0.9971535,0.0012500486,5674169,eclipsing_binary
1805.8967325497956,0.9890712,0.0012480958,5674169,eclipsing_binary
1805.8981214003802,0.9789489,0.0012488636,5674169,eclipsing_binary
1805.8995102509643,0.9688579,0.0012454535,5674169,eclipsing_binary
1805.9008991015485,0.9596459,0.0012453776,5674169,eclipsing_binary
1805.9022879516674,0.9469546,0.0012406945,5674169,eclipsing_binary
1805.9036768022524,0.93373215,0.0012402763,5674169,eclipsing_binary
1805.905065652837,0.92417854,0.0012389381,5674169,eclipsing_binary
1805.9064545029555,0.9112819,0.0012347421,5674169,eclipsing_binary
1805.90784335354,0.8981812,0.0012343164,5674169,eclipsing_binary
1805.9092322041247,0.8846138,0.0012317323,5674169,eclipsing_binary
1805.9106210542436,0.87080204,0.0012297495,5674169,eclipsing_binary
1805.9120099048282,0.85816926,0.0012281133,5674169,eclipsing_binary
1805.9133987549471,0.84622085,0.0012236508,5674169,eclipsing_binary
1805.9147876055317,0.83312243,0.0012244931,5674169,eclipsing_binary
1805.9161764561159,0.82139766,0.0012214639,5674169,eclipsing_binary
1805.9175653062348,0.80960745,0.0012179706,5674169,eclipsing_binary
1805.9189541568194,0.8000777,0.001216559,5674169,eclipsing_binary
1805.9203430069383,0.79228127,0.0012164512,5674169,eclipsing_binary
1805.921731857523,0.7883179,0.0012143021,5674169,eclipsing_binary
1805.9231207076414,0.78586483,0.0012143514,5674169,eclipsing_binary
1805.924509558226,0.782446,0.0012151259,5674169,eclipsing_binary
1805.9258984083456,0.78299165,0.0012153264,5674169,eclipsing_binary
1805.9272872589304,0.78113866,0.0012196752,5674169,eclipsing_binary
1805.9286761090484,0.7794539,0.0012133435,5674169,eclipsing_binary
1805.930064959633,0.779307,0.0012208676,5674169,eclipsing_binary
1805.9314538097528,0.7770172,0.0012207958,5674169,eclipsing_binary
1805.9328426603374,0.7778956,0.001212449,5674169,eclipsing_binary
1805.9342315104554,0.77633333,0.0012138849,5674169,eclipsing_binary
1805.9356203610396,0.77635735,0.0012127318,5674169,eclipsing_binary
1805.9370092111585,0.7767917,0.0012178873,5674169,eclipsing_binary
1805.938398061744,0.777196,0.0012132495,5674169,eclipsing_binary
1805.939786911863,0.77774936,0.0012127939,5674169,eclipsing_binary
1805.941175761981,0.77911067,0.0012165084,5674169,eclipsing_binary
1805.942564612565,0.7800718,0.0012159647,5674169,eclipsing_binary
1805.9439534626847,0.7828938,0.0012151726,5674169,eclipsing_binary
1805.94534231327,0.7824697,0.0012157217,5674169,eclipsing_binary
1805.9467311633884,0.78653157,0.0012146748,5674169,eclipsing_binary
1805.9481200135065,0.7963934,0.0012156041,5674169,eclipsing_binary
1805.949508864091,0.80482125,0.0012176976,5674169,eclipsing_binary
1805.950897714211,0.816073,0.0012240427,5674169,eclipsing_binary
1805.9522865643298,0.83040434,0.0012215482,5674169,eclipsing_binary
1805.953675414914,0.84073406,0.0012246559,5674169,eclipsing_binary
1805.955064265032,0.85415083,0.0012265452,5674169,eclipsing_binary
1805.956453115151,0.86661476,0.0012301492,5674169,eclipsing_binary
1805.9578419652707,0.87928665,0.0012299565,5674169,eclipsing_binary
1805.9592308158553,0.89165854,0.0012335166,5674169,eclipsing_binary
1805.9606196659734,0.9051474,0.0012333376,5674169,eclipsing_binary
1805.9620085160925,0.9183191,0.0012403367,5674169,eclipsing_binary
1805.9633973662117,0.9284132,0.0012410294,5674169,eclipsing_binary
1805.9647862167963,0.93830305,0.0012409034,5674169,eclipsing_binary
1805.9661750669152,0.9515491,0.0012442879,5674169,eclipsing_binary
1805.967563917034,0.9615227,0.0012500129,5674169,eclipsing_binary
1805.968952767153,0.9723869,0.0012519185,5674169,eclipsing_binary
1805.970341617271,0.9804956,0.0012470824,5674169,eclipsing_binary
1805.9717304678559,0.9892732,0.0012513307,5674169,eclipsing_binary
1805.973119317975,0.99866897,0.0012515823,5674169,eclipsing_binary
1805.974508168094,1.0051106,0.0012512828,5674169,eclipsing_binary
1805.975897018213,1.0140914,0.0012594428,5674169,eclipsing_binary
1805.977285868331,1.0219476,0.0012568518,5674169,eclipsing_binary
1805.9786747184498,1.0302596,0.0012616161,5674169,eclipsing_binary
1805.9800635685697,1.0355784,0.0012573706,5674169,eclipsing_binary
1805.9814524191543,1.0424083,0.0012620615,5674169,eclipsing_binary
1805.9828412692727,1.0501143,0.0012598586,5674169,eclipsing_binary
1805.9842301193908,1.0545791,0.001260588,5674169,eclipsing_binary
1805.9856189695106,1.0601305,0.0012683158,5674169,eclipsing_binary
1805.98700781963,1.0659616,0.0012650664,5674169,eclipsing_binary
1805.9883966697485,1.0725569,0.0012645912,5674169,eclipsing_binary
1805.989785519867,1.076545,0.0012685618,5674169,eclipsing_binary
1805.991174369985,1.0825334,0.0012687886,5674169,eclipsing_binary
1805.9925632201048,1.0871425,0.0012673029,5674169,eclipsing_binary
1805.9939520702242,1.0914094,0.0012662103,5674169,eclipsing_binary
1805.9953409203426,1.0963849,0.001266168,5674169,eclipsing_binary
1805.9967297704607,1.100762,0.0012679072,5674169,eclipsing_binary
1805.9981186205798,1.1032823,0.0012691627,5674169,eclipsing_binary
1805.9995074706994,1.1084846,0.0012728639,5674169,eclipsing_binary
1806.0008963208184,1.1108853,0.0012687747,5674169,eclipsing_binary
1806.0022851709368,1.1129917,0.0012693043,5674169,eclipsing_binary
1806.0036740210558,1.1144474,0.0012695824,5674169,eclipsing_binary
1806.0050628711747,1.1165909,0.0012701033,5674169,eclipsing_binary
1806.0064517212936,1.1179816,0.0012705696,5674169,eclipsing_binary
1806.0078405714125,1.1185335,0.0012734991,5674169,eclipsing_binary
1806.0092294210654,1.120496,0.0012749688,5674169,eclipsing_binary
1806.0106182711843,1.1207173,0.0012721487,5674169,eclipsing_binary
1806.0120071213032,1.1199722,0.0012716856,5674169,eclipsing_binary
1806.0133959714221,1.1181835,0.0012704225,5674169,eclipsing_binary
1806.014784821541,1.1197888,0.0012730547,5674169,eclipsing_binary
1806.01617367166,1.1164602,0.0012751225,5674169,eclipsing_binary
1806.017562521779,1.116754,0.0012721176,5674169,eclipsing_binary
1806.0189513718974,1.1151358,0.0012699356,5674169,eclipsing_binary
1806.0203402215507,1.1127566,0.0012733513,5674169,eclipsing_binary
1806.0217290716696,1.1097668,0.0012752427,5674169,eclipsing_binary
1806.0231179217885,1.1068068,0.0012732984,5674169,eclipsing_binary
1806.0245067719075,1.106256,0.0012687116,5674169,eclipsing_binary
1806.025895622026,1.1014856,0.0012695307,5674169,eclipsing_binary
1806.0272844716792,1.0963984,0.0012683199,5674169,eclipsing_binary
1806.0286733217986,1.0941813,0.0012672734,5674169,eclipsing_binary
1806.0300621719175,1.088419,0.0012658844,5674169,eclipsing_binary
1806.031451022036,1.0856488,0.0012699631,5674169,eclipsing_binary
1806.0328398716883,1.0795456,0.0012634721,5674169,eclipsing_binary
1806.0342287218082,1.0748066,0.001264542,5674169,eclipsing_binary
1806.035617571928,1.0698911,0.0012660068,5674169,eclipsing_binary
1806.0370064215804,1.0646218,0.0012618494,5674169,eclipsing_binary
1806.0383952716988,1.0570197,0.0012624386,5674169,eclipsing_binary
1806.0397841218169,1.0534272,0.0012619125,5674169,eclipsing_binary
1806.041172971471,1.0479758,0.0012687964,5674169,eclipsing_binary
1806.0425618215907,1.0439847,0.0012591451,5674169,eclipsing_binary
1806.043950671709,1.0349334,0.0012585043,5674169,eclipsing_binary
1806.0453395213617,1.0300951,0.0012585123,5674169,eclipsing_binary
1806.0467283714806,1.0229762,0.001255814,5674169,eclipsing_binary
1806.0481172216,1.0170242,0.0012545872,5674169,eclipsing_binary
1806.0495060712533,1.0091236,0.0012552387,5674169,eclipsing_binary
1806.0508949213718,1.0024971,0.0012569828,5674169,eclipsing_binary
1806.052283771025,0.9945281,0.0012496297,5674169,eclipsing_binary
1806.053672621144,0.9848957,0.0012487506,5674169,eclipsing_binary
1806.055061471263,0.97649086,0.0012479995,5674169,eclipsing_binary
1806.0564503209162,0.96662784,0.0012447218,5674169,eclipsing_binary
1806.0578391710346,0.9584514,0.0012443698,5674169,eclipsing_binary
1806.059228020688,0.946868,0.001241985,5674169,eclipsing_binary
1806.0606168708068,0.93742037,0.0012411276,5674169,eclipsing_binary
1806.06200572046,0.924299,0.0012429797,5674169,eclipsing_binary
1806.063394570579,0.9118501,0.0012367553,5674169,eclipsing_binary
1806.0647834202323,0.9001469,0.0012330302,5674169,eclipsing_binary
1806.0661722703512,0.8857655,0.0012364059,5674169,eclipsing_binary
1806.067561120004,0.87338454,0.00123315,5674169,eclipsing_binary
1806.068949970123,0.8616067,0.0012270419,5674169,eclipsing_binary
1806.0703388197771,0.8464315,0.0012246018,5674169,eclipsing_binary
1806.071727669896,0.8333791,0.0012249614,5674169,eclipsing_binary
1806.0731165195484,0.8205999,0.001224887,5674169,eclipsing_binary
1806.0745053692012,0.8094748,0.0012207285,5674169,eclipsing_binary
1806.0758942193202,0.7982607,0.0012179131,5674169,eclipsing_binary
1806.0772830689739,0.7891942,0.0012151151,5674169,eclipsing_binary
1806.078671919093,0.7817085,0.0012137954,5674169,eclipsing_binary
1806.0800607687456,0.7773536,0.0012192063,5674169,eclipsing_binary
1806.0814496183984,0.7765556,0.0012135464,5674169,eclipsing_binary
1806.0828384685178,0.7788812,0.001216192,5674169,eclipsing_binary
1806.084227318172,0.77692413,0.0012128156,5674169,eclipsing_binary
1806.0856161678244,0.7774269,0.0012143517,5674169,eclipsing_binary
1806.0870050179428,0.7772738,0.0012134819,5674169,eclipsing_binary
1806.088393867596,0.7750874,0.0012153356,5674169,eclipsing_binary
1806.0897827172503,0.77657753,0.0012130203,5674169,eclipsing_binary
1806.0911715673692,0.7765446,0.0012119325,5674169,eclipsing_binary
1806.0925604170216,0.77599293,0.0012123155,5674169,eclipsing_binary
1806.0939492666744,0.77638954,0.0012158602,5674169,eclipsing_binary
1806.0953381167933,0.7767424,0.0012147222,5674169,eclipsing_binary
1806.0967269664472,0.7773588,0.0012141798,5674169,eclipsing_binary
1806.0981158161007,0.7769065,0.0012121586,5674169,eclipsing_binary
1806.099504665753,0.7783116,0.0012129806,5674169,eclipsing_binary
1806.100893515872,0.7788181,0.0012151322,5674169,eclipsing_binary
1806.1022823655253,0.77916175,0.0012135456,5674169,eclipsing_binary
1806.1036712151786,0.78051454,0.0012165229,5674169,eclipsing_binary
1806.105060064832,0.7808947,0.0012139922,5674169,eclipsing_binary
1806.1064489144856,0.7843587,0.0012190928,5674169,eclipsing_binary
1806.1078377646045,0.7920177,0.0012139656,5674169,eclipsing_binary
1806.1092266142568,0.8016734,0.0012166365,5674169,eclipsing_binary
1806.11061546391,0.81236625,0.0012226198,5674169,eclipsing_binary
1806.1120043135634,0.82377,0.0012222667,5674169,eclipsing_binary
1806.1133931632169,0.8397255,0.0012225992,5674169,eclipsing_binary
1806.1147820128704,0.8522433,0.0012304857,5674169,eclipsing_binary
1806.1161708625227,0.86602855,0.0012292764,5674169,eclipsing_binary
1806.1175597126417,0.8792159,0.0012323442,5674169,eclipsing_binary
1806.1189485622958,0.89369464,0.0012337866,5674169,eclipsing_binary
1806.120337411949,0.9055152,0.0012349094,5674169,eclipsing_binary
1806.1217262616015,0.9172895,0.0012379857,5674169,eclipsing_binary
1806.1231151112543,0.9313917,0.0012385462,5674169,eclipsing_binary
1806.1245039609084,0.9441378,0.0012415621,5674169,eclipsing_binary
1806.1258928105622,0.9528845,0.0012424814,5674169,eclipsing_binary
1806.127281660215,0.96744436,0.0012468813,5674169,eclipsing_binary
1806.1286705098673,0.9761898,0.0012473825,5674169,eclipsing_binary
1806.1300593595201,0.9870238,0.0012509396,5674169,eclipsing_binary
1806.131448209174,0.99561024,0.0012511665,5674169,eclipsing_binary
1806.132837058828,1.0038246,0.0012535558,5674169,eclipsing_binary
1806.1342259084809,1.0124297,0.001255956,5674169,eclipsing_binary
1806.1356147581332,1.020351,0.0012549636,5674169,eclipsing_binary
1806.1370036077865,1.0254714,0.0012571018,5674169,eclipsing_binary
1806.1383924574407,1.0331446,0.0012640205,5674169,eclipsing_binary
1806.139781307094,1.039828,0.0012576936,5674169,eclipsing_binary
1806.1411701567465,1.0449721,0.0012589977,5674169,eclipsing_binary
1806.1425590064,1.0506687,0.0012675773,5674169,eclipsing_binary
1806.1439478560533,1.0576456,0.0012616884,5674169,eclipsing_binary
1806.1453367057065,1.0643924,0.0012640576,5674169,eclipsing_binary
1806.1467255553598,1.0690455,0.0012619171,5674169,eclipsing_binary
1806.1481144050122,1.0755829,0.001268958,5674169,eclipsing_binary
1806.1495032542,1.0801156,0.0012663221,5674169,eclipsing_binary
1806.1508921038535,1.086881,0.0012651791,5674169,eclipsing_binary
1806.1522809535068,1.0909958,0.0012671137,5674169,eclipsing_binary
1806.15366980316,1.0971028,0.0012706408,5674169,eclipsing_binary
1806.1550586528133,1.0995798,0.0012677585,5674169,eclipsing_binary
1806.1564475024666,1.1048211,0.0012728225,5674169,eclipsing_binary
1806.157836352119,1.1094115,0.001272493,5674169,eclipsing_binary
1806.1592252013068,1.1146529,0.0012699094,5674169,eclipsing_binary
1806.1606140509607,1.117143,0.0012703154,5674169,eclipsing_binary
1806.162002900614,1.1193815,0.0012723625,5674169,eclipsing_binary
1806.1633917502668,1.1237866,0.0012748461,5674169,eclipsing_binary
1806.1647805999191,1.1252769,0.0012731677,5674169,eclipsing_binary
1806.1661694491067,1.1276072,0.0012725214,5674169,eclipsing_binary
1806.167558298761,1.1299546,0.0012737118,5674169,eclipsing_binary
1806.1689471484142,1.132063,0.0012720318,5674169,eclipsing_binary
1806.170335998067,1.132645,0.0012758035,5674169,eclipsing_binary
1806.1717248472537,1.1362644,0.0012766299,5674169,eclipsing_binary
1806.1731136969079,1.1332761,0.0012733998,5674169,eclipsing_binary
1806.1745025465616,1.1343613,0.0012741663,5674169,eclipsing_binary
1806.1758913957487,1.1342397,0.0012747166,5674169,eclipsing_binary
1806.1772802454013,1.1325576,0.0012738098,5674169,eclipsing_binary
1806.1786690950548,1.1324875,0.0012747095,5674169,eclipsing_binary
1806.180057944243,1.130109,0.0012735373,5674169,eclipsing_binary
1806.1814467938962,1.1292391,0.0012741778,5674169,eclipsing_binary
1806.182835643549,1.1275556,0.0012718362,5674169,eclipsing_binary
1806.1842244927357,1.123973,0.0012776856,5674169,eclipsing_binary
1806.1856133423892,1.1198828,0.0012745773,5674169,eclipsing_binary
1806.187002192043,1.1164896,0.0012742421,5674169,eclipsing_binary
1806.1883910412307,1.1123013,0.0012749458,5674169,eclipsing_binary
1806.1897798908835,1.1117309,0.0012740464,5674169,eclipsing_binary
1806.1911687400711,1.1066725,0.0012740972,5674169,eclipsing_binary
1806.1925575897244,1.1030458,0.0012717717,5674169,eclipsing_binary
1806.1939464393777,1.0947579,0.0012677759,5674169,eclipsing_binary
1806.1953352885653,1.0909524,0.001269919,5674169,eclipsing_binary
1806.1967241382185,1.0877055,0.0012695485,5674169,eclipsing_binary
1806.1981129874061,1.0800519,0.0012673978,5674169,eclipsing_binary
1806.199501837059,1.0742154,0.0012638308,5674169,eclipsing_binary
1806.2008906862466,1.0679564,0.001264744,5674169,eclipsing_binary
1806.2022795358998,1.0630968,0.0012686136,5674169,eclipsing_binary
1806.2036683850874,1.0557748,0.0012628383,5674169,eclipsing_binary
1806.2050572347407,1.048248,0.0012598942,5674169,eclipsing_binary
1806.2064460839279,1.0399866,0.0012598959,5674169,eclipsing_binary
1806.2078349335811,1.0329163,0.0012574964,5674169,eclipsing_binary
1806.2092237827692,1.025402,0.0012564288,5674169,eclipsing_binary
1806.2106126324225,1.0154411,0.0012567905,5674169,eclipsing_binary
1806.2120014816096,1.0089866,0.0012538339,5674169,eclipsing_binary
1806.2133903307968,1.0004667,0.0012503833,5674169,eclipsing_binary
1806.2147791804505,0.98926413,0.0012500192,5674169,eclipsing_binary
1806.216168029639,0.9806621,0.0012474589,5674169,eclipsing_binary
1806.2175568792914,0.96894586,0.0012482437,5674169,eclipsing_binary
1806.2189457284785,0.95929974,0.0012471915,5674169,eclipsing_binary
1806.220334577666,0.9467583,0.0012425235,5674169,eclipsing_binary
1806.22172342732,0.93508804,0.0012420847,5674169,eclipsing_binary
1806.223112276508,0.9246204,0.0012420742,5674169,eclipsing_binary
1806.2245011256946,0.9111568,0.0012366275,5674169,eclipsing_binary
1806.2258899753474,0.89963067,0.0012339598,5674169,eclipsing_binary
1806.227278824535,0.88764185,0.001232143,5674169,eclipsing_binary
1806.228667673723,0.87321615,0.0012293614,5674169,eclipsing_binary
1806.2300565233766,0.8611859,0.0012281052,5674169,eclipsing_binary
1806.2314453725635,0.8478296,0.0012250096,5674169,eclipsing_binary
1806.232834221751,0.83563775,0.0012234852,5674169,eclipsing_binary
1806.2342230714044,0.8231,0.0012220033,5674169,eclipsing_binary
1806.235611920592,0.8119403,0.0012186208,5674169,eclipsing_binary
1806.2370007697796,0.8002919,0.0012211141,5674169,eclipsing_binary
1806.2383896189674,0.7922254,0.0012226634,5674169,eclipsing_binary
1806.239778468621,0.7879697,0.0012156902,5674169,eclipsing_binary
1806.2411673178085,0.7866626,0.0012144281,5674169,eclipsing_binary
1806.242556166996,0.7849576,0.0012139266,5674169,eclipsing_binary
1806.2439450161828,0.78371394,0.0012212894,5674169,eclipsing_binary
1806.2453338653704,0.78300786,0.0012185337,5674169,eclipsing_binary
1806.2467227150237,0.78016657,0.0012135361,5674169,eclipsing_binary
1806.2481115642115,0.77970695,0.0012140102,5674169,eclipsing_binary
1806.2495004133993,0.7789646,0.0012146811,5674169,eclipsing_binary
1806.250889262587,0.77840686,0.0012131298,5674169,eclipsing_binary
1806.2522781117746,0.77723277,0.0012206633,5674169,eclipsing_binary
1806.2536669609613,0.77744436,0.0012142382,5674169,eclipsing_binary
1806.2550558106145,0.77757335,0.0012172651,5674169,eclipsing_binary
1806.256444659803,0.77812773,0.0012149111,5674169,eclipsing_binary
1806.2578335089906,0.7774922,0.001214917,5674169,eclipsing_binary
1806.2592223581778,0.7796893,0.0012138254,5674169,eclipsing_binary
1806.2606112073645,0.78012186,0.0012153846,5674169,eclipsing_binary
1806.262000056552,0.7829239,0.0012159368,5674169,eclipsing_binary
1806.2633889057406,0.7836998,0.0012155094,5674169,eclipsing_binary
1806.2647777549282,0.7887298,0.0012149874,5674169,eclipsing_binary
1806.2661666041151,0.7959152,0.001216819,5674169,eclipsing_binary
1806.267555453302,0.80520713,0.0012180303,5674169,eclipsing_binary
1806.2689443024906,0.8167375,0.0012197839,5674169,eclipsing_binary
1806.2703331516786,0.8276454,0.001222887,5674169,eclipsing_binary
1806.2717220008658,0.83932704,0.0012259455,5674169,eclipsing_binary
1806.2731108500525,0.8535764,0.0012271394,5674169,eclipsing_binary
1806.2744996992403,0.86620617,0.0012293245,5674169,eclipsing_binary
1806.2758885484286,0.8783702,0.0012316233,5674169,eclipsing_binary
1806.2772773976162,0.89180255,0.0012340163,5674169,eclipsing_binary
1806.2786662468034,0.9024859,0.0012344308,5674169,eclipsing_binary
1806.28005509599,0.9156022,0.0012370928,5674169,eclipsing_binary
1806.2814439451777,0.9266354,0.001239321,5674169,eclipsing_binary
1806.2828327943662,0.9400284,0.0012418084,5674169,eclipsing_binary
1806.2842216435538,0.9486004,0.0012427652,5674169,eclipsing_binary
1806.285610492741,0.9596456,0.001244922,5674169,eclipsing_binary
1806.2869993419285,0.9708969,0.0012463928,5674169,eclipsing_binary
1806.2883881911162,0.98053783,0.0012528882,5674169,eclipsing_binary
1806.2897770403038,0.988941,0.0012501024,5674169,eclipsing_binary
1806.2911658894914,0.99755764,0.0012523097,5674169,eclipsing_binary
1806.2925547382133,1.0069464,0.0012531831,5674169,eclipsing_binary
1806.293943587401,1.0159205,0.0012546261,5674169,eclipsing_binary
1806.295332436588,1.0216398,0.0012552502,5674169,eclipsing_binary
1806.2967212857757,1.0282604,0.0012613742,5674169,eclipsing_binary
1806.2981101349633,1.0351276,0.0012571552,5674169,eclipsing_binary
1806.299498984151,1.042371,0.001260562,5674169,eclipsing_binary
1806.3008878328728,1.0470221,0.0012590789,5674169,eclipsing_binary
1806.3022766820598,1.0544246,0.0012657238,5674169,eclipsing_binary
1806.3036655312476,1.0581763,0.0012627492,5674169,eclipsing_binary
1806.3050543804356,1.0659305,0.0012664291,5674169,eclipsing_binary
1806.3064432296233,1.072088,0.0012657221,5674169,eclipsing_binary
1806.3078320783447,1.0769047,0.0012652059,5674169,eclipsing_binary
1806.3092209275314,1.0826087,0.0012653543,5674169,eclipsing_binary
1806.31060977672,1.0870085,0.0012676512,5674169,eclipsing_binary
1806.3119986259085,1.0903738,0.0012684754,5674169,eclipsing_binary
1806.3133874746295,1.0949293,0.0012672363,5674169,eclipsing_binary
1806.3147763238167,1.0992886,0.0012674745,5674169,eclipsing_binary
1806.3161651730034,1.1020318,0.0012686999,5674169,eclipsing_binary
1806.3175540217262,1.1063296,0.0012699807,5674169,eclipsing_binary
1806.3189428709145,1.1102471,0.0012727604,5674169,eclipsing_binary
1806.3203317201014,1.1135966,0.0012698224,5674169,eclipsing_binary
1806.321720568823,1.1139625,0.0012701018,5674169,eclipsing_binary
1806.3231094180105,1.1154927,0.0012720672,5674169,eclipsing_binary
1806.3244982671986,1.1167731,0.0012736985,5674169,eclipsing_binary
1806.3258871159205,1.1190591,0.0012716419,5674169,eclipsing_binary
1806.3272759651077,1.1199186,0.0012709227,5674169,eclipsing_binary
1806.3286648142953,1.1203249,0.0012718714,5674169,eclipsing_binary
1806.3300536630172,1.1201245,0.0012722914,5674169,eclipsing_binary
1806.3314425122048,1.1203736,0.0012706094,5674169,eclipsing_binary
1806.3328313609268,1.1197041,0.0012713324,5674169,eclipsing_binary
1806.334220210114,1.118949,0.0012709808,5674169,eclipsing_binary
1806.3356090588359,1.115219,0.0012713708,5674169,eclipsing_binary
1806.3369979080235,1.1153128,0.0012718856,5674169,eclipsing_binary
1806.338386757211,1.1122086,0.0012703775,5674169,eclipsing_binary
1806.339775605933,1.1122477,0.0012699424,5674169,eclipsing_binary
1806.3411644551206,1.1077845,0.0012725116,5674169,eclipsing_binary
1806.3425533038426,1.1054138,0.0012684735,5674169,eclipsing_binary
1806.3439421530297,1.1027958,0.0012693431,5674169,eclipsing_binary
1806.3453310017517,1.0987711,0.0012695697,5674169,eclipsing_binary
1806.34671985094,1.0928276,0.0012721576,5674169,eclipsing_binary
1806.3481086996621,1.0899924,0.0012665305,5674169,eclipsing_binary
1806.3494975488488,1.0862361,0.0012687639,5674169,eclipsing_binary
1806.3508863975703,1.0811325,0.001264352,5674169,eclipsing_binary
1806.352275246758,1.0766791,0.0012659734,5674169,eclipsing_binary
1806.3536640954803,1.0723174,0.0012636138,5674169,eclipsing_binary
1806.3550529442025,1.0649886,0.0012647595,5674169,eclipsing_binary
1806.3564417933894,1.0599257,0.0012614174,5674169,eclipsing_binary
1806.357830642111,1.0539021,0.0012665882,5674169,eclipsing_binary
1806.359219491299,1.048035,0.0012602863,5674169,eclipsing_binary
1806.3606083400218,1.0421891,0.0012603822,5674169,eclipsing_binary
1806.3619971887429,1.0367144,0.0012579414,5674169,eclipsing_binary
1806.36338603793,1.0320748,0.0012587332,5674169,eclipsing_binary
1806.364774886652,1.0233754,0.0012564524,5674169,eclipsing_binary
1806.3661637353748,1.0166625,0.0012561101,5674169,eclipsing_binary
1806.3675525845624,1.010624,0.0012529729,5674169,eclipsing_binary
1806.3689414332835,1.0030891,0.0012519363,5674169,eclipsing_binary
1806.3703302820054,0.99620545,0.0012571693,5674169,eclipsing_binary
1806.371719131193,0.987779,0.0012492076,5674169,eclipsing_binary
1806.3731079799152,0.97875696,0.0012481542,5674169,eclipsing_binary
1806.3744968286373,0.97099495,0.0012479797,5674169,eclipsing_binary
1806.375885677824,0.95937616,0.0012436484,5674169,eclipsing_binary
1806.377274526546,0.9485698,0.0012422651,5674169,eclipsing_binary
1806.378663375268,0.9394083,0.0012409756,5674169,eclipsing_binary
1806.3800522239899,0.9243256,0.001236722,5674169,eclipsing_binary
1806.3814410731775,0.91336024,0.0012367495,5674169,eclipsing_binary
1806.3828299218997,0.9022648,0.0012352471,5674169,eclipsing_binary
1806.3842187706218,0.8885439,0.0012326961,5674169,eclipsing_binary
1806.3856076193429,0.87475,0.0012286644,5674169,eclipsing_binary
1806.3869964685305,0.8617052,0.0012311427,5674169,eclipsing_binary
1806.3883853172533,0.84932536,0.0012255212,5674169,eclipsing_binary
1806.3897741659753,0.83563405,0.0012232249,5674169,eclipsing_binary
1806.3911630146965,0.8225068,0.0012208825,5674169,eclipsing_binary
1806.3925518634178,0.81116176,0.0012263367,5674169,eclipsing_binary
1806.3939407121397,0.80026984,0.0012185889,5674169,eclipsing_binary
1806.3953295613283,0.7909247,0.0012231595,5674169,eclipsing_binary
1806.3967184100502,0.78388506,0.0012134056,5674169,eclipsing_binary
1806.3981072587712,0.77848315,0.0012156095,5674169,eclipsing_binary
1806.3994961074927,0.7767183,0.0012137784,5674169,eclipsing_binary
1806.4008849562154,0.77874994,0.0012156463,5674169,eclipsing_binary
1806.402273804938,0.7767455,0.0012146734,5674169,eclipsing_binary
1806.4036626536595,0.7769983,0.0012128685,5674169,eclipsing_binary
1806.4050515023805,0.77746236,0.0012163902,5674169,eclipsing_binary
1806.4064403511024,0.7762782,0.0012164718,5674169,eclipsing_binary
1806.4078291998253,0.7770072,0.0012146524,5674169,eclipsing_binary
1806.4092180485472,0.77590156,0.001213135,5674169,eclipsing_binary
1806.4106068977344,0.7761681,0.0012109713,5674169,eclipsing_binary
1806.4119957464554,0.77661836,0.0012177788,5674169,eclipsing_binary
1806.4133845951774,0.7774994,0.0012122085,5674169,eclipsing_binary
1806.4147734439002,0.7780731,0.0012154074,5674169,eclipsing_binary
1806.4161622926222,0.77758074,0.0012130612,5674169,eclipsing_binary
1806.4175511413434,0.7777982,0.0012151077,5674169,eclipsing_binary
1806.4189399900656,0.77844125,0.0012137719,5674169,eclipsing_binary
1806.4203288387876,0.7799603,0.0012187037,5674169,eclipsing_binary
1806.4217176875095,0.7814957,0.0012165379,5674169,eclipsing_binary
1806.4231065357658,0.78226686,0.0012146682,5674169,eclipsing_binary
1806.4244953844877,0.78444785,0.0012143457,5674169,eclipsing_binary
1806.4258842332097,0.79115254,0.0012157463,5674169,eclipsing_binary
1806.427273081931,0.8016582,0.0012165552,5674169,eclipsing_binary
1806.428661930653,0.8127141,0.0012198803,5674169,eclipsing_binary
1806.430050779375,0.8249548,0.0012220176,5674169,eclipsing_binary
1806.431439628097,0.8377043,0.0012258318,5674169,eclipsing_binary
1806.432828476819,0.8501315,0.001228982,5674169,eclipsing_binary
1806.43421732554,0.86515564,0.0012292053,5674169,eclipsing_binary
1806.4356061742621,0.87767047,0.0012323089,5674169,eclipsing_binary
1806.436995022519,0.89010227,0.0012350193,5674169,eclipsing_binary
1806.438383871241,0.9040505,0.0012366697,5674169,eclipsing_binary
1806.4397727199625,0.91862357,0.0012371737,5674169,eclipsing_binary
1806.4411615686836,0.9301827,0.0012428839,5674169,eclipsing_binary
1806.4425504174064,0.94369596,0.0012406714,5674169,eclipsing_binary
1806.443939266129,0.9540488,0.0012429298,5674169,eclipsing_binary
1806.4453281143847,0.96534353,0.0012468068,5674169,eclipsing_binary
1806.4467169631062,0.97619593,0.0012506862,5674169,eclipsing_binary
1806.448105811828,0.98587966,0.0012495992,5674169,eclipsing_binary
1806.4494946605505,0.9933418,0.001251042,5674169,eclipsing_binary
1806.4508835092724,1.0022129,0.0012512736,5674169,eclipsing_binary
1806.4522723575283,1.0119969,0.0012543619,5674169,eclipsing_binary
1806.4536612062495,1.0197892,0.0012553443,5674169,eclipsing_binary
1806.4550500549717,1.0271611,0.0012630204,5674169,eclipsing_binary
1806.4564389032284,1.0322127,0.0012587791,5674169,eclipsing_binary
1806.4578277519504,1.0397869,0.0012604828,5674169,eclipsing_binary
1806.4592166006719,1.0439249,0.0012577503,5674169,eclipsing_binary
1806.4606054493938,1.0489205,0.0012580272,5674169,eclipsing_binary
1806.46199429765,1.0570621,0.0012647075,5674169,eclipsing_binary
1806.463383146372,1.0624425,0.0012622053,5674169,eclipsing_binary
1806.464771995094,1.0684648,0.0012626059,5674169,eclipsing_binary
1806.4661608433503,1.0744479,0.0012641046,5674169,eclipsing_binary
1806.4675496920722,1.0814958,0.0012679133,5674169,eclipsing_binary
1806.4689385407937,1.084611,0.0012666907,5674169,eclipsing_binary
1806.47032738905,1.0904347,0.0012678877,5674169,eclipsing_binary
1806.471716237772,1.0975579,0.001268979,5674169,eclipsing_binary
1806.4731050860282,1.1004319,0.0012683737,5674169,eclipsing_binary
1806.4744939347502,1.1030476,0.001269989,5674169,eclipsing_binary
1806.4758827834717,1.1073941,0.001269904,5674169,eclipsing_binary
1806.477271631728,1.1128877,0.0012777665,5674169,eclipsing_binary
1806.4786604804503,1.1174477,0.0012726819,5674169,eclipsing_binary
1806.4800493287069,1.1188158,0.0012738886,5674169,eclipsing_binary
1806.4814381774281,1.1230319,0.0012719099,5674169,eclipsing_binary
1806.482827025684,1.1258699,0.0012747152,5674169,eclipsing_binary
1806.4842158744063,1.1278192,0.0012739354,5674169,eclipsing_binary
1806.4856047226635,1.1281724,0.0012769876,5674169,eclipsing_binary
1806.4869935713846,1.1322513,0.001272197,5674169,eclipsing_binary
1806.4883824196404,1.1333188,0.0012736111,5674169,eclipsing_binary
1806.4897712683617,1.1335348,0.0012725677,5674169,eclipsing_binary
1806.4911601166186,1.1334592,0.0012764141,5674169,eclipsing_binary
1806.4925489653415,1.1328799,0.0012788115,5674169,eclipsing_binary
1806.4939378135969,1.1321096,0.0012750028,5674169,eclipsing_binary
1806.4953266623183,1.1325514,0.0012739027,5674169,eclipsing_binary
1806.4967155105746,1.1319325,0.0012757926,5674169,eclipsing_binary
1806.4981043592973,1.1302475,0.0012777576,5674169,eclipsing_binary
1806.4994932075538,1.1289568,0.0012736357,5674169,eclipsing_binary
1806.5008820562748,1.127262,0.0012718572,5674169,eclipsing_binary
1806.502270904531,1.1254393,0.0012708917,5674169,eclipsing_binary
1806.5036597527874,1.121376,0.0012707947,5674169,eclipsing_binary
1806.5050486015093,1.1188549,0.0012718834,5674169,eclipsing_binary
1806.5064374497656,1.1142982,0.0012712239,5674169,eclipsing_binary
1806.5078262980214,1.1089247,0.0012684861,5674169,eclipsing_binary
1806.5092151467434,1.1078134,0.0012707093,5674169,eclipsing_binary
1806.5106039949997,1.1022881,0.0012700689,5674169,eclipsing_binary
1806.5119928437216,1.0969675,0.0012687974,5674169,eclipsing_binary
1806.5133816919779,1.0912188,0.0012683922,5674169,eclipsing_binary
1806.5147705402342,1.0873245,0.0012652212,5674169,eclipsing_binary
1806.5161593889563,1.0806032,0.0012652118,5674169,eclipsing_binary
1806.517548237212,1.0734664,0.0012626518,5674169,eclipsing_binary
1806.5189370854682,1.067888,0.0012620161,5674169,eclipsing_binary
1806.5203259337254,1.0618567,0.0012613583,5674169,eclipsing_binary
1806.5217147824474,1.0563414,0.0012648907,5674169,eclipsing_binary
1806.5231036307027,1.0477389,0.0012620986,5674169,eclipsing_binary
1806.5244924789586,1.0445539,0.0012587853,5674169,eclipsing_binary
1806.5258813272155,1.0349231,0.0012583709,5674169,eclipsing_binary
1806.5272701759382,1.0252169,0.0012584032,5674169,eclipsing_binary
1806.528659024194,1.019807,0.0012545716,5674169,eclipsing_binary
1806.5300478724494,1.0100793,0.0012521347,5674169,eclipsing_binary
1806.5314367207052,1.0009943,0.0012508794,5674169,eclipsing_binary
1806.532825568962,0.992815,0.0012497668,5674169,eclipsing_binary
1806.5342144176848,0.9821707,0.0012494967,5674169,eclipsing_binary
1806.5356032659406,0.9715723,0.0012464721,5674169,eclipsing_binary
1806.536992114196,0.95980483,0.0012510059,5674169,eclipsing_binary
1806.5383809624523,0.9490543,0.0012420701,5674169,eclipsing_binary
1806.5397698107095,0.9375039,0.0012486413,5674169,eclipsing_binary
1806.5411586589657,0.92498976,0.0012376985,5674169,eclipsing_binary
1806.5425475076868,0.913075,0.0012410408,5674169,eclipsing_binary
1806.5439363559433,0.9012856,0.0012393739,5674169,eclipsing_binary
1806.5453252041998,0.88834745,0.0012340387,5674169,eclipsing_binary
1806.546714052456,0.875798,0.001229761,5674169,eclipsing_binary
1806.5481029007124,0.86292857,0.0012279103,5674169,eclipsing_binary
1806.5494917489677,0.847906,0.0012257824,5674169,eclipsing_binary
1806.550880597224,0.83549845,0.0012229295,5674169,eclipsing_binary
1806.5522694454812,0.82333344,0.0012237973,5674169,eclipsing_binary
1806.5536582937375,0.81200844,0.0012182546,5674169,eclipsing_binary
1806.5550471419933,0.80162936,0.001218046,5674169,eclipsing_binary
1806.5564359902496,0.7936701,0.0012165646,5674169,eclipsing_binary
1806.557824838506,0.78883594,0.0012157592,5674169,eclipsing_binary
1806.5592136867622,0.78762686,0.0012161933,5674169,eclipsing_binary
1806.5606025350185,0.78550035,0.0012164643,5674169,eclipsing_binary
1806.5619913832747,0.783871,0.0012167301,5674169,eclipsing_binary
1806.563380231531,0.7827315,0.001213201,5674169,eclipsing_binary
1806.5647690797869,0.78020906,0.0012164803,5674169,eclipsing_binary
1806.5661579280431,0.77969295,0.0012146399,5674169,eclipsing_binary
1806.5675467762994,0.7801098,0.0012234435,5674169,eclipsing_binary
1806.5689356245557,0.77802366,0.0012144146,5674169,eclipsing_binary
1806.570324472812,0.77855,0.0012173078,5674169,eclipsing_binary
1806.5717133210678,0.7782556,0.0012115762,5674169,eclipsing_binary
1806.573102169324,0.7780358,0.0012140293,5674169,eclipsing_binary
1806.5744910175808,0.7779387,0.0012129579,5674169,eclipsing_binary
1806.5758798658371,0.7798752,0.0012140006,5674169,eclipsing_binary
1806.577268714093,0.7791252,0.0012146436,5674169,eclipsing_binary
1806.5786575623486,0.7800807,0.0012132633,5674169,eclipsing_binary
1806.5800464106055,0.782557,0.0012150944,5674169,eclipsing_binary
1806.581435258397,0.7853936,0.001215787,5674169,eclipsing_binary
1806.5828241066524,0.7886633,0.0012149746,5674169,eclipsing_binary
1806.5842129549083,0.7954119,0.0012192151,5674169,eclipsing_binary
1806.5856018031645,0.8050991,0.0012179123,5674169,eclipsing_binary
1806.5869906514215,0.8147648,0.0012205581,5674169,eclipsing_binary
1806.588379499678,0.82755035,0.0012277844,5674169,eclipsing_binary
1806.5897683474677,0.84048915,0.0012249699,5674169,eclipsing_binary
1806.5911571957236,0.85214096,0.0012256401,5674169,eclipsing_binary
1806.5925460439798,0.86395574,0.0012299422,5674169,eclipsing_binary
1806.5939348922366,0.8794384,0.001231315,5674169,eclipsing_binary
1806.5953237404929,0.89132273,0.0012329741,5674169,eclipsing_binary
1806.596712588283,0.90388817,0.0012350873,5674169,eclipsing_binary
1806.5981014365393,0.9129899,0.0012353954,5674169,eclipsing_binary
1806.5994902847956,0.9262862,0.0012434287,5674169,eclipsing_binary
1806.6008791330519,0.94018626,0.0012433841,5674169,eclipsing_binary
1806.6022679808425,0.9478087,0.0012423412,5674169,eclipsing_binary
1806.6036568290988,0.957305,0.0012457167,5674169,eclipsing_binary
1806.6050456773553,0.9703939,0.00124667,5674169,eclipsing_binary
1806.6064345251452,0.9790994,0.0012471726,5674169,eclipsing_binary
1806.6078233734015,0.98767316,0.0012504911,5674169,eclipsing_binary
1806.6092122216578,0.99693227,0.0012506311,5674169,eclipsing_binary
1806.6106010694484,1.0055789,0.0012551252,5674169,eclipsing_binary
1806.6119899177047,1.012699,0.0012532694,5674169,eclipsing_binary
1806.6133787659605,1.0208571,0.0012553005,5674169,eclipsing_binary
1806.6147676137512,1.0293766,0.001255935,5674169,eclipsing_binary
1806.6161564620083,1.0339568,0.0012558927,5674169,eclipsing_binary
1806.6175453102646,1.041864,0.0012569812,5674169,eclipsing_binary
1806.6189341580543,1.0476698,0.0012617633,5674169,eclipsing_binary
1806.6203230063102,1.0537407,0.001262101,5674169,eclipsing_binary
1806.6217118541012,1.060102,0.001262869,5674169,eclipsing_binary
1806.6231007023584,1.0658438,0.0012663958,5674169,eclipsing_binary
1806.6244895506143,1.0720468,0.0012633974,5674169,eclipsing_binary
1806.625878398404,1.0756454,0.0012657035,5674169,eclipsing_binary
1806.6272672466603,1.080371,0.0012676577,5674169,eclipsing_binary
1806.6286560944518,1.0863414,0.0012647242,5674169,eclipsing_binary
1806.630044942708,1.0914607,0.0012678318,5674169,eclipsing_binary
1806.6314337904978,1.0953786,0.0012687242,5674169,eclipsing_binary
1806.6328226387536,1.0992377,0.0012686331,5674169,eclipsing_binary
1806.6342114865442,1.1019816,0.0012696615,5674169,eclipsing_binary
1806.6356003348014,1.1050302,0.0012693688,5674169,eclipsing_binary
1806.636989182592,1.1083864,0.0012693674,5674169,eclipsing_binary
1806.6383780308474,1.1117052,0.0012727452,5674169,eclipsing_binary
1806.639766878638,1.1138169,0.0012717147,5674169,eclipsing_binary
1806.6411557268946,1.117461,0.0012706266,5674169,eclipsing_binary
1806.6425445746854,1.1174699,0.0012738936,5674169,eclipsing_binary
1806.6439334229417,1.1178796,0.0012715894,5674169,eclipsing_binary
1806.6453222707323,1.1184051,0.0012740729,5674169,eclipsing_binary
1806.646711118523,1.1209136,0.0012756451,5674169,eclipsing_binary
1806.6480999667783,1.1201465,0.0012712141,5674169,eclipsing_binary
1806.6494888145692,1.1209013,0.0012717455,5674169,eclipsing_binary
1806.6508776628257,1.1198815,0.0012720936,5674169,eclipsing_binary
1806.6522665106163,1.1182418,0.001271976,5674169,eclipsing_binary
1806.653655358407,1.1177458,0.0012722019,5674169,eclipsing_binary
1806.6550442066623,1.1163024,0.0012710479,5674169,eclipsing_binary
1806.656433054453,1.1136554,0.0012728864,5674169,eclipsing_binary
1806.6578219022445,1.1100131,0.0012719207,5674169,eclipsing_binary
1806.6592107505007,1.1072096,0.0012695462,5674169,eclipsing_binary
1806.660599598291,1.1059382,0.0012695966,5674169,eclipsing_binary
1806.6619884460806,1.1018826,0.0012673917,5674169,eclipsing_binary
1806.6633772943378,1.0970016,0.0012666114,5674169,eclipsing_binary
1806.6647661421289,1.095334,0.0012658426,5674169,eclipsing_binary
1806.666154989919,1.0904071,0.0012647557,5674169,eclipsing_binary
1806.6675438381744,1.0862011,0.0012689726,5674169,eclipsing_binary
1806.6689326859653,1.0818173,0.0012669527,5674169,eclipsing_binary
1806.6703215337566,1.0766398,0.0012648804,5674169,eclipsing_binary
1806.6717103815472,1.0713509,0.0012668654,5674169,eclipsing_binary
1806.673099229803,1.0652854,0.0012658649,5674169,eclipsing_binary
1806.6744880775927,1.060376,0.0012614918,5674169,eclipsing_binary
1806.6758769253834,1.0547782,0.0012606989,5674169,eclipsing_binary
1806.677265773175,1.0473067,0.0012593595,5674169,eclipsing_binary
1806.6786546214312,1.0425588,0.0012586829,5674169,eclipsing_binary
1806.6800434692213,1.0376993,0.0012610648,5674169,eclipsing_binary
1806.681432317012,1.0322126,0.0012601595,5674169,eclipsing_binary
1806.6828211648026,1.023843,0.0012551127,5674169,eclipsing_binary
1806.6842100125932,1.0167128,0.0012570199,5674169,eclipsing_binary
1806.6855988603838,1.0113604,0.001259361,5674169,eclipsing_binary
1806.6869877086401,1.0050322,0.0012537746,5674169,eclipsing_binary
1806.6883765564307,0.99622846,0.0012506848,5674169,eclipsing_binary
1806.689765404221,0.9882759,0.0012484783,5674169,eclipsing_binary
1806.6911542520115,0.9781738,0.0012484307,5674169,eclipsing_binary
1806.6925430998022,0.97072506,0.0012449581,5674169,eclipsing_binary
1806.6939319475928,0.958824,0.0012441518,5674169,eclipsing_binary
1806.6953207953834,0.9497423,0.0012429092,5674169,eclipsing_binary
1806.6967096431736,0.9389023,0.0012409344,5674169,eclipsing_binary
1806.6980984909642,0.9278577,0.0012412842,5674169,eclipsing_binary
1806.6994873387553,0.9152422,0.001239563,5674169,eclipsing_binary
1806.7008761870115,0.90153825,0.0012376364,5674169,eclipsing_binary
1806.7022650348017,0.88954556,0.0012336789,5674169,eclipsing_binary
1806.7036538825917,0.87581307,0.0012309622,5674169,eclipsing_binary
1806.705042730383,0.86430264,0.0012306833,5674169,eclipsing_binary
1806.7064315781745,0.8506464,0.0012295124,5674169,eclipsing_binary
1806.7078204259642,0.83639824,0.0012225058,5674169,eclipsing_binary
1806.7092092737544,0.82406795,0.0012213081,5674169,eclipsing_binary
1806.710598121544,0.81206745,0.0012212521,5674169,eclipsing_binary
1806.7119869693356,0.8015224,0.0012229888,5674169,eclipsing_binary
1806.7133758171271,0.7917177,0.0012176726,5674169,eclipsing_binary
1806.7147646649169,0.7837718,0.0012152827,5674169,eclipsing_binary
1806.716153512707,0.7790753,0.0012131766,5674169,eclipsing_binary
1806.717542360032,0.7782799,0.0012150739,5674169,eclipsing_binary
1806.718931207823,0.7776998,0.0012138843,5674169,eclipsing_binary
1806.7203200556137,0.7765981,0.0012133376,5674169,eclipsing_binary
1806.7217089034039,0.77694017,0.0012146832,5674169,eclipsing_binary
1806.7230977511945,0.7758452,0.0012131159,5674169,eclipsing_binary
1806.724486598985,0.77644616,0.001214943,5674169,eclipsing_binary
1806.7258754467757,0.77709746,0.0012122878,5674169,eclipsing_binary
1806.7272642945663,0.77706563,0.0012158498,5674169,eclipsing_binary
1806.728653142357,0.7777855,0.0012187596,5674169,eclipsing_binary
1806.7300419901478,0.7770729,0.0012186925,5674169,eclipsing_binary
1806.731430837472,0.7771399,0.0012144747,5674169,eclipsing_binary
1806.7328196852627,0.77841157,0.0012134338,5674169,eclipsing_binary
1806.7342085330533,0.77653545,0.0012139431,5674169,eclipsing_binary
1806.735597380844,0.7784354,0.0012153495,5674169,eclipsing_binary
1806.7369862286346,0.77905345,0.0012124684,5674169,eclipsing_binary
1806.738375075959,0.78098,0.001212743,5674169,eclipsing_binary
1806.7397639237497,0.7812527,0.0012132026,5674169,eclipsing_binary
1806.7411527715412,0.7802505,0.0012123683,5674169,eclipsing_binary
1806.7425416193319,0.78407615,0.0012144711,5674169,eclipsing_binary
1806.7439304671216,0.79539835,0.0012209886,5674169,eclipsing_binary
1806.745319314446,0.80014116,0.0012174232,5674169,eclipsing_binary
1806.7467081622372,0.81160814,0.0012210563,5674169,eclipsing_binary
1806.7480970100287,0.8236083,0.0012241751,5674169,eclipsing_binary
1806.7494858578189,0.8352177,0.0012223447,5674169,eclipsing_binary
1806.750874705143,0.85069484,0.001224986,5674169,eclipsing_binary
1806.7522635529335,0.8624811,0.0012279799,5674169,eclipsing_binary
1806.753652400725,0.8766698,0.0012308543,5674169,eclipsing_binary
1806.75504124805,0.888645,0.0012381426,5674169,eclipsing_binary
1806.7564300958397,0.9038029,0.0012335479,5674169,eclipsing_binary
1806.75781894363,0.9170394,0.0012384484,5674169,eclipsing_binary
1806.7592077909549,0.9301412,0.0012411617,5674169,eclipsing_binary
1806.7605966387464,0.9406772,0.0012409971,5674169,eclipsing_binary
1806.761985486537,0.9523165,0.0012444125,5674169,eclipsing_binary
1806.763374333861,0.9632488,0.0012478294,5674169,eclipsing_binary
1806.7647631816517,0.9737987,0.0012450223,5674169,eclipsing_binary
1806.7661520294425,0.98473126,0.0012545119,5674169,eclipsing_binary
1806.7675408767677,0.993251,0.0012506992,5674169,eclipsing_binary
1806.7689297245583,1.0039073,0.001251025,5674169,eclipsing_binary
1806.7703185718833,1.0092742,0.0012557642,5674169,eclipsing_binary
1806.771707419674,1.01619,0.0012556011,5674169,eclipsing_binary
1806.7730962674636,1.0259458,0.0012560233,5674169,eclipsing_binary
1806.7744851147886,1.0305626,0.0012567716,5674169,eclipsing_binary
1806.7758739625795,1.0372075,0.0012596273,5674169,eclipsing_binary
1806.7772628099046,1.0436016,0.0012581374,5674169,eclipsing_binary
1806.7786516576953,1.0494639,0.0012592564,5674169,eclipsing_binary
1806.7800405050193,1.0554094,0.0012603686,5674169,eclipsing_binary
1806.78142935281,1.0607225,0.0012659571,5674169,eclipsing_binary
1806.7828182001358,1.0685802,0.0012607228,5674169,eclipsing_binary
1806.7842070479264,1.0729373,0.0012671136,5674169,eclipsing_binary
1806.785595895251,1.079413,0.0012652386,5674169,eclipsing_binary
1806.7869847430406,1.0845106,0.0012644146,5674169,eclipsing_binary
1806.7883735903665,1.0892668,0.0012670943,5674169,eclipsing_binary
1806.7897624381576,1.0965772,0.0012667895,5674169,eclipsing_binary
1806.791151285482,1.1002749,0.0012683339,5674169,eclipsing_binary
1806.7925401332718,1.1040804,0.0012724336,5674169,eclipsing_binary
1806.793928980597,1.108657,0.0012686965,5674169,eclipsing_binary
1806.7953178279226,1.1122757,0.0012738567,5674169,eclipsing_binary
1806.7967066757133,1.1185648,0.0012774643,5674169,eclipsing_binary
1806.7980955230378,1.1222788,0.0012772758,5674169,eclipsing_binary
1806.7994843708275,1.1226785,0.0012754471,5674169,eclipsing_binary
1806.8008732181524,1.1245798,0.0012735574,5674169,eclipsing_binary
1806.8022620654783,1.1269989,0.0012785146,5674169,eclipsing_binary
1806.803650913269,1.1286455,0.0012722209,5674169,eclipsing_binary
1806.8050397605934,1.1310924,0.0012718004,5674169,eclipsing_binary
1806.8064286079184,1.1323689,0.0012724395,5674169,eclipsing_binary
1806.807817455709,1.13381,0.0012743652,5674169,eclipsing_binary
1806.809206303034,1.13291,0.0012757531,5674169,eclipsing_binary
1806.810595150359,1.132323,0.0012736499,5674169,eclipsing_binary
1806.8119839981496,1.1334075,0.0012729251,5674169,eclipsing_binary
1806.8133728454745,1.131883,0.0012736684,5674169,eclipsing_binary
1806.814761692799,1.1310178,0.0012728545,5674169,eclipsing_binary
1806.8161505405897,1.1284347,0.0012720983,5674169,eclipsing_binary
1806.8175393879146,1.1271019,0.0012733378,5674169,eclipsing_binary
1806.8189282352396,1.1264204,0.0012731607,5674169,eclipsing_binary
1806.8203170825645,1.1231647,0.0012743428,5674169,eclipsing_binary
1806.8217059303547,1.121239,0.0012712895,5674169,eclipsing_binary
1806.8230947776797,1.1175128,0.0012750985,5674169,eclipsing_binary
1806.824483625005,1.1144913,0.0012808396,5674169,eclipsing_binary
1806.82587247233,1.1100614,0.001271292,5674169,eclipsing_binary
1806.8272613201202,1.1054235,0.0012746118,5674169,eclipsing_binary
1806.8286501674443,1.100161,0.0012667105,5674169,eclipsing_binary
1806.8300390147701,1.0956254,0.0012685504,5674169,eclipsing_binary
1806.831427862096,1.0916263,0.0012664553,5674169,eclipsing_binary
1806.83281670942,1.0853077,0.0012641248,5674169,eclipsing_binary
1806.8342055572102,1.081035,0.0012669557,5674169,eclipsing_binary
1806.8355944045352,1.0747056,0.0012625934,5674169,eclipsing_binary
1806.8369832518608,1.068702,0.001265195,5674169,eclipsing_binary
1806.838372099186,1.0609465,0.0012611684,5674169,eclipsing_binary
1806.83976094651,1.0562553,0.0012639695,5674169,eclipsing_binary
1806.8411497938346,1.049545,0.0012594725,5674169,eclipsing_binary
1806.8425386411595,1.044334,0.0012584046,5674169,eclipsing_binary
1806.843927488485,1.0316225,0.0012552015,5674169,eclipsing_binary
1806.84531633581,1.0267149,0.0012557106,5674169,eclipsing_binary
1806.8467051836,1.018102,0.0012555078,5674169,eclipsing_binary
1806.848094030925,1.0095171,0.0012531772,5674169,eclipsing_binary
1806.84948287825,1.0005153,0.0012501901,5674169,eclipsing_binary
1806.850871725575,0.99008477,0.001249192,5674169,eclipsing_binary
1806.8522605729,0.98191833,0.0012472593,5674169,eclipsing_binary
1806.8536494202249,0.9718361,0.0012478093,5674169,eclipsing_binary
1806.85503826755,0.96100646,0.0012458032,5674169,eclipsing_binary
1806.8564271148744,0.94897556,0.0012431078,5674169,eclipsing_binary
1806.8578159621993,0.93776333,0.0012438152,5674169,eclipsing_binary
1806.8592048095243,0.9252244,0.0012442624,5674169,eclipsing_binary
1806.8605936568492,0.9125193,0.0012363151,5674169,eclipsing_binary
1806.8619825041742,0.901145,0.0012377359,5674169,eclipsing_binary
1806.8633713514992,0.8892514,0.0012340201,5674169,eclipsing_binary
1806.8647601988243,0.87566507,0.0012290946,5674169,eclipsing_binary
1806.8661490461495,0.8630039,0.0012349731,5674169,eclipsing_binary
1806.8675378934745,0.84969187,0.0012257046,5674169,eclipsing_binary
1806.8689267407985,0.8361664,0.0012231965,5674169,eclipsing_binary
1806.8703155881235,0.8233691,0.0012214344,5674169,eclipsing_binary
1806.8717044349837,0.81303537,0.0012230728,5674169,eclipsing_binary
1806.8730932823087,0.80225784,0.0012186315,5674169,eclipsing_binary
1806.8744821296332,0.79352665,0.0012161693,5674169,eclipsing_binary
1806.8758709769572,0.7880091,0.0012161484,5674169,eclipsing_binary
1806.877259824283,0.78673893,0.0012157566,5674169,eclipsing_binary
1806.8786486716085,0.78417295,0.0012145041,5674169,eclipsing_binary
1806.880037518933,0.7840416,0.0012158363,5674169,eclipsing_binary
1806.881426366257,0.7811353,0.0012137309,5674169,eclipsing_binary
1806.882815213116,0.7826208,0.0012159799,5674169,eclipsing_binary
1806.8842040604418,0.7797115,0.0012200306,5674169,eclipsing_binary
1806.8855929077672,0.7787398,0.001216056,5674169,eclipsing_binary
1806.8869817550917,0.77851486,0.0012155793,5674169,eclipsing_binary
1806.8883706024158,0.77897936,0.0012123699,5674169,eclipsing_binary
1806.8897594497407,0.77806836,0.0012119594,5674169,eclipsing_binary
1806.891148296601,0.77794343,0.001212165,5674169,eclipsing_binary
1806.892537143926,0.7778891,0.0012134023,5674169,eclipsing_binary
1806.8939259912504,0.7784697,0.0012170962,5674169,eclipsing_binary
1806.8953148385754,0.77877116,0.0012161679,5674169,eclipsing_binary
1806.8967036854347,0.78044987,0.0012132026,5674169,eclipsing_binary
1806.8980925327596,0.7833351,0.0012140231,5674169,eclipsing_binary
1806.8994813800846,0.7857884,0.0012238947,5674169,eclipsing_binary
1806.9008702274095,0.7872297,0.0012175996,5674169,eclipsing_binary
1806.9022590742688,0.7941929,0.0012182328,5674169,eclipsing_binary
1806.9036479215933,0.8025965,0.0012171848,5674169,eclipsing_binary
1806.9050367689183,0.8135532,0.0012190731,5674169,eclipsing_binary
1806.9064256157776,0.8264834,0.001230051,5674169,eclipsing_binary
1806.9078144631026,0.838303,0.0012230639,5674169,eclipsing_binary
1806.9092033104275,0.8501088,0.0012363278,5674169,eclipsing_binary
1806.9105921572864,0.8629594,0.0012271542,5674169,eclipsing_binary
1806.9119810046113,0.87633526,0.0012294212,5674169,eclipsing_binary
1806.9133698519367,0.8880779,0.0012328024,5674169,eclipsing_binary
1806.914758698796,0.89977634,0.0012372422,5674169,eclipsing_binary
1806.9161475461206,0.913091,0.001236558,5674169,eclipsing_binary
1806.917536392979,0.9242718,0.0012383675,5674169,eclipsing_binary
1806.9189252403048,0.93535006,0.001239212,5674169,eclipsing_binary
1806.9203140876307,0.9484994,0.0012464903,5674169,eclipsing_binary
1806.921702934489,0.95687973,0.0012451791,5674169,eclipsing_binary
1806.9230917818136,0.96950465,0.001246638,5674169,eclipsing_binary
1806.9244806286729,0.9763485,0.001247703,5674169,eclipsing_binary
1806.9258694759983,0.9873898,0.0012509259,5674169,eclipsing_binary
1806.9272583233235,0.99561566,0.001252793,5674169,eclipsing_binary
1806.928647170182,1.0037048,0.001251915,5674169,eclipsing_binary
1806.9300360175066,1.0116582,0.0012526386,5674169,eclipsing_binary
1806.931424864366,1.0201524,0.0012575632,5674169,eclipsing_binary
1806.9328137116913,1.0282017,0.0012561984,5674169,eclipsing_binary
1806.9342025585506,1.0345806,0.0012604946,5674169,eclipsing_binary
1806.9355914058751,1.0400294,0.0012591335,5674169,eclipsing_binary
1806.9369802527344,1.0472326,0.0012588028,5674169,eclipsing_binary
1806.9383691000594,1.0525979,0.0012683929,5674169,eclipsing_binary
1806.9397579469187,1.0597174,0.0012624429,5674169,eclipsing_binary
1806.941146793778,1.0641738,0.0012615289,5674169,eclipsing_binary
1806.942535641103,1.0698705,0.0012675162,5674169,eclipsing_binary
1806.9439244879622,1.0754476,0.0012635817,5674169,eclipsing_binary
1806.9453133352868,1.0805154,0.0012640792,5674169,eclipsing_binary
1806.946702182146,1.0857844,0.0012670213,5674169,eclipsing_binary
1806.948091029471,1.0895782,0.0012680867,5674169,eclipsing_binary
1806.9494798763303,1.0933887,0.0012737993,5674169,eclipsing_binary
1806.9508687231896,1.0974817,0.001266606,5674169,eclipsing_binary
1806.9522575705141,1.1028165,0.0012697915,5674169,eclipsing_binary
1806.9536464173734,1.1050588,0.0012709845,5674169,eclipsing_binary
1806.9550352646993,1.1085603,0.0012719863,5674169,eclipsing_binary
1806.9564241115586,1.1106734,0.0012741525,5674169,eclipsing_binary
1806.957812958417,1.1122326,0.0012733571,5674169,eclipsing_binary
1806.9592018057415,1.1149905,0.0012695392,5674169,eclipsing_binary
1806.9605906526012,1.1159747,0.0012773225,5674169,eclipsing_binary
1806.9619794994614,1.1169121,0.0012725503,5674169,eclipsing_binary
1806.963368346786,1.1178945,0.0012712725,5674169,eclipsing_binary
1806.9647571936443,1.1186723,0.0012735012,5674169,eclipsing_binary
1806.9661460405036,1.1185064,0.0012719819,5674169,eclipsing_binary
1806.9675348873639,1.1175015,0.0012696481,5674169,eclipsing_binary
1806.9689237346888,1.1184632,0.0012722337,5674169,eclipsing_binary
1806.9703125815472,1.1171438,0.0012708101,5674169,eclipsing_binary
1806.971701428406,1.1165358,0.0012700806,5674169,eclipsing_binary
1806.9730902752653,1.1144401,0.0012740715,5674169,eclipsing_binary
1806.9744791225912,1.111476,0.0012697811,5674169,eclipsing_binary
1806.9758679694505,1.1098967,0.0012705233,5674169,eclipsing_binary
1806.977256816309,1.1070377,0.001269575,5674169,eclipsing_binary
1806.9786456631682,1.1051527,0.0012752281,5674169,eclipsing_binary
1806.9800345104932,1.1005827,0.0012708266,5674169,eclipsing_binary
1806.9814233573527,1.0988141,0.0012678632,5674169,eclipsing_binary
1806.9828122042122,1.0938337,0.0012694126,5674169,eclipsing_binary
1806.9842010510715,1.0898538,0.0012657437,5674169,eclipsing_binary
1806.9855898979308,1.0845914,0.0012657752,5674169,eclipsing_binary
1806.9869787447892,1.0803083,0.0012657309,5674169,eclipsing_binary
1806.9883675921142,1.0749565,0.0012685984,5674169,eclipsing_binary
1806.9897564389744,1.0699532,0.0012662202,5674169,eclipsing_binary
1806.9911452858337,1.0649374,0.0012617689,5674169,eclipsing_binary
1806.9925341326925,1.0597312,0.0012615093,5674169,eclipsing_binary
1806.993922979551,1.053133,0.0012622739,5674169,eclipsing_binary
1806.9953118264102,1.0474218,0.0012609648,5674169,eclipsing_binary
1806.9967006732704,1.0426594,0.0012594949,5674169,eclipsing_binary
1806.9980895201297,1.034678,0.0012566237,5674169,eclipsing_binary
1806.9994783669886,1.0299907,0.0012570648,5674169,eclipsing_binary
1807.000867213847,1.0239049,0.0012558204,5674169,eclipsing_binary
1807.0022560611728,1.0181456,0.001258586,5674169,eclipsing_binary
1807.0036449080326,1.0095165,0.0012549758,5674169,eclipsing_binary
1807.0050337548914,1.0028778,0.0012522368,5674169,eclipsing_binary
1807.0064226017498,0.99576324,0.0012559894,5674169,eclipsing_binary
1807.0078114486093,0.9864656,0.0012495287,5674169,eclipsing_binary
1807.0092002954693,0.9792246,0.001246823,5674169,eclipsing_binary
1807.0105891423286,0.9708134,0.0012458895,5674169,eclipsing_binary
1807.0119779891875,0.9616369,0.0012442803,5674169,eclipsing_binary
1807.0133668360468,0.9504324,0.001243816,5674169,eclipsing_binary
1807.014755682906,0.938867,0.0012426515,5674169,eclipsing_binary
1807.0161445297654,0.9272449,0.0012380049,5674169,eclipsing_binary
1807.0175333766247,0.9152733,0.0012367456,5674169,eclipsing_binary
1807.0189222234835,0.90296054,0.001234931,5674169,eclipsing_binary
1807.0203110698772,0.889784,0.0012331374,5674169,eclipsing_binary
1807.0216999167365,0.8773455,0.0012300907,5674169,eclipsing_binary
1807.0230887635958,0.86306965,0.0012263106,5674169,eclipsing_binary
1807.024477610455,0.8488776,0.0012258379,5674169,eclipsing_binary
1807.0258664573144,0.8365541,0.0012231099,5674169,eclipsing_binary
1807.0272553041737,0.825211,0.0012212719,5674169,eclipsing_binary
1807.0286441510325,0.8124702,0.0012190434,5674169,eclipsing_binary
1807.0300329978918,0.8008793,0.001217227,5674169,eclipsing_binary
1807.0314218447515,0.7907712,0.0012154052,5674169,eclipsing_binary
1807.0328106911452,0.78387547,0.0012144212,5674169,eclipsing_binary
1807.034199538004,0.7776673,0.0012152508,5674169,eclipsing_binary
1807.0355883848629,0.7770683,0.0012124933,5674169,eclipsing_binary
1807.0369772317222,0.7763861,0.0012138472,5674169,eclipsing_binary
1807.038366078582,0.7774651,0.0012122731,5674169,eclipsing_binary
1807.0397549254412,0.7761373,0.0012145289,5674169,eclipsing_binary
1807.0411437718344,0.77667534,0.0012128466,5674169,eclipsing_binary
1807.0425326186928,0.77517503,0.0012113005,5674169,eclipsing_binary
1807.043921465553,0.77598196,0.0012146198,5674169,eclipsing_binary
1807.0453103124132,0.7752531,0.0012160512,5674169,eclipsing_binary
1807.0466991592716,0.7766234,0.0012152896,5674169,eclipsing_binary
1807.0480880056648,0.7762918,0.0012131364,5674169,eclipsing_binary
1807.049476852524,0.77721095,0.0012170891,5674169,eclipsing_binary
1807.0508656993838,0.7771564,0.0012156203,5674169,eclipsing_binary
1807.0522545462434,0.7771643,0.0012121021,5674169,eclipsing_binary
1807.0536433926363,0.7790708,0.0012138354,5674169,eclipsing_binary
1807.0550322394956,0.7780555,0.001214489,5674169,eclipsing_binary
1807.056421086355,0.77891695,0.0012130366,5674169,eclipsing_binary
1807.0578099327486,0.7786483,0.0012145133,5674169,eclipsing_binary
1807.0591987796079,0.7802637,0.0012155971,5674169,eclipsing_binary
1807.0605876264667,0.7831023,0.0012164356,5674169,eclipsing_binary
1807.0619764728604,0.79059726,0.0012144785,5674169,eclipsing_binary
1807.0633653197197,0.7987252,0.0012178567,5674169,eclipsing_binary
1807.064754166579,0.8091938,0.0012189612,5674169,eclipsing_binary
1807.0661430129726,0.8213443,0.001220469,5674169,eclipsing_binary
1807.067531859832,0.83331144,0.0012259544,5674169,eclipsing_binary
1807.0689207066912,0.84636915,0.0012246921,5674169,eclipsing_binary
1807.0703095530844,0.8601125,0.0012261877,5674169,eclipsing_binary
1807.0716983999437,0.87343776,0.0012321061,5674169,eclipsing_binary
1807.0730872463382,0.8877173,0.0012330352,5674169,eclipsing_binary
1807.0744760931975,0.9010286,0.0012336256,5674169,eclipsing_binary
1807.075864940056,0.9142017,0.0012365652,5674169,eclipsing_binary
1807.077253786449,0.9278716,0.0012399079,5674169,eclipsing_binary
1807.078642633309,0.93873966,0.001247594,5674169,eclipsing_binary
1807.0800314797034,0.9502542,0.0012416447,5674169,eclipsing_binary
1807.0814203265622,0.9620596,0.0012437038,5674169,eclipsing_binary
1807.082809172955,0.97300076,0.0012460666,5674169,eclipsing_binary
1807.0841980198138,0.9831366,0.0012530382,5674169,eclipsing_binary
1807.085586866208,0.9927877,0.0012509061,5674169,eclipsing_binary
1807.0869757130681,1.0021384,0.00125177,5674169,eclipsing_binary
1807.0883645594613,1.0100985,0.0012528666,5674169,eclipsing_binary
1807.0897534063197,1.0165353,0.0012558604,5674169,eclipsing_binary
1807.0911422527133,1.0246073,0.0012614321,5674169,eclipsing_binary
1807.0925310995735,1.029444,0.0012570621,5674169,eclipsing_binary
1807.0939199459672,1.0358084,0.0012610811,5674169,eclipsing_binary
1807.0953087928256,1.0427186,0.0012605799,5674169,eclipsing_binary
1807.0966976392194,1.0481563,0.0012606808,5674169,eclipsing_binary
1807.0980864856133,1.054574,0.0012637572,5674169,eclipsing_binary
1807.0994753324726,1.0604924,0.001261696,5674169,eclipsing_binary
1807.1008641788662,1.0677029,0.0012682589,5674169,eclipsing_binary
1807.1022530257255,1.070695,0.0012650384,5674169,eclipsing_binary
1807.1036418721192,1.0786289,0.0012632047,5674169,eclipsing_binary
1807.1050307189776,1.0839478,0.0012676407,5674169,eclipsing_binary
1807.1064195653714,1.0889105,0.0012661563,5674169,eclipsing_binary
1807.1078084117653,1.0939227,0.001268474,5674169,eclipsing_binary
1807.1091972586246,1.0993248,0.0012665668,5674169,eclipsing_binary
1807.1105861050182,1.103153,0.0012693218,5674169,eclipsing_binary
1807.111974951411,1.108266,0.001267713,5674169,eclipsing_binary
1807.1133637982703,1.1124791,0.0012710195,5674169,eclipsing_binary
1807.1147526446648,1.1150526,0.0012735488,5674169,eclipsing_binary
1807.1161414910584,1.1181669,0.001273462,5674169,eclipsing_binary
1807.1175303379173,1.1216198,0.001271084,5674169,eclipsing_binary
1807.11891918431,1.1236104,0.0012702069,5674169,eclipsing_binary
1807.1203080307046,1.1257871,0.001271694,5674169,eclipsing_binary
1807.1216968770987,1.1275598,0.0012711172,5674169,eclipsing_binary
1807.1230857239575,1.1299784,0.0012741346,5674169,eclipsing_binary
1807.1244745703507,1.13114,0.0012719833,5674169,eclipsing_binary
1807.1258634167443,1.1302152,0.0012722793,5674169,eclipsing_binary
1807.1272522631384,1.1329148,0.0012734683,5674169,eclipsing_binary
1807.1286411099977,1.1328413,0.0012739499,5674169,eclipsing_binary
1807.130029956391,1.1317601,0.0012731832,5674169,eclipsing_binary
1807.1314188027836,1.1316737,0.0012727313,5674169,eclipsing_binary
1807.1328076491775,1.1316514,0.0012724043,5674169,eclipsing_binary
1807.1341964960375,1.1299665,0.0012712274,5674169,eclipsing_binary
1807.135585342431,1.1283829,0.0012748592,5674169,eclipsing_binary
1807.1369741888243,1.1249589,0.0012759833,5674169,eclipsing_binary
1807.138363035218,1.1229941,0.0012715085,5674169,eclipsing_binary
1807.1397518816116,1.1206771,0.0012734507,5674169,eclipsing_binary
1807.1411407280052,1.115855,0.0012739489,5674169,eclipsing_binary
1807.1425295748645,1.1146524,0.0012706358,5674169,eclipsing_binary
1807.1439184212581,1.1132824,0.0012738017,5674169,eclipsing_binary
1807.1453072676518,1.1072665,0.0012689262,5674169,eclipsing_binary
1807.146696114045,1.10039,0.001266641,5674169,eclipsing_binary
1807.1480849604386,1.0968361,0.0012680423,5674169,eclipsing_binary
1807.149473806833,1.0914441,0.0012664527,5674169,eclipsing_binary
1807.1508626532268,1.0859922,0.0012649462,5674169,eclipsing_binary
1807.1522514996195,1.0818948,0.0012666871,5674169,eclipsing_binary
1807.1536403460127,1.0749701,0.0012645938,5674169,eclipsing_binary
1807.1550291924063,1.0670786,0.001262663,5674169,eclipsing_binary
1807.1564180388004,1.0616326,0.0012610096,5674169,eclipsing_binary
1807.157806885194,1.056541,0.0012614864,5674169,eclipsing_binary
1807.159195732053,1.0491465,0.0012611806,5674169,eclipsing_binary
1807.160584578446,1.0406706,0.0012615616,5674169,eclipsing_binary
1807.1619734248402,1.0336505,0.001258648,5674169,eclipsing_binary
1807.1633622712347,1.027314,0.0012554657,5674169,eclipsing_binary
1807.1647511176275,1.0172081,0.0012554951,5674169,eclipsing_binary
1807.1661399640207,1.008452,0.0012528668,5674169,eclipsing_binary
1807.1675288104143,1.0004373,0.0012531755,5674169,eclipsing_binary
1807.1689176568088,0.99121624,0.0012504775,5674169,eclipsing_binary
1807.1703065027368,0.98077583,0.0012489556,5674169,eclipsing_binary
1807.1716953491295,0.97161365,0.0012463633,5674169,eclipsing_binary
1807.1730841955232,0.9597383,0.0012482379,5674169,eclipsing_binary
1807.1744730419168,0.9487792,0.0012425763,5674169,eclipsing_binary
1807.1758618883105,0.9376204,0.0012399812,5674169,eclipsing_binary
1807.1772507347043,0.9264727,0.0012410862,5674169,eclipsing_binary
1807.1786395810973,0.9141524,0.0012359034,5674169,eclipsing_binary
1807.180028427491,0.90141344,0.0012358073,5674169,eclipsing_binary
1807.1814172738855,0.8893743,0.0012338783,5674169,eclipsing_binary
1807.182806120279,0.8756029,0.0012328754,5674169,eclipsing_binary
1807.1841949666718,0.86311895,0.0012306864,5674169,eclipsing_binary
1807.1855838126,0.85129654,0.0012301122,5674169,eclipsing_binary
1807.186972658994,0.83805454,0.001225788,5674169,eclipsing_binary
1807.1883615053875,0.8253461,0.0012213715,5674169,eclipsing_binary
1807.1897503517812,0.81410295,0.0012203617,5674169,eclipsing_binary
1807.1911391981748,0.80271876,0.0012180054,5674169,eclipsing_binary
1807.1925280445685,0.7935296,0.0012225724,5674169,eclipsing_binary
1807.1939168904955,0.78916085,0.0012131236,5674169,eclipsing_binary
1807.1953057368894,0.7867262,0.0012180727,5674169,eclipsing_binary
1807.1966945832837,0.78390634,0.001216915,5674169,eclipsing_binary
1807.1980834296774,0.7827338,0.0012134174,5674169,eclipsing_binary
1807.1994722760705,0.7817715,0.0012132946,5674169,eclipsing_binary
1807.2008611219976,0.7806194,0.0012140151,5674169,eclipsing_binary
1807.2022499683912,0.7789936,0.0012132477,5674169,eclipsing_binary
1807.2036388147858,0.778139,0.0012134921,5674169,eclipsing_binary
1807.2050276611794,0.7786529,0.0012156647,5674169,eclipsing_binary
1807.206416507107,0.77874595,0.0012145026,5674169,eclipsing_binary
1807.2078053534997,0.77673554,0.0012122114,5674169,eclipsing_binary
1807.2091941998942,0.7761363,0.0012127216,5674169,eclipsing_binary
1807.2105830462883,0.7787969,0.001215426,5674169,eclipsing_binary
1807.2119718922158,0.7787967,0.001212601,5674169,eclipsing_binary
1807.213360738609,0.77892095,0.0012180327,5674169,eclipsing_binary
1807.2147495850027,0.7800287,0.0012137616,5674169,eclipsing_binary
1807.216138430931,0.782066,0.0012138917,5674169,eclipsing_binary
1807.2175272773247,0.78425604,0.0012179494,5674169,eclipsing_binary
1807.218916123718,0.7855461,0.0012134818,5674169,eclipsing_binary
1807.220304969646,0.7910439,0.0012165341,5674169,eclipsing_binary
1807.2216938160395,0.80237883,0.0012214915,5674169,eclipsing_binary
1807.2230826619675,0.8131504,0.0012196315,5674169,eclipsing_binary
1807.2244715083611,0.8242463,0.0012216407,5674169,eclipsing_binary
1807.2258603547543,0.83566314,0.0012265398,5674169,eclipsing_binary
1807.2272492006823,0.8502941,0.0012254565,5674169,eclipsing_binary
1807.228638047076,0.8620495,0.001228927,5674169,eclipsing_binary
1807.230026893004,0.8740418,0.0012326789,5674169,eclipsing_binary
1807.2314157393976,0.8872813,0.0012371623,5674169,eclipsing_binary
1807.2328045857912,0.89948624,0.0012356079,5674169,eclipsing_binary
1807.2341934317192,0.91079956,0.0012378426,5674169,eclipsing_binary
1807.2355822781124,0.92337644,0.0012366007,5674169,eclipsing_binary
1807.2369711240403,0.93441576,0.0012436494,5674169,eclipsing_binary
1807.2383599704347,0.9453293,0.001242282,5674169,eclipsing_binary
1807.2397488163629,0.95518935,0.0012459169,5674169,eclipsing_binary
1807.2411376627556,0.96688503,0.001246018,5674169,eclipsing_binary
1807.242526508683,0.9751408,0.0012481702,5674169,eclipsing_binary
1807.2439153550772,0.9851646,0.0012481017,5674169,eclipsing_binary
1807.245304201006,0.99323255,0.0012511886,5674169,eclipsing_binary
1807.2466930473988,1.0036644,0.001252208,5674169,eclipsing_binary
1807.2480818933263,1.010675,0.001254877,5674169,eclipsing_binary
1807.2494707397195,1.0177873,0.0012531005,5674169,eclipsing_binary
1807.250859585648,1.0251211,0.0012565592,5674169,eclipsing_binary
1807.2522484315768,1.0321021,0.0012556125,5674169,eclipsing_binary
1807.2536372779696,1.0387586,0.0012577936,5674169,eclipsing_binary
1807.255026123897,1.046497,0.0012582713,5674169,eclipsing_binary
1807.2564149702907,1.0513967,0.0012606566,5674169,eclipsing_binary
1807.2578038162194,1.0572206,0.0012648823,5674169,eclipsing_binary
1807.2591926626133,1.0632036,0.0012660677,5674169,eclipsing_binary
1807.2605815085403,1.0676231,0.0012668362,5674169,eclipsing_binary
1807.2619703544683,1.0751727,0.0012638157,5674169,eclipsing_binary
1807.263359200862,1.0818177,0.0012659661,5674169,eclipsing_binary
1807.26474804679,1.0841352,0.001266208,5674169,eclipsing_binary
1807.2661368927181,1.0882319,0.0012661775,5674169,eclipsing_binary
1807.267525739112,1.0902187,0.0012642986,5674169,eclipsing_binary
1807.26891458504,1.100775,0.0012687793,5674169,eclipsing_binary
1807.270303430967,1.1004863,0.0012665426,5674169,eclipsing_binary
1807.2716922773607,1.1028035,0.001268506,5674169,eclipsing_binary
1807.2730811232886,1.1072093,0.0012694813,5674169,eclipsing_binary
1807.2744699692169,1.1100392,0.001272097,5674169,eclipsing_binary
1807.2758588156107,1.1123338,0.0012689473,5674169,eclipsing_binary
1807.2772476615378,1.1137277,0.0012715067,5674169,eclipsing_binary
1807.2786365074658,1.1152432,0.0012712431,5674169,eclipsing_binary
1807.2800253533946,1.1160805,0.0012696035,5674169,eclipsing_binary
1807.2814141997883,1.1172277,0.0012693646,5674169,eclipsing_binary
1807.2828030457154,1.117296,0.0012715177,5674169,eclipsing_binary
1807.2841918916429,1.1179193,0.0012697835,5674169,eclipsing_binary
1807.2855807375718,1.1178217,0.0012741457,5674169,eclipsing_binary
1807.2869695839659,1.1166117,0.0012697747,5674169,eclipsing_binary
1807.2883584298934,1.1163484,0.0012699465,5674169,eclipsing_binary
1807.2897472758204,1.1148305,0.001271595,5674169,eclipsing_binary
1807.2911361217484,1.1130825,0.0012723783,5674169,eclipsing_binary
1807.2925249676773,1.1113499,0.001269091,5674169,eclipsing_binary
1807.2939138136053,1.109946,0.0012734412,5674169,eclipsing_binary
1807.2953026599985,1.1069127,0.0012712325,5674169,eclipsing_binary
1807.2966915059255,1.1061169,0.0012683863,5674169,eclipsing_binary
1807.2980803518535,1.1013525,0.0012677729,5674169,eclipsing_binary
1807.2994691977824,1.0951726,0.0012728344,5674169,eclipsing_binary
1807.3008580437104,1.0935735,0.0012678651,5674169,eclipsing_binary
1807.3022468896377,1.0881112,0.001265331,5674169,eclipsing_binary
1807.3036357355659,1.0848943,0.0012666888,5674169,eclipsing_binary
1807.3050245814939,1.0807855,0.0012662486,5674169,eclipsing_binary
1807.3064134278875,1.0741247,0.0012645458,5674169,eclipsing_binary
1807.3078022738155,1.0699313,0.0012666684,5674169,eclipsing_binary
1807.3091911197434,1.0652596,0.0012638725,5674169,eclipsing_binary
1807.3105799656714,1.0575651,0.0012617817,5674169,eclipsing_binary
1807.311968811599,1.0529215,0.0012596254,5674169,eclipsing_binary
1807.313357657527,1.047987,0.0012598103,5674169,eclipsing_binary
1807.3147465034554,1.0429165,0.0012611966,5674169,eclipsing_binary
1807.3161353493833,1.0354578,0.0012574776,5674169,eclipsing_binary
1807.3175241953109,1.0299852,0.00125481,5674169,eclipsing_binary
1807.318913041238,1.0234171,0.0012582319,5674169,eclipsing_binary
1807.3203018871661,1.0171479,0.0012579171,5674169,eclipsing_binary
1807.3216907330948,1.0110325,0.0012525953,5674169,eclipsing_binary
1807.3230795790228,1.0038282,0.0012545445,5674169,eclipsing_binary
1807.3244684249503,0.9970737,0.0012543508,5674169,eclipsing_binary
1807.3258572708773,0.99040115,0.0012489329,5674169,eclipsing_binary
1807.3272461168062,0.9799607,0.0012475796,5674169,eclipsing_binary
1807.328634962735,0.9709827,0.0012490272,5674169,eclipsing_binary
1807.3300238086622,0.96075046,0.0012499283,5674169,eclipsing_binary
1807.3314126545897,0.95077556,0.0012439063,5674169,eclipsing_binary
1807.3328015005177,0.93973076,0.0012404302,5674169,eclipsing_binary
1807.3341903464461,0.92799515,0.0012372087,5674169,eclipsing_binary
1807.3355791919084,0.9156559,0.0012364343,5674169,eclipsing_binary
1807.336968037836,0.903353,0.0012333437,5674169,eclipsing_binary
1807.338356883764,0.88975257,0.0012323078,5674169,eclipsing_binary
1807.339745729692,0.8766794,0.0012307646,5674169,eclipsing_binary
1807.34113457562,0.86413825,0.0012282853,5674169,eclipsing_binary
1807.3425234215479,0.8517706,0.0012265865,5674169,eclipsing_binary
1807.3439122674758,0.8382825,0.001226251,5674169,eclipsing_binary
1807.3453011129382,0.82497805,0.0012234813,5674169,eclipsing_binary
1807.3466899588657,0.8136377,0.0012261214,5674169,eclipsing_binary
1807.3480788047937,0.8013245,0.0012168386,5674169,eclipsing_binary
1807.3494676507216,0.79203844,0.0012150378,5674169,eclipsing_binary
1807.3508564966496,0.7834882,0.0012167739,5674169,eclipsing_binary
1807.3522453425776,0.77944183,0.0012129974,5674169,eclipsing_binary
1807.3536341880395,0.77663803,0.0012174931,5674169,eclipsing_binary
1807.3550230339674,0.7756849,0.0012136213,5674169,eclipsing_binary
1807.3564118798963,0.7761564,0.0012160576,5674169,eclipsing_binary
1807.3578007258243,0.7751046,0.0012134212,5674169,eclipsing_binary
1807.3591895712857,0.77590716,0.0012130778,5674169,eclipsing_binary
1807.3605784172132,0.7753772,0.0012147847,5674169,eclipsing_binary
1807.3619672631417,0.7738221,0.0012150239,5674169,eclipsing_binary
1807.3633561090705,0.7762958,0.0012122516,5674169,eclipsing_binary
1807.3647449545322,0.7748749,0.0012161983,5674169,eclipsing_binary
1807.3661338004595,0.7757182,0.0012133933,5674169,eclipsing_binary
1807.3675226463874,0.77568936,0.001213703,5674169,eclipsing_binary
1807.3689114918507,0.77720493,0.0012168965,5674169,eclipsing_binary
1807.3703003377786,0.77652895,0.0012172376,5674169,eclipsing_binary
1807.3716891837057,0.77552754,0.00121379,5674169,eclipsing_binary
1807.3730780291676,0.7766946,0.0012132089,5674169,eclipsing_binary
1807.3744668750955,0.77822614,0.0012126601,5674169,eclipsing_binary
1807.3758557210244,0.77961016,0.001212974,5674169,eclipsing_binary
1807.3772445664868,0.7790269,0.0012155222,5674169,eclipsing_binary
1807.3786334124138,0.7807705,0.00121385,5674169,eclipsing_binary
1807.3800222583418,0.787678,0.0012149613,5674169,eclipsing_binary
1807.381411103804,0.7961686,0.001215878,5674169,eclipsing_binary
1807.3827999497323,0.80812925,0.001217445,5674169,eclipsing_binary
1807.3841887951949,0.82089424,0.0012216056,5674169,eclipsing_binary
1807.3855776411228,0.8326431,0.0012233972,5674169,eclipsing_binary
1807.3869664870508,0.84685403,0.0012238695,5674169,eclipsing_binary
1807.3883553325122,0.8602465,0.0012301276,5674169,eclipsing_binary
1807.3897441784402,0.873574,0.0012291189,5674169,eclipsing_binary
1807.3911330239034,0.8860205,0.0012329506,5674169,eclipsing_binary
1807.3925218698314,0.90016896,0.0012379532,5674169,eclipsing_binary
1807.3939107152933,0.91230655,0.0012378385,5674169,eclipsing_binary
1807.3952995612203,0.9252484,0.001239371,5674169,eclipsing_binary
1807.3966884066826,0.9388433,0.0012410061,5674169,eclipsing_binary
1807.3980772526115,0.9532861,0.0012440253,5674169,eclipsing_binary
1807.3994660980738,0.9609384,0.0012448396,5674169,eclipsing_binary
1807.4008549440014,0.9721713,0.0012485256,5674169,eclipsing_binary
1807.4022437894628,0.9811863,0.0012487766,5674169,eclipsing_binary
1807.4036326353917,0.9902327,0.001251576,5674169,eclipsing_binary
1807.4050214808544,0.998874,0.0012492945,5674169,eclipsing_binary
1807.406410326782,1.0080081,0.0012574865,5674169,eclipsing_binary
1807.4077991722434,1.0164214,0.0012563019,5674169,eclipsing_binary
1807.4091880181716,1.0227602,0.0012568496,5674169,eclipsing_binary
1807.4105768636346,1.0297436,0.0012609237,5674169,eclipsing_binary
1807.4119657095625,1.0350059,0.0012581812,5674169,eclipsing_binary
1807.4133545550244,1.0425509,0.001258783,5674169,eclipsing_binary
1807.4147434004867,1.0486015,0.0012630037,5674169,eclipsing_binary
1807.4161322464147,1.0532558,0.0012635058,5674169,eclipsing_binary
1807.417521091877,1.0596362,0.0012605692,5674169,eclipsing_binary
1807.418909937805,1.0666226,0.001265768,5674169,eclipsing_binary
1807.4202987832668,1.0707408,0.0012640797,5674169,eclipsing_binary
1807.4216876287292,1.0763618,0.0012638917,5674169,eclipsing_binary
1807.4230764746571,1.0814809,0.0012655891,5674169,eclipsing_binary
1807.4244653201195,1.0898871,0.0012671923,5674169,eclipsing_binary
1807.4258541655818,1.0916502,0.0012658418,5674169,eclipsing_binary
1807.4272430115097,1.0955372,0.0012667328,5674169,eclipsing_binary
1807.428631856972,1.1024218,0.0012713413,5674169,eclipsing_binary
1807.430020702434,1.105597,0.001270313,5674169,eclipsing_binary
1807.4314095478962,1.1088567,0.0012720408,5674169,eclipsing_binary
1807.4327983938247,1.1130837,0.0012710781,5674169,eclipsing_binary
1807.434187239287,1.1180087,0.001271691,5674169,eclipsing_binary
1807.4355760847488,1.1205751,0.0012703331,5674169,eclipsing_binary
1807.4369649306764,1.1224078,0.001272699,5674169,eclipsing_binary
1807.4383537761391,1.1245694,0.0012722499,5674169,eclipsing_binary
1807.4397426216024,1.1252989,0.0012713089,5674169,eclipsing_binary
1807.4411314670638,1.1301527,0.0012731786,5674169,eclipsing_binary
1807.4425203129913,1.1303369,0.0012729855,5674169,eclipsing_binary
1807.4439091584536,1.1322538,0.0012735266,5674169,eclipsing_binary
1807.4452980039168,1.1317636,0.0012754215,5674169,eclipsing_binary
1807.4466868493791,1.1300639,0.0012769643,5674169,eclipsing_binary
1807.4480756948406,1.1296784,0.0012732178,5674169,eclipsing_binary
1807.449464540768,1.1293634,0.0012734461,5674169,eclipsing_binary
1807.4508533862304,1.129589,0.0012767349,5674169,eclipsing_binary
1807.4522422316932,1.1283548,0.0012749953,5674169,eclipsing_binary
1807.4536310771557,1.12778,0.0012749493,5674169,eclipsing_binary
1807.4550199226173,1.1237664,0.0012730513,5674169,eclipsing_binary
1807.4564087680797,1.124082,0.0012723655,5674169,eclipsing_binary
1807.457797613542,1.1197383,0.0012769143,5674169,eclipsing_binary
1807.45918645947,1.1192119,0.0012737638,5674169,eclipsing_binary
1807.4605753049323,1.1137967,0.0012698033,5674169,eclipsing_binary
1807.4619641503948,1.1103784,0.0012679579,5674169,eclipsing_binary
1807.4633529958573,1.1067271,0.0012746132,5674169,eclipsing_binary
1807.4647418413188,1.0996618,0.0012679129,5674169,eclipsing_binary
1807.466130686781,1.0964297,0.00126787,5674169,eclipsing_binary
1807.4675195322443,1.0904568,0.0012661853,5674169,eclipsing_binary
1807.4689083777066,1.0853053,0.0012654087,5674169,eclipsing_binary
1807.470297223168,1.0814377,0.0012680202,5674169,eclipsing_binary
1807.4716860686299,1.0747086,0.0012681672,5674169,eclipsing_binary
1807.4730749140922,1.06703,0.0012636762,5674169,eclipsing_binary
1807.4744637595554,1.0629383,0.0012649897,5674169,eclipsing_binary
1807.4758526050177,1.0555217,0.0012634832,5674169,eclipsing_binary
1807.4772414504791,1.0477554,0.0012631073,5674169,eclipsing_binary
1807.478630295941,1.0405929,0.0012585116,5674169,eclipsing_binary
1807.480019141404,1.0348953,0.0012581046,5674169,eclipsing_binary
1807.481407986867,1.0267189,0.0012578856,5674169,eclipsing_binary
1807.4827968323289,1.0172937,0.0012544311,5674169,eclipsing_binary
1807.4841856777903,1.0096484,0.0012532516,5674169,eclipsing_binary
1807.4855745232535,0.9988382,0.0012541797,5674169,eclipsing_binary
1807.4869633687163,0.9911589,0.0012493618,5674169,eclipsing_binary
1807.4883522141781,0.9821331,0.0012485654,5674169,eclipsing_binary
1807.4897410596398,0.9709631,0.0012469351,5674169,eclipsing_binary
1807.4911299051023,0.96218306,0.0012457115,5674169,eclipsing_binary
1807.492518750565,0.9501892,0.0012441525,5674169,eclipsing_binary
1807.4939075960274,0.9380582,0.0012426153,5674169,eclipsing_binary
1807.4952964414892,0.9267945,0.0012409633,5674169,eclipsing_binary
1807.496685286486,0.9160507,0.0012396533,5674169,eclipsing_binary
1807.4980741319482,0.9023779,0.0012397208,5674169,eclipsing_binary
1807.4994629774105,0.89003295,0.0012324972,5674169,eclipsing_binary
1807.5008518228728,0.8757505,0.0012293407,5674169,eclipsing_binary
1807.5022406683347,0.8633725,0.0012305748,5674169,eclipsing_binary
1807.503629513797,0.85104847,0.0012249246,5674169,eclipsing_binary
1807.5050183592593,0.8375086,0.0012273259,5674169,eclipsing_binary
1807.506407204256,0.82520384,0.0012230752,5674169,eclipsing_binary
1807.5077960497183,0.81407744,0.0012214623,5674169,eclipsing_binary
1807.5091848951806,0.8023494,0.0012195461,5674169,eclipsing_binary
1807.510573740643,0.79389054,0.0012152873,5674169,eclipsing_binary
1807.5119625861048,0.7887289,0.0012160192,5674169,eclipsing_binary
1807.5133514311015,0.7862724,0.001214316,5674169,eclipsing_binary
1807.5147402765642,0.78319794,0.0012140636,5674169,eclipsing_binary
1807.5161291220268,0.7831004,0.0012148108,5674169,eclipsing_binary
1807.5175179674884,0.7815505,0.0012143014,5674169,eclipsing_binary
1807.5189068124846,0.7803522,0.0012141754,5674169,eclipsing_binary
1807.5202956579474,0.7790313,0.0012132685,5674169,eclipsing_binary
1807.5216845034106,0.77870154,0.0012134801,5674169,eclipsing_binary
1807.523073348872,0.77762526,0.0012118912,5674169,eclipsing_binary
1807.5244621938682,0.777934,0.0012125297,5674169,eclipsing_binary
1807.52585103933,0.7766321,0.0012116246,5674169,eclipsing_binary
1807.5272398847928,0.77723515,0.0012105824,5674169,eclipsing_binary
1807.5286287297904,0.77665544,0.0012156925,5674169,eclipsing_binary
1807.5300175752518,0.77796537,0.0012137452,5674169,eclipsing_binary
1807.5314064207137,0.7791325,0.0012140771,5674169,eclipsing_binary
1807.5327952657103,0.77856845,0.0012154806,5674169,eclipsing_binary
1807.5341841111733,0.7811053,0.0012135531,5674169,eclipsing_binary
1807.5355729566359,0.78223836,0.0012146656,5674169,eclipsing_binary
1807.5369618016316,0.786787,0.0012148045,5674169,eclipsing_binary
1807.538350647094,0.792608,0.0012152457,5674169,eclipsing_binary
1807.5397394925562,0.80019665,0.0012175695,5674169,eclipsing_binary
1807.541128337553,0.8110997,0.001224351,5674169,eclipsing_binary
1807.5425171830154,0.82272667,0.0012208625,5674169,eclipsing_binary
1807.5439060280123,0.8342701,0.0012234482,5674169,eclipsing_binary
1807.5452948734746,0.84857273,0.0012252757,5674169,eclipsing_binary
1807.546683718936,0.85965544,0.0012283829,5674169,eclipsing_binary
1807.5480725639327,0.87285745,0.0012325462,5674169,eclipsing_binary
1807.549461409396,0.88471174,0.0012360823,5674169,eclipsing_binary
1807.5508502543926,0.8959174,0.0012344049,5674169,eclipsing_binary
1807.5522390998544,0.91056544,0.0012367247,5674169,eclipsing_binary
1807.5536279448502,0.92027056,0.0012404337,5674169,eclipsing_binary
1807.5550167903125,0.93236506,0.0012462948,5674169,eclipsing_binary
1807.55640563531,0.94346154,0.0012412531,5674169,eclipsing_binary
1807.5577944807724,0.95580894,0.0012428644,5674169,eclipsing_binary
1807.5591833257681,0.9649769,0.0012481033,5674169,eclipsing_binary
1807.56057217123,0.97412395,0.0012501228,5674169,eclipsing_binary
1807.5619610162275,0.984047,0.001246655,5674169,eclipsing_binary
1807.5633498616903,0.9923449,0.0012506698,5674169,eclipsing_binary
1807.5647387066865,1.0011085,0.0012511786,5674169,eclipsing_binary
1807.566127552148,1.0083076,0.0012524023,5674169,eclipsing_binary
1807.5675163971446,1.0171524,0.0012548465,5674169,eclipsing_binary
1807.5689052421421,1.0243306,0.0012577715,5674169,eclipsing_binary
1807.5702940876045,1.030659,0.0012551758,5674169,eclipsing_binary
1807.5716829326007,1.038325,0.0012590087,5674169,eclipsing_binary
1807.573071778063,1.0446385,0.0012626182,5674169,eclipsing_binary
1807.5744606230596,1.0498517,0.0012605377,5674169,eclipsing_binary
1807.5758494680563,1.055845,0.0012618076,5674169,eclipsing_binary
1807.5772383135186,1.0624534,0.0012642633,5674169,eclipsing_binary
1807.5786271585146,1.0668968,0.001265826,5674169,eclipsing_binary
1807.580016003977,1.0736934,0.0012658078,5674169,eclipsing_binary
1807.5814048489738,1.0792559,0.0012643167,5674169,eclipsing_binary
1807.5827936939704,1.0825258,0.0012635778,5674169,eclipsing_binary
1807.5841825394327,1.0874673,0.0012692936,5674169,eclipsing_binary
1807.5855713844294,1.0931834,0.001266689,5674169,eclipsing_binary
1807.586960229426,1.0968412,0.0012678779,5674169,eclipsing_binary
1807.588349074888,1.0990002,0.0012685123,5674169,eclipsing_binary
1807.5897379198846,1.1025065,0.0012672191,5674169,eclipsing_binary
1807.5911267648817,1.1045326,0.0012690872,5674169,eclipsing_binary
1807.5925156098783,1.109517,0.0012692563,5674169,eclipsing_binary
1807.5939044553402,1.1109558,0.0012683938,5674169,eclipsing_binary
1807.595293300336,1.1125399,0.0012691356,5674169,eclipsing_binary
1807.5966821453335,1.112233,0.0012724343,5674169,eclipsing_binary
1807.598070990331,1.117605,0.0012715198,5674169,eclipsing_binary
1807.5994598357925,1.1174126,0.001271514,5674169,eclipsing_binary
1807.6008486807887,1.1169225,0.0012728433,5674169,eclipsing_binary
1807.6022375257853,1.1174879,0.0012729666,5674169,eclipsing_binary
1807.6036263707824,1.1160482,0.0012729373,5674169,eclipsing_binary
1807.605015216245,1.1162673,0.0012714938,5674169,eclipsing_binary
1807.606404061241,1.1158264,0.0012697445,5674169,eclipsing_binary
1807.6077929062371,1.1158555,0.0012725836,5674169,eclipsing_binary
1807.6091817512338,1.1136712,0.0012719663,5674169,eclipsing_binary
1807.610570596231,1.1103514,0.00126942,5674169,eclipsing_binary
1807.6119594412276,1.1088866,0.0012677102,5674169,eclipsing_binary
1807.6133482866894,1.1074249,0.0012688928,5674169,eclipsing_binary
1807.614737131686,1.1043953,0.0012682298,5674169,eclipsing_binary
1807.6161259766827,1.1001142,0.0012683148,5674169,eclipsing_binary
1807.6175148216794,1.0970657,0.0012687559,5674169,eclipsing_binary
1807.618903666676,1.094964,0.0012677052,5674169,eclipsing_binary
1807.6202925116727,1.0886424,0.0012648866,5674169,eclipsing_binary
1807.6216813566693,1.083765,0.0012647914,5674169,eclipsing_binary
1807.6230702016655,1.0804352,0.0012645479,5674169,eclipsing_binary
1807.6244590471279,1.0750479,0.0012664305,5674169,eclipsing_binary
1807.6258478921254,1.0702318,0.0012617444,5674169,eclipsing_binary
1807.627236737122,1.0647179,0.0012641863,5674169,eclipsing_binary
1807.6286255821178,1.058644,0.0012601499,5674169,eclipsing_binary
1807.630014427114,1.0528355,0.0012609066,5674169,eclipsing_binary
1807.6314032721107,1.0472586,0.0012638257,5674169,eclipsing_binary
1807.6327921171082,1.0429159,0.0012607316,5674169,eclipsing_binary
1807.634180962105,1.03657,0.0012565578,5674169,eclipsing_binary
1807.6355698071006,1.0291018,0.0012582042,5674169,eclipsing_binary
1807.6369586520968,1.0238847,0.0012561383,5674169,eclipsing_binary
1807.638347497094,1.0166618,0.001253173,5674169,eclipsing_binary
1807.6397363420915,1.010542,0.0012594614,5674169,eclipsing_binary
1807.6411251870875,1.0036818,0.0012548037,5674169,eclipsing_binary
1807.6425140320835,0.9968173,0.0012503229,5674169,eclipsing_binary
1807.64390287708,0.9878839,0.0012498727,5674169,eclipsing_binary
1807.6452917220777,0.97877175,0.001249548,5674169,eclipsing_binary
1807.6466805670743,0.9709084,0.0012484627,5674169,eclipsing_binary
1807.64806941207,0.96066374,0.0012467175,5674169,eclipsing_binary
1807.649458257067,0.9503874,0.0012421253,5674169,eclipsing_binary
1807.6508471020638,0.94177747,0.0012403476,5674169,eclipsing_binary
1807.6522359465948,0.92879593,0.0012398312,5674169,eclipsing_binary
1807.6536247915915,0.9172853,0.0012396381,5674169,eclipsing_binary
1807.6550136365881,0.9041305,0.0012357589,5674169,eclipsing_binary
1807.6564024815848,0.8913371,0.0012335643,5674169,eclipsing_binary
1807.6577913265805,0.8779739,0.0012313526,5674169,eclipsing_binary
1807.6591801715774,0.8642283,0.0012277504,5674169,eclipsing_binary
1807.6605690165743,0.8516112,0.0012261961,5674169,eclipsing_binary
1807.661957861571,0.8384483,0.0012231434,5674169,eclipsing_binary
1807.663346706102,0.8261697,0.0012206382,5674169,eclipsing_binary
1807.6647355510977,0.81426096,0.0012196458,5674169,eclipsing_binary
1807.6661243960943,0.8028563,0.0012186806,5674169,eclipsing_binary
1807.667513241092,0.792626,0.0012150015,5674169,eclipsing_binary
1807.6689020860886,0.78325343,0.001214946,5674169,eclipsing_binary
1807.670290930619,0.778573,0.0012152307,5674169,eclipsing_binary
1807.6716797756148,0.7757749,0.0012139906,5674169,eclipsing_binary
1807.6730686206124,0.77638996,0.0012138584,5674169,eclipsing_binary
1807.6744574656095,0.7744502,0.0012143725,5674169,eclipsing_binary
1807.6758463106057,0.7742469,0.0012124167,5674169,eclipsing_binary
1807.6772351551363,0.7749308,0.0012151148,5674169,eclipsing_binary
1807.678624000133,0.7741362,0.0012119635,5674169,eclipsing_binary
1807.68001284513,0.77418756,0.0012123326,5674169,eclipsing_binary
1807.6814016901267,0.77476496,0.0012127693,5674169,eclipsing_binary
1807.6827905346572,0.7750072,0.0012114005,5674169,eclipsing_binary
1807.6841793796539,0.77498466,0.0012131605,5674169,eclipsing_binary
1807.6855682246505,0.7760227,0.0012146749,5674169,eclipsing_binary
1807.6869570691815,0.7761138,0.0012126568,5674169,eclipsing_binary
1807.6883459141782,0.7759826,0.0012125062,5674169,eclipsing_binary
1807.6897347591744,0.7778858,0.0012121837,5674169,eclipsing_binary
1807.6911236037054,0.7767214,0.0012143218,5674169,eclipsing_binary
1807.692512448702,0.7787737,0.0012150394,5674169,eclipsing_binary
1807.6939012936987,0.7780476,0.0012150332,5674169,eclipsing_binary
1807.6952901382297,0.7799555,0.001214267,5674169,eclipsing_binary
1807.6966789832263,0.78066117,0.0012136138,5674169,eclipsing_binary
1807.698067828223,0.78572875,0.0012198309,5674169,eclipsing_binary
1807.6994566727535,0.7957677,0.0012170222,5674169,eclipsing_binary
1807.7008455177502,0.8071104,0.0012174883,5674169,eclipsing_binary
1807.7022343622818,0.81806743,0.0012198921,5674169,eclipsing_binary
1807.7036232072787,0.830255,0.0012218535,5674169,eclipsing_binary
1807.7050120522745,0.8439456,0.0012234462,5674169,eclipsing_binary
1807.706400896805,0.8573716,0.0012261274,5674169,eclipsing_binary
1807.7077897418021,0.8707777,0.0012306011,5674169,eclipsing_binary
1807.709178586334,0.88511646,0.0012420489,5674169,eclipsing_binary
1807.7105674313298,0.8972884,0.0012343591,5674169,eclipsing_binary
1807.7119562758603,0.910636,0.0012407048,5674169,eclipsing_binary
1807.7133451208565,0.9240609,0.0012423531,5674169,eclipsing_binary
1807.714733965388,0.9352145,0.001242617,5674169,eclipsing_binary
1807.7161228103855,0.94869274,0.0012448692,5674169,eclipsing_binary
1807.7175116549156,0.96023375,0.0012454025,5674169,eclipsing_binary
1807.7189004999118,0.96989477,0.0012469008,5674169,eclipsing_binary
1807.7202893444428,0.9793697,0.001246618,5674169,eclipsing_binary
1807.7216781894401,0.98969406,0.001248983,5674169,eclipsing_binary
1807.7230670339713,0.99800545,0.0012557734,5674169,eclipsing_binary
1807.724455878967,1.0067432,0.0012529923,5674169,eclipsing_binary
1807.725844723498,1.0145953,0.0012587481,5674169,eclipsing_binary
1807.7272335684947,1.0214014,0.0012595594,5674169,eclipsing_binary
1807.7286224130257,1.0275569,0.0012566223,5674169,eclipsing_binary
1807.7300112580226,1.0367535,0.001261558,5674169,eclipsing_binary
1807.7314001025538,1.0391039,0.0012602585,5674169,eclipsing_binary
1807.7327889470848,1.0491725,0.001262507,5674169,eclipsing_binary
1807.7341777920806,1.0528361,0.0012595003,5674169,eclipsing_binary
1807.7355666366116,1.0591065,0.0012617648,5674169,eclipsing_binary
1807.7369554816091,1.066004,0.001267891,5674169,eclipsing_binary
1807.7383443261401,1.0714517,0.001262361,5674169,eclipsing_binary
1807.7397331706707,1.0781088,0.0012653883,5674169,eclipsing_binary
1807.7411220156664,1.0804412,0.0012633244,5674169,eclipsing_binary
1807.7425108601974,1.0862086,0.0012643151,5674169,eclipsing_binary
1807.7438997047293,1.0923442,0.0012713885,5674169,eclipsing_binary
1807.745288549726,1.0958717,0.001267346,5674169,eclipsing_binary
1807.746677394256,1.1017638,0.001272096,5674169,eclipsing_binary
1807.7480662387866,1.1073574,0.0012718907,5674169,eclipsing_binary
1807.7494550837841,1.109098,0.0012753406,5674169,eclipsing_binary
1807.7508439283156,1.1133652,0.0012722828,5674169,eclipsing_binary
1807.7522327728461,1.1165862,0.0012694496,5674169,eclipsing_binary
1807.7536216178419,1.1188056,0.0012710302,5674169,eclipsing_binary
1807.7550104623729,1.119564,0.0012695224,5674169,eclipsing_binary
1807.7563993069048,1.1248719,0.0012724631,5674169,eclipsing_binary
1807.7577881514358,1.127235,0.0012731036,5674169,eclipsing_binary
1807.759176996432,1.1276263,0.0012729631,5674169,eclipsing_binary
1807.760565840963,1.1288366,0.0012729843,5674169,eclipsing_binary
1807.761954685494,1.1286908,0.0012722549,5674169,eclipsing_binary
1807.763343530025,1.1298591,0.001273532,5674169,eclipsing_binary
1807.7647323750216,1.1294186,0.0012718306,5674169,eclipsing_binary
1807.7661212195526,1.131431,0.0012779768,5674169,eclipsing_binary
1807.7675100640836,1.1320934,0.0012752403,5674169,eclipsing_binary
1807.7688989086141,1.1302928,0.0012727545,5674169,eclipsing_binary
1807.770287753145,1.1267034,0.0012718006,5674169,eclipsing_binary
1807.771676597676,1.1266781,0.0012723224,5674169,eclipsing_binary
1807.7730654426728,1.1241143,0.001270939,5674169,eclipsing_binary
1807.7744542872038,1.1220471,0.0012731733,5674169,eclipsing_binary
1807.7758431317343,1.1210535,0.0012706858,5674169,eclipsing_binary
1807.7772319762653,1.1145983,0.0012737083,5674169,eclipsing_binary
1807.7786208207967,1.1119082,0.00127367,5674169,eclipsing_binary
1807.7800096653277,1.1091617,0.0012743018,5674169,eclipsing_binary
1807.7813985098583,1.1049918,0.0012729499,5674169,eclipsing_binary
1807.782787354854,1.0999123,0.0012686184,5674169,eclipsing_binary
1807.784176199386,1.095558,0.001270242,5674169,eclipsing_binary
1807.7855650439178,1.0909928,0.0012676804,5674169,eclipsing_binary
1807.786953888448,1.0851142,0.0012677634,5674169,eclipsing_binary
1807.7883427329784,1.078369,0.0012704621,5674169,eclipsing_binary
1807.7897315775094,1.0735049,0.0012647435,5674169,eclipsing_binary
1807.7911204220409,1.0681974,0.0012661292,5674169,eclipsing_binary
1807.792509266572,1.0606922,0.0012622926,5674169,eclipsing_binary
1807.7938981111024,1.0555944,0.0012611205,5674169,eclipsing_binary
1807.7952869556334,1.0496367,0.0012614835,5674169,eclipsing_binary
1807.7966758001644,1.040857,0.0012592808,5674169,eclipsing_binary
1807.7980646446954,1.0334111,0.0012577884,5674169,eclipsing_binary
1807.7994534892264,1.0255469,0.0012561237,5674169,eclipsing_binary
1807.800842333757,1.0182501,0.0012571717,5674169,eclipsing_binary
1807.802231178288,1.010186,0.0012546212,5674169,eclipsing_binary
1807.8036200228198,1.0013286,0.0012513042,5674169,eclipsing_binary
1807.8050088673508,0.9907808,0.00124806,5674169,eclipsing_binary
1807.806397711881,0.9820077,0.0012499139,5674169,eclipsing_binary
1807.8077865564119,0.9721641,0.0012454051,5674169,eclipsing_binary
1807.8091754009429,0.96177703,0.0012458616,5674169,eclipsing_binary
1807.810564245474,0.95087326,0.0012466812,5674169,eclipsing_binary
1807.8119530900053,0.9394114,0.0012462832,5674169,eclipsing_binary
1807.8133419345363,0.9282653,0.0012407445,5674169,eclipsing_binary
1807.8147307790673,0.9162551,0.0012395193,5674169,eclipsing_binary
1807.8161196231317,0.90276295,0.0012353876,5674169,eclipsing_binary
1807.8175084676627,0.89144194,0.001232495,5674169,eclipsing_binary
1807.8188973121946,0.8764504,0.0012313193,5674169,eclipsing_binary
1807.8202861567256,0.8639157,0.0012294842,5674169,eclipsing_binary
1807.8216750012562,0.85167223,0.0012251725,5674169,eclipsing_binary
1807.8230638457862,0.8379773,0.0012290595,5674169,eclipsing_binary
1807.8244526903181,0.82669884,0.0012236617,5674169,eclipsing_binary
1807.825841534384,0.81316113,0.0012240509,5674169,eclipsing_binary
1807.8272303789145,0.80382115,0.0012224629,5674169,eclipsing_binary
1807.828619223445,0.79348314,0.001215679,5674169,eclipsing_binary
1807.830008067975,0.7887901,0.0012160003,5674169,eclipsing_binary
1807.831396912507,0.7859107,0.0012158726,5674169,eclipsing_binary
1807.8327857565728,0.7840898,0.0012153932,5674169,eclipsing_binary
1807.8341746011033,0.7825395,0.0012164158,5674169,eclipsing_binary
1807.8355634456334,0.7799219,0.0012127387,5674169,eclipsing_binary
1807.8369522901646,0.7794698,0.0012138687,5674169,eclipsing_binary
1807.8383411346963,0.7799002,0.0012132195,5674169,eclipsing_binary
1807.8397299787616,0.77751964,0.0012127598,5674169,eclipsing_binary
1807.8411188232922,0.7772353,0.0012135087,5674169,eclipsing_binary
1807.8425076678232,0.77818394,0.00121251,5674169,eclipsing_binary
1807.8438965123541,0.776172,0.001213121,5674169,eclipsing_binary
1807.8452853564195,0.7766721,0.001212357,5674169,eclipsing_binary
1807.8466742009505,0.77623945,0.001213557,5674169,eclipsing_binary
1807.8480630454815,0.77715003,0.0012121507,5674169,eclipsing_binary
1807.8494518895468,0.77804023,0.001211913,5674169,eclipsing_binary
1807.8508407340773,0.7793964,0.0012126539,5674169,eclipsing_binary
1807.8522295786083,0.77941203,0.0012131874,5674169,eclipsing_binary
1807.8536184226743,0.78323674,0.0012193847,5674169,eclipsing_binary
1807.8550072672056,0.78481853,0.0012169402,5674169,eclipsing_binary
1807.8563961117356,0.7898191,0.0012169398,5674169,eclipsing_binary
1807.8577849558005,0.79915756,0.0012164231,5674169,eclipsing_binary
1807.8591738003315,0.80968094,0.0012174558,5674169,eclipsing_binary
1807.860562644863,0.82030946,0.001222573,5674169,eclipsing_binary
1807.8619514889283,0.83400154,0.0012213195,5674169,eclipsing_binary
1807.8633403334588,0.8458476,0.0012251993,5674169,eclipsing_binary
1807.8647291775237,0.8603976,0.0012277323,5674169,eclipsing_binary
1807.8661180220552,0.8715003,0.0012289158,5674169,eclipsing_binary
1807.867506866587,0.8859337,0.0012323569,5674169,eclipsing_binary
1807.8688957106515,0.8955468,0.0012341702,5674169,eclipsing_binary
1807.870284555182,0.90911883,0.0012345,5674169,eclipsing_binary
1807.8716733992474,0.9197007,0.0012444297,5674169,eclipsing_binary
1807.873062243779,0.9308998,0.0012386485,5674169,eclipsing_binary
1807.8744510878446,0.9434608,0.001245555,5674169,eclipsing_binary
1807.8758399323747,0.95268345,0.0012426586,5674169,eclipsing_binary
1807.87722877644,0.96314037,0.0012463481,5674169,eclipsing_binary
1807.878617620971,0.97348136,0.0012474065,5674169,eclipsing_binary
1807.8800064650363,0.9822061,0.0012504676,5674169,eclipsing_binary
1807.8813953095676,0.9898167,0.001249157,5674169,eclipsing_binary
1807.882784153633,1.0010695,0.0012531999,5674169,eclipsing_binary
1807.884172998164,1.008099,0.0012543148,5674169,eclipsing_binary
1807.8855618422285,1.0153759,0.0012537644,5674169,eclipsing_binary
1807.8869506867595,1.0225124,0.0012544469,5674169,eclipsing_binary
1807.8883395308249,1.0308973,0.0012602218,5674169,eclipsing_binary
1807.889728375356,1.0367508,0.0012589906,5674169,eclipsing_binary
1807.8911172194216,1.042957,0.0012599045,5674169,eclipsing_binary
1807.8925060639517,1.0497053,0.0012623996,5674169,eclipsing_binary
1807.893894908017,1.0559356,0.0012629094,5674169,eclipsing_binary
1807.8952837520833,1.0614935,0.0012616143,5674169,eclipsing_binary
1807.8966725966143,1.0662417,0.0012644134,5674169,eclipsing_binary
1807.8980614406787,1.0715623,0.0012648663,5674169,eclipsing_binary
1807.8994502852092,1.0780145,0.0012670103,5674169,eclipsing_binary
1807.9008391292755,1.0816374,0.0012707715,5674169,eclipsing_binary
1807.9022279733413,1.0860002,0.0012655518,5674169,eclipsing_binary
1807.9036168178718,1.0910529,0.0012657705,5674169,eclipsing_binary
1807.9050056619362,1.0945091,0.0012705802,5674169,eclipsing_binary
1807.9063945060016,1.099557,0.0012689657,5674169,eclipsing_binary
1807.9077833505335,1.103767,0.0012714628,5674169,eclipsing_binary
1807.9091721945988,1.1047326,0.0012705943,5674169,eclipsing_binary
1807.9105610386637,1.1084281,0.0012738361,5674169,eclipsing_binary
1807.9119498831947,1.1104778,0.0012711706,5674169,eclipsing_binary
1807.91333872726,1.1130865,0.0012727089,5674169,eclipsing_binary
1807.9147275713253,1.1140254,0.0012753058,5674169,eclipsing_binary
1807.9161164158563,1.1159368,0.0012714629,5674169,eclipsing_binary
1807.917505259921,1.116609,0.0012700902,5674169,eclipsing_binary
1807.9188941039865,1.1179125,0.0012721492,5674169,eclipsing_binary
1807.9202829480519,1.1179148,0.0012707104,5674169,eclipsing_binary
1807.9216717925829,1.1172847,0.0012708447,5674169,eclipsing_binary
1807.9230606366482,1.1166646,0.0012713821,5674169,eclipsing_binary
1807.9244494807135,1.115701,0.0012708347,5674169,eclipsing_binary
1807.9258383247789,1.1138399,0.0012716886,5674169,eclipsing_binary
1807.9272271688437,1.1124358,0.0012751087,5674169,eclipsing_binary
1807.9286160133747,1.1106409,0.0012723791,5674169,eclipsing_binary
1807.9300048574405,1.1087826,0.0012694519,5674169,eclipsing_binary
1807.9313937015058,1.1069804,0.0012682601,5674169,eclipsing_binary
1807.9327825455707,1.1041255,0.0012687686,5674169,eclipsing_binary
1807.9341713896351,1.099342,0.0012678888,5674169,eclipsing_binary
1807.935560234167,1.0961374,0.0012669192,5674169,eclipsing_binary
1807.9369490782333,1.0932734,0.0012703384,5674169,eclipsing_binary
1807.9383379222977,1.0882192,0.0012668925,5674169,eclipsing_binary
1807.9397267663626,1.0852125,0.0012651233,5674169,eclipsing_binary
1807.941115610428,1.080015,0.0012678521,5674169,eclipsing_binary
1807.9425044544937,1.0755692,0.0012669133,5674169,eclipsing_binary
1807.9438932985593,1.0708007,0.0012636946,5674169,eclipsing_binary
1807.945282142624,1.0637302,0.001264359,5674169,eclipsing_binary
1807.9466709871544,1.0601927,0.0012610677,5674169,eclipsing_binary
1807.9480598312198,1.0541539,0.0012636461,5674169,eclipsing_binary
1807.9494486752856,1.051249,0.0012649118,5674169,eclipsing_binary
1807.950837519351,1.0417821,0.0012589475,5674169,eclipsing_binary
1807.9522263634158,1.0369891,0.0012591663,5674169,eclipsing_binary
1807.953615207481,1.0300542,0.0012616974,5674169,eclipsing_binary
1807.9550040515464,1.0258635,0.0012552164,5674169,eclipsing_binary
1807.9563928956118,1.0184405,0.0012538143,5674169,eclipsing_binary
1807.957781739677,1.011073,0.001254646,5674169,eclipsing_binary
1807.9591705837424,1.0029123,0.0012532807,5674169,eclipsing_binary
1807.9605594278078,0.99725467,0.0012515291,5674169,eclipsing_binary
1807.9619482718726,0.9890474,0.0012499962,5674169,eclipsing_binary
1807.963337115938,0.98152053,0.0012491527,5674169,eclipsing_binary
1807.9647259600042,0.9714948,0.0012463835,5674169,eclipsing_binary
1807.9661148040695,0.9612706,0.0012453104,5674169,eclipsing_binary
1807.967503648134,0.9510651,0.0012455601,5674169,eclipsing_binary
1807.9688924921988,0.94102657,0.0012406802,5674169,eclipsing_binary
1807.9702813362649,0.931637,0.0012384816,5674169,eclipsing_binary
1807.9716701803309,0.9202625,0.0012382413,5674169,eclipsing_binary
1807.9730590243958,0.9042437,0.0012334904,5674169,eclipsing_binary
1807.9744478684602,0.8920056,0.0012332957,5674169,eclipsing_binary
1807.975836712525,0.87971383,0.0012330468,5674169,eclipsing_binary
1807.9772255565908,0.8674232,0.0012338713,5674169,eclipsing_binary
1807.9786144001914,0.8537974,0.0012275424,5674169,eclipsing_binary
1807.9800032442563,0.8405275,0.0012244218,5674169,eclipsing_binary
1807.9813920883207,0.8261491,0.0012213124,5674169,eclipsing_binary
1807.982780932386,0.8147033,0.0012214415,5674169,eclipsing_binary
1807.9841697764523,0.80324715,0.001217962,5674169,eclipsing_binary
1807.9855586205176,0.79244995,0.0012144618,5674169,eclipsing_binary
1807.9966693721076,0.7740484,0.00121237,5674169,eclipsing_binary
1807.9980582161731,0.7740141,0.0012128527,5674169,eclipsing_binary
1807.9994470602392,0.7742921,0.0012122123,5674169,eclipsing_binary
1808.0008359043045,0.7726478,0.0012165,5674169,eclipsing_binary
1808.0022247479037,0.7734494,0.0012121778,5674169,eclipsing_binary
1808.0036135919681,0.77369297,0.0012133402,5674169,eclipsing_binary
1808.0050024360344,0.77668726,0.0012120275,5674169,eclipsing_binary
1808.0063912801006,0.7743967,0.0012142941,5674169,eclipsing_binary
1808.0077801236994,0.7759405,0.0012117786,5674169,eclipsing_binary
1808.0091689677643,0.77665544,0.0012139803,5674169,eclipsing_binary
1808.0105578118287,0.7756377,0.0012114642,5674169,eclipsing_binary
1808.011946655895,0.7767055,0.0012144902,5674169,eclipsing_binary
1808.013335499495,0.77683616,0.0012146119,5674169,eclipsing_binary
1808.01472434356,0.77947015,0.0012131796,5674169,eclipsing_binary
1808.0161131876248,0.78451973,0.0012124844,5674169,eclipsing_binary
1808.0175020312245,0.79311854,0.0012185145,5674169,eclipsing_binary
1808.0188908752903,0.8031115,0.0012207063,5674169,eclipsing_binary
1808.0202797193556,0.8156292,0.0012196668,5674169,eclipsing_binary
1808.0216685629548,0.8278536,0.0012237484,5674169,eclipsing_binary
1808.0230574070201,0.84014225,0.0012279302,5674169,eclipsing_binary
1808.0244462506198,0.8543583,0.0012278338,5674169,eclipsing_binary
1808.0258350946851,0.8643659,0.0012269508,5674169,eclipsing_binary
1808.0272239387505,0.88215137,0.0012303031,5674169,eclipsing_binary
1808.0286127823501,0.89661527,0.0012321598,5674169,eclipsing_binary
1808.0300016264155,0.9080117,0.0012405631,5674169,eclipsing_binary
1808.0313904700147,0.92145216,0.0012375508,5674169,eclipsing_binary
1808.03277931408,0.93217343,0.001238508,5674169,eclipsing_binary
1808.0341681581463,0.94524586,0.0012427068,5674169,eclipsing_binary
1808.035557001746,0.956973,0.0012448932,5674169,eclipsing_binary
1808.0369458458104,0.9681479,0.0012462153,5674169,eclipsing_binary
1808.0383346894096,0.9781558,0.0012496639,5674169,eclipsing_binary
1808.039723533475,0.98811495,0.001252934,5674169,eclipsing_binary
1808.0411123770753,0.99472153,0.0012511263,5674169,eclipsing_binary
1808.0425012211408,1.0057739,0.0012553541,5674169,eclipsing_binary
1808.0438900647396,1.0125362,0.0012540559,5674169,eclipsing_binary
1808.0452789088044,1.0178304,0.0012547686,5674169,eclipsing_binary
1808.0466677524046,1.0267643,0.0012557905,5674169,eclipsing_binary
1808.0480565964708,1.0336171,0.0012565253,5674169,eclipsing_binary
1808.0494454400696,1.0373104,0.0012582035,5674169,eclipsing_binary
1808.0508342841345,1.0459013,0.0012629001,5674169,eclipsing_binary
1808.0522231277341,1.0518209,0.0012598815,5674169,eclipsing_binary
1808.0536119718004,1.0564518,0.0012608045,5674169,eclipsing_binary
1808.0550008154,1.0640496,0.0012629296,5674169,eclipsing_binary
1808.0563896589988,1.0718397,0.0012635943,5674169,eclipsing_binary
1808.0577785030641,1.0739311,0.0012646161,5674169,eclipsing_binary
1808.059167346664,1.0773141,0.0012665623,5674169,eclipsing_binary
1808.0605561907296,1.0865127,0.0012653054,5674169,eclipsing_binary
1808.0619450343293,1.0899742,0.001264902,5674169,eclipsing_binary
1808.063333877929,1.0939679,0.0012684183,5674169,eclipsing_binary
1808.0647227219943,1.1006433,0.0012689752,5674169,eclipsing_binary
1808.066111565593,1.1037128,0.0012700907,5674169,eclipsing_binary
1808.0675004096584,1.1064396,0.001268922,5674169,eclipsing_binary
1808.068889253259,1.111281,0.0012705871,5674169,eclipsing_binary
1808.0702780968586,1.1146961,0.0012721667,5674169,eclipsing_binary
1808.0716669409235,1.1154227,0.0012761335,5674169,eclipsing_binary
1808.0730557845222,1.1185648,0.0012742246,5674169,eclipsing_binary
1808.074444628122,1.1210092,0.0012708226,5674169,eclipsing_binary
1808.0758334721882,1.1246556,0.0012743273,5674169,eclipsing_binary
1808.0772223157878,1.125117,0.0012733714,5674169,eclipsing_binary
1808.078611159387,1.1276436,0.0012722503,5674169,eclipsing_binary
1808.0800000029858,1.1300819,0.0012724112,5674169,eclipsing_binary
1808.081388847052,1.1301912,0.001273061,5674169,eclipsing_binary
1808.0827776906522,1.1298574,0.0012731457,5674169,eclipsing_binary
1808.0841665342514,1.1293914,0.0012798824,5674169,eclipsing_binary
1808.0855553778501,1.1300192,0.0012733152,5674169,eclipsing_binary
1808.0869442219157,1.1288477,0.0012746765,5674169,eclipsing_binary
1808.088333065516,1.1280057,0.0012719055,5674169,eclipsing_binary
1808.0897219091157,1.1253358,0.0012706936,5674169,eclipsing_binary
1808.09388844038,1.1184994,0.0012690605,5674169,eclipsing_binary
1808.0952772839796,1.1142869,0.0012699255,5674169,eclipsing_binary
1808.0966661275793,1.1130152,0.0012723716,5674169,eclipsing_binary
1808.098054971179,1.107898,0.0012707971,5674169,eclipsing_binary
1808.0994438147786,1.1050023,0.0012714305,5674169,eclipsing_binary
1808.1008326588435,1.0992548,0.0012682069,5674169,eclipsing_binary
1808.1022215024432,1.0939528,0.0012659272,5674169,eclipsing_binary
1808.1036103460428,1.0886202,0.001264959,5674169,eclipsing_binary
1808.1049991896425,1.0863179,0.0012687464,5674169,eclipsing_binary
1808.1063880332422,1.0784155,0.00126356,5674169,eclipsing_binary
1808.1077768768419,1.074005,0.0012620068,5674169,eclipsing_binary
1808.1091657204415,1.0684787,0.001264192,5674169,eclipsing_binary
1808.1105545645069,1.0624769,0.0012610193,5674169,eclipsing_binary
1808.1119434081065,1.0540941,0.0012613046,5674169,eclipsing_binary
1808.1133322517057,1.0484923,0.0012603949,5674169,eclipsing_binary
1808.1147210953054,1.0406718,0.0012582805,5674169,eclipsing_binary
1808.116109938906,1.0346797,0.0012569356,5674169,eclipsing_binary
1808.1174987825057,1.0266593,0.0012570292,5674169,eclipsing_binary
1808.1188876261044,1.0191258,0.0012576804,5674169,eclipsing_binary
1808.1202764697036,1.0095994,0.0012528112,5674169,eclipsing_binary
1808.121665313304,1.0014982,0.0012517051,5674169,eclipsing_binary
1808.1230541569043,0.9930809,0.0012515998,5674169,eclipsing_binary
1808.1244430005036,0.98223954,0.0012477291,5674169,eclipsing_binary
1808.1258318441023,0.9730422,0.0012471874,5674169,eclipsing_binary
1808.127220687702,0.9612108,0.0012460497,5674169,eclipsing_binary
1808.1286095313026,0.95057553,0.0012436431,5674169,eclipsing_binary
1808.1299983749022,0.9377959,0.0012400042,5674169,eclipsing_binary
1808.1313872185015,0.9285279,0.0012415227,5674169,eclipsing_binary
1808.1327760621011,0.9166428,0.0012373953,5674169,eclipsing_binary
1808.1341649057008,0.9033336,0.0012420899,5674169,eclipsing_binary
1808.1355537493005,0.89096045,0.0012388775,5674169,eclipsing_binary
1808.1369425929001,0.87872076,0.0012292836,5674169,eclipsing_binary
1808.138331436499,0.8653957,0.0012280275,5674169,eclipsing_binary
1808.1397202800988,0.8526461,0.0012256636,5674169,eclipsing_binary
1808.1411091236987,0.838634,0.0012268422,5674169,eclipsing_binary
1808.1424979672984,0.8288938,0.0012230042,5674169,eclipsing_binary
1808.1438868104324,0.81538963,0.0012205702,5674169,eclipsing_binary
1808.145275654032,0.8049478,0.0012183498,5674169,eclipsing_binary
1808.1466644976317,0.79417425,0.001218255,5674169,eclipsing_binary
1808.1480533412305,0.789518,0.0012187322,5674169,eclipsing_binary
1808.1494421848304,0.7860458,0.0012134019,5674169,eclipsing_binary
1808.1508310284307,0.7830597,0.0012210829,5674169,eclipsing_binary
1808.1522198720304,0.7827911,0.0012188207,5674169,eclipsing_binary
1808.153608715164,0.7803891,0.0012138813,5674169,eclipsing_binary
1808.1549975587627,0.77905905,0.0012134942,5674169,eclipsing_binary
1808.1563864023633,0.7791881,0.0012150597,5674169,eclipsing_binary
1808.1577752459639,0.7775351,0.0012143177,5674169,eclipsing_binary
1808.1591640895626,0.7773877,0.0012118417,5674169,eclipsing_binary
1808.1605529331619,0.7767388,0.0012129592,5674169,eclipsing_binary
1808.1619417762959,0.7771684,0.0012123252,5674169,eclipsing_binary
1808.163330619896,0.775487,0.0012122684,5674169,eclipsing_binary
1808.1647194634957,0.777837,0.0012153031,5674169,eclipsing_binary
1808.1661083070949,0.7763996,0.0012140997,5674169,eclipsing_binary
1808.1674971502284,0.7773142,0.0012138553,5674169,eclipsing_binary
1808.168885993828,0.7785344,0.0012121538,5674169,eclipsing_binary
1808.1702748374282,0.7799485,0.0012199825,5674169,eclipsing_binary
1808.171663681028,0.7815522,0.00121422,5674169,eclipsing_binary
1808.1730525241614,0.78340393,0.0012131648,5674169,eclipsing_binary
1808.1744413677611,0.7891112,0.0012172448,5674169,eclipsing_binary
1808.1758302113608,0.7976099,0.001217258,5674169,eclipsing_binary
1808.1772190544948,0.80928344,0.0012186089,5674169,eclipsing_binary
1808.1786078980945,0.818795,0.0012231669,5674169,eclipsing_binary
1808.1799967416941,0.8325409,0.0012217979,5674169,eclipsing_binary
1808.1813855848281,0.8436629,0.0012272042,5674169,eclipsing_binary
1808.1827744284274,0.85749424,0.001227767,5674169,eclipsing_binary
1808.184163272027,0.87013644,0.0012349414,5674169,eclipsing_binary
1808.185552115162,0.88304996,0.0012309221,5674169,eclipsing_binary
1808.1869409587616,0.8941801,0.001232457,5674169,eclipsing_binary
1808.1883298023604,0.90657085,0.0012405926,5674169,eclipsing_binary
1808.189718645494,0.9187482,0.0012382588,5674169,eclipsing_binary
1808.191107489094,0.9308524,0.0012376463,5674169,eclipsing_binary
1808.1924963326946,0.94116974,0.0012422623,5674169,eclipsing_binary
1808.1938851758282,0.95083165,0.0012435485,5674169,eclipsing_binary
1808.195274019427,0.96175474,0.0012455009,5674169,eclipsing_binary
1808.196662862561,0.97294444,0.0012482225,5674169,eclipsing_binary
1808.1980517061616,0.982046,0.0012477308,5674169,eclipsing_binary
1808.1994405492956,0.9913343,0.0012490872,5674169,eclipsing_binary
1808.2008293928943,1.0000118,0.0012519314,5674169,eclipsing_binary
1808.2022182364935,1.0079566,0.001252247,5674169,eclipsing_binary
1808.2049959232281,1.0220748,0.0012570424,5674169,eclipsing_binary
1808.2105512966948,1.0492232,0.001262898,5674169,eclipsing_binary
1808.211940139829,1.055092,0.0012593105,5674169,eclipsing_binary
1808.2133289834287,1.0600929,0.0012602035,5674169,eclipsing_binary
1808.2161066701624,1.0715326,0.0012629292,5674169,eclipsing_binary
1808.2174955132955,1.0766346,0.0012655351,5674169,eclipsing_binary
1808.2244397298964,1.098545,0.0012695673,5674169,eclipsing_binary
1808.228606259765,1.1097838,0.0012701938,5674169,eclipsing_binary
1808.2299951033642,1.11132,0.0012696874,5674169,eclipsing_binary
1808.2313839464982,1.1117007,0.0012728717,5674169,eclipsing_binary
1808.2397170062336,1.1158206,0.0012711843,5674169,eclipsing_binary
1808.2438835361008,1.1144661,0.0012752058,5674169,eclipsing_binary
1808.2494389091025,1.1044359,0.0012726098,5674169,eclipsing_binary
1808.2508277522365,1.1043547,0.0012688824,5674169,eclipsing_binary
1808.2522165958358,1.0990957,0.0012669007,5674169,eclipsing_binary
1808.2536054389698,1.09568,0.0012667502,5674169,eclipsing_binary
1808.2549942821045,1.0922918,0.0012691935,5674169,eclipsing_binary
1808.2563831252387,1.0877085,0.0012660027,5674169,eclipsing_binary
1808.2577719688375,1.0853148,0.0012647227,5674169,eclipsing_binary
1808.259160811971,1.0792508,0.0012639342,5674169,eclipsing_binary
1808.2605496551055,1.0745393,0.00126319,5674169,eclipsing_binary
1808.2619384982404,1.069756,0.0012640258,5674169,eclipsing_binary
1808.2633273413735,1.0641962,0.0012614221,5674169,eclipsing_binary
1808.2647161849727,1.0579759,0.001260723,5674169,eclipsing_binary
1808.2661050281067,1.0540112,0.001260001,5674169,eclipsing_binary
1808.2674938712416,1.0485394,0.0012599184,5674169,eclipsing_binary
1808.2688827143756,1.0403221,0.0012608339,5674169,eclipsing_binary
1808.2702715575087,1.036985,0.0012625244,5674169,eclipsing_binary
1808.2716604006423,1.0314066,0.0012568935,5674169,eclipsing_binary
1808.2730492437763,1.0239637,0.0012544926,5674169,eclipsing_binary
1808.274438087377,1.018262,0.00125404,5674169,eclipsing_binary
1808.275826930511,1.012089,0.0012568011,5674169,eclipsing_binary
1808.277215773644,1.0043384,0.0012534672,5674169,eclipsing_binary
1808.278604616778,0.9979319,0.0012505072,5674169,eclipsing_binary
1808.279993459912,0.9886728,0.0012508879,5674169,eclipsing_binary
1808.281382303046,0.9803361,0.0012481743,5674169,eclipsing_binary
1808.2841599893145,0.9615862,0.001247425,5674169,eclipsing_binary
1808.2855488324485,0.9531485,0.0012425537,5674169,eclipsing_binary
1808.2869376755816,0.9420925,0.0012423581,5674169,eclipsing_binary
1808.2911042049845,0.9059323,0.0012363435,5674169,eclipsing_binary
1808.2938818912512,0.88026494,0.0012321712,5674169,eclipsing_binary
1808.2952707343861,0.8666975,0.0012271974,5674169,eclipsing_binary
1808.2980484206541,0.84154683,0.0012268984,5674169,eclipsing_binary
1808.3022149500562,0.8050837,0.0012209732,5674169,eclipsing_binary
1808.3036037931902,0.7929551,0.0012182477,5674169,eclipsing_binary
1808.3049926363237,0.7852193,0.0012141166,5674169,eclipsing_binary
1808.3063814794568,0.77829075,0.0012162871,5674169,eclipsing_binary
1808.3077703225908,0.7752025,0.0012157008,5674169,eclipsing_binary
1808.3091591657258,0.7753729,0.00121119,5674169,eclipsing_binary
1808.3105480088598,0.77519405,0.0012131588,5674169,eclipsing_binary
1808.3119368515277,0.77568644,0.0012133436,5674169,eclipsing_binary
1808.3133256946617,0.7739224,0.0012128606,5674169,eclipsing_binary
1808.3147145377957,0.7745868,0.0012123263,5674169,eclipsing_binary
1808.3161033809297,0.7748766,0.0012142053,5674169,eclipsing_binary
1808.3174922240637,0.77527803,0.0012151701,5674169,eclipsing_binary
1808.3188810671977,0.7743401,0.0012107571,5674169,eclipsing_binary
1808.3202699103317,0.77356017,0.0012124102,5674169,eclipsing_binary
1808.325825282402,0.7760365,0.0012112828,5674169,eclipsing_binary
1808.331380654473,0.778005,0.0012149793,5674169,eclipsing_binary
1808.332769497606,0.77808064,0.0012116417,5674169,eclipsing_binary
1808.3341583407396,0.784266,0.001216781,5674169,eclipsing_binary
1808.335547183408,0.79152745,0.0012173045,5674169,eclipsing_binary
1808.3369360265428,0.80216986,0.0012195,5674169,eclipsing_binary
1808.3411025554778,0.8409655,0.0012237302,5674169,eclipsing_binary
1808.3424913986119,0.85325825,0.0012272578,5674169,eclipsing_binary
1808.3438802417465,0.86477554,0.0012300313,5674169,eclipsing_binary
1808.3452690844151,0.8800447,0.0012308273,5674169,eclipsing_binary
1808.3466579275482,0.89439785,0.001236208,5674169,eclipsing_binary
1808.3480467706822,0.90760434,0.0012366644,5674169,eclipsing_binary
1808.3494356133506,0.92009556,0.0012370409,5674169,eclipsing_binary
1808.3508244564846,0.93234193,0.0012407841,5674169,eclipsing_binary
1808.3522132996186,0.9440614,0.0012470465,5674169,eclipsing_binary
1808.3536021422872,0.9549335,0.0012456656,5674169,eclipsing_binary
1808.3549909854214,0.9668179,0.0012457566,5674169,eclipsing_binary
1808.3563798285545,0.9765842,0.0012473392,5674169,eclipsing_binary
1808.3577686712229,0.98530793,0.0012497507,5674169,eclipsing_binary
1808.3591575143578,0.995268,0.0012510964,5674169,eclipsing_binary
1808.3605463570261,1.004829,0.0012523356,5674169,eclipsing_binary
1808.3619352001595,1.0109758,0.0012535641,5674169,eclipsing_binary
1808.3633240432928,1.0182703,0.0012542318,5674169,eclipsing_binary
1808.364712885962,1.0261327,0.001254157,5674169,eclipsing_binary
1808.3661017290965,1.0314729,0.0012595415,5674169,eclipsing_binary
1808.3674905717644,1.0389211,0.0012598635,5674169,eclipsing_binary
1808.3688794148975,1.0440624,0.0012608663,5674169,eclipsing_binary
1808.3702682575658,1.0516406,0.0012639975,5674169,eclipsing_binary
1808.3716571007008,1.0574324,0.0012613779,5674169,eclipsing_binary
1808.373045943369,1.0629604,0.0012650066,5674169,eclipsing_binary
1808.3744347865027,1.0675037,0.0012630248,5674169,eclipsing_binary
1808.37582362917,1.0737113,0.0012688383,5674169,eclipsing_binary
1808.377212472304,1.0790591,0.001264663,5674169,eclipsing_binary
1808.3786013149734,1.0843925,0.0012658368,5674169,eclipsing_binary
1808.3799901581074,1.0892,0.0012664829,5674169,eclipsing_binary
1808.3813790007753,1.091502,0.001267098,5674169,eclipsing_binary
1808.3827678439093,1.0986147,0.0012703311,5674169,eclipsing_binary
1808.3841566865776,1.1034956,0.0012688648,5674169,eclipsing_binary
1808.3855455297116,1.1071901,0.0012690652,5674169,eclipsing_binary
1808.38693437238,1.1128317,0.0012726875,5674169,eclipsing_binary
1808.388323215514,1.1141939,0.0012692921,5674169,eclipsing_binary
1808.3897120581823,1.1178943,0.001271383,5674169,eclipsing_binary
1808.3911009008502,1.1209018,0.0012713826,5674169,eclipsing_binary
1808.3924897439842,1.1236703,0.0012749644,5674169,eclipsing_binary
1808.393878586653,1.1226431,0.0012703856,5674169,eclipsing_binary
1808.395267429787,1.1258304,0.0012724047,5674169,eclipsing_binary
1808.396656272455,1.128998,0.0012742592,5674169,eclipsing_binary
1808.3980451151226,1.1281979,0.0012737815,5674169,eclipsing_binary
1808.3994339582573,1.1283683,0.0012737735,5674169,eclipsing_binary
1808.4008228009266,1.1297144,0.0012735489,5674169,eclipsing_binary
1808.402211643594,1.1303036,0.001273508,5674169,eclipsing_binary
1808.4036004867276,1.1299549,0.0012740769,5674169,eclipsing_binary
1808.404989329396,1.1282583,0.00127323,5674169,eclipsing_binary
1808.4063781725306,1.1260784,0.0012736488,5674169,eclipsing_binary
1808.4077670151992,1.1257837,0.0012736522,5674169,eclipsing_binary
1808.4091558578666,1.1242961,0.0012709189,5674169,eclipsing_binary
1808.4105447005345,1.1220847,0.0012738551,5674169,eclipsing_binary
1808.4119335436685,1.1198975,0.0012712058,5674169,eclipsing_binary
1808.4133223863373,1.1161507,0.0012700867,5674169,eclipsing_binary
1808.4147112290057,1.1119843,0.0012697462,5674169,eclipsing_binary
1808.4161000721392,1.1075009,0.0012733211,5674169,eclipsing_binary
1808.4174889148076,1.1061804,0.0012682364,5674169,eclipsing_binary
1808.418877757476,1.0997968,0.0012670694,5674169,eclipsing_binary
1808.4202666001443,1.0981438,0.0012664858,5674169,eclipsing_binary
1808.4216554432783,1.0921695,0.0012664954,5674169,eclipsing_binary
1808.4230442859466,1.0860893,0.0012667525,5674169,eclipsing_binary
1808.4244331286152,1.0807539,0.0012635123,5674169,eclipsing_binary
1808.4258219712838,1.0752411,0.0012662082,5674169,eclipsing_binary
1808.4272108139521,1.0702271,0.0012630968,5674169,eclipsing_binary
1808.4285996570861,1.0633827,0.0012610678,5674169,eclipsing_binary
1808.4299884997545,1.0575256,0.0012611472,5674169,eclipsing_binary
1808.431377342422,1.0489376,0.0012628452,5674169,eclipsing_binary
1808.4327661850903,1.0422287,0.0012596939,5674169,eclipsing_binary
1808.4341550277595,1.0335773,0.001257976,5674169,eclipsing_binary
1808.4355438704279,1.0266258,0.0012579478,5674169,eclipsing_binary
1808.4369327135614,1.0197861,0.001263106,5674169,eclipsing_binary
1808.4383215562289,1.0118543,0.001255317,5674169,eclipsing_binary
1808.4397103988981,1.0018525,0.0012544169,5674169,eclipsing_binary
1808.441099241567,0.99420416,0.0012524837,5674169,eclipsing_binary
1808.4424880842348,0.98304707,0.0012487272,5674169,eclipsing_binary
1808.4438769269027,0.97457916,0.0012483882,5674169,eclipsing_binary
1808.4452657695701,0.96445125,0.001244664,5674169,eclipsing_binary
1808.4466546122394,0.9526561,0.0012451538,5674169,eclipsing_binary
1808.4480434549082,0.94145155,0.0012459791,5674169,eclipsing_binary
1808.4494322980418,0.93058217,0.0012404451,5674169,eclipsing_binary
1808.4508211407092,0.9181347,0.00123832,5674169,eclipsing_binary
1808.4522099833778,0.9030624,0.0012361681,5674169,eclipsing_binary
1808.4535988260468,0.89340085,0.0012356886,5674169,eclipsing_binary
1808.4549876687151,0.88015467,0.0012330986,5674169,eclipsing_binary
1808.456376511383,0.8668594,0.0012299435,5674169,eclipsing_binary
1808.4577653540514,0.8547474,0.0012261738,5674169,eclipsing_binary
1808.4591541967197,0.8418451,0.0012225396,5674169,eclipsing_binary
1808.460543039388,0.8293644,0.0012214985,5674169,eclipsing_binary
1808.4619318820564,0.8173287,0.0012208755,5674169,eclipsing_binary
1808.4633207247248,0.8062225,0.0012181922,5674169,eclipsing_binary
1808.4647095673931,0.7962056,0.0012162235,5674169,eclipsing_binary
1808.466098410061,0.78870714,0.0012145855,5674169,eclipsing_binary
1808.4674872527294,0.7874849,0.0012178737,5674169,eclipsing_binary
1808.4688760953984,0.7828799,0.0012139716,5674169,eclipsing_binary
1808.470264938067,0.78182054,0.0012135915,5674169,eclipsing_binary
1808.4744314656054,0.7794649,0.0012126262,5674169,eclipsing_binary
1808.4758203082747,0.7777371,0.0012198506,5674169,eclipsing_binary
1808.4772091509421,0.7770927,0.001214091,5674169,eclipsing_binary
1808.47859799361,0.7772798,0.0012122439,5674169,eclipsing_binary
1808.4799868362784,0.7763775,0.0012137318,5674169,eclipsing_binary
1808.4813756789476,0.77670085,0.0012132793,5674169,eclipsing_binary
1808.482764521616,0.77625275,0.0012127823,5674169,eclipsing_binary
1808.4841533642834,0.7769604,0.0012134601,5674169,eclipsing_binary
1808.4855422064857,0.77855146,0.0012136503,5674169,eclipsing_binary
1808.486931049154,0.77944607,0.0012129016,5674169,eclipsing_binary
1808.4883198918233,0.7798882,0.001213846,5674169,eclipsing_binary
1808.4897087344916,0.781091,0.0012133172,5674169,eclipsing_binary
1808.491097577159,0.7840181,0.0012142581,5674169,eclipsing_binary
1808.4924864198274,0.7883347,0.0012181988,5674169,eclipsing_binary
1808.49387526203,0.7980344,0.0012162768,5674169,eclipsing_binary
1808.4952641046987,0.807724,0.0012231868,5674169,eclipsing_binary
1808.4966529473672,0.81936353,0.0012192985,5674169,eclipsing_binary
1808.4980417900356,0.830641,0.0012243467,5674169,eclipsing_binary
1808.499430632704,0.84435534,0.0012251629,5674169,eclipsing_binary
1808.5008194749057,0.8559641,0.0012255821,5674169,eclipsing_binary
1808.502208317574,0.8675764,0.0012291893,5674169,eclipsing_binary
1808.5035971602433,0.88131016,0.0012320705,5674169,eclipsing_binary
1808.5049860029117,0.89384174,0.0012350765,5674169,eclipsing_binary
1808.506374845114,0.90422106,0.0012405089,5674169,eclipsing_binary
1808.5077636877813,0.917025,0.001240614,5674169,eclipsing_binary
1808.5091525304506,0.9304242,0.0012395941,5674169,eclipsing_binary
1808.5105413726537,0.9397955,0.001240954,5674169,eclipsing_binary
1808.5119302153216,0.9519046,0.0012425426,5674169,eclipsing_binary
1808.5133190579893,0.9611791,0.0012479225,5674169,eclipsing_binary
1808.5147079006579,0.97119254,0.0012471125,5674169,eclipsing_binary
1808.516096742861,0.98076624,0.0012492778,5674169,eclipsing_binary
1808.5174855855294,0.9900746,0.0012491836,5674169,eclipsing_binary
1808.5188744281973,0.99868524,0.0012520922,5674169,eclipsing_binary
1808.520263270399,1.0061527,0.0012512978,5674169,eclipsing_binary
1808.5216521130674,1.0136036,0.0012566533,5674169,eclipsing_binary
1808.523040955271,1.0213454,0.0012562065,5674169,eclipsing_binary
1808.5244297979393,1.0272893,0.0012545085,5674169,eclipsing_binary
1808.5258186406072,1.0343423,0.0012660086,5674169,eclipsing_binary
1808.52720748281,1.04079,0.0012572935,5674169,eclipsing_binary
1808.5285963254782,1.0472922,0.0012586705,5674169,eclipsing_binary
1808.5299851681466,1.0537264,0.001260298,5674169,eclipsing_binary
1808.5313740103493,1.0569527,0.0012607211,5674169,eclipsing_binary
1808.5355405378882,1.074919,0.0012644652,5674169,eclipsing_binary
1808.5397070649626,1.0877048,0.0012655496,5674169,eclipsing_binary
1808.5410959076303,1.0927045,0.0012656637,5674169,eclipsing_binary
1808.5424847502982,1.0964911,0.001271116,5674169,eclipsing_binary
1808.5438735925013,1.1002367,0.0012675801,5674169,eclipsing_binary
1808.5480401200402,1.1067642,0.0012684105,5674169,eclipsing_binary
1808.549428962243,1.1106397,0.0012699316,5674169,eclipsing_binary
1808.5508178044465,1.1141682,0.0012682608,5674169,eclipsing_binary
1808.5522066471149,1.1138532,0.0012699523,5674169,eclipsing_binary
1808.5535954893166,1.1144135,0.0012698661,5674169,eclipsing_binary
1808.554984331985,1.1150823,0.0012713788,5674169,eclipsing_binary
1808.5563731741877,1.1133236,0.0012687842,5674169,eclipsing_binary
1808.5577620168563,1.1149594,0.0012712054,5674169,eclipsing_binary
1808.5591508590592,1.1165091,0.0012712178,5674169,eclipsing_binary
1808.5605397017266,1.1142795,0.0012734405,5674169,eclipsing_binary
1808.5619285439293,1.1125445,0.0012697492,5674169,eclipsing_binary
1808.563317386132,1.1124281,0.0012700054,5674169,eclipsing_binary
1808.5647062288003,1.1115447,0.0012768228,5674169,eclipsing_binary
1808.566095071003,1.1080272,0.0012700595,5674169,eclipsing_binary
1808.567483913206,1.106038,0.0012683581,5674169,eclipsing_binary
1808.5688727558745,1.1029712,0.0012693099,5674169,eclipsing_binary
1808.5702615980763,1.1002976,0.001269561,5674169,eclipsing_binary
1808.5716504407446,1.0957034,0.0012663025,5674169,eclipsing_binary
1808.5730392829482,1.0911136,0.0012698193,5674169,eclipsing_binary
1808.574428125151,1.0879345,0.0012699964,5674169,eclipsing_binary
1808.5758169678186,1.08421,0.001265456,5674169,eclipsing_binary
1808.5772058100206,1.077104,0.001265438,5674169,eclipsing_binary
1808.5785946522242,1.0756518,0.0012667254,5674169,eclipsing_binary
1808.5799834944273,1.0687875,0.0012640462,5674169,eclipsing_binary
1808.5813723370952,1.0649008,0.0012608896,5674169,eclipsing_binary
1808.582761179297,1.0595688,0.0012628833,5674169,eclipsing_binary
1808.5841500214997,1.0535038,0.0012637458,5674169,eclipsing_binary
1808.585538864169,1.0481852,0.0012596536,5674169,eclipsing_binary
1808.5869277063716,1.0415348,0.0012577188,5674169,eclipsing_binary
1808.5883165485739,1.0362211,0.0012566036,5674169,eclipsing_binary
1808.5897053907765,1.0299673,0.0012569957,5674169,eclipsing_binary
1808.591094233445,1.0253272,0.001259384,5674169,eclipsing_binary
1808.5924830756476,1.0180533,0.0012571778,5674169,eclipsing_binary
1808.5938719178503,1.0118921,0.0012517686,5674169,eclipsing_binary
1808.595260760053,1.0046351,0.0012566791,5674169,eclipsing_binary
1808.5966496022556,0.99706346,0.0012507825,5674169,eclipsing_binary
1808.5980384449235,0.9893966,0.0012484535,5674169,eclipsing_binary
1808.5994272871262,0.9801902,0.0012494632,5674169,eclipsing_binary
1808.600816129329,0.9725767,0.0012476273,5674169,eclipsing_binary
1808.6022049715316,0.9616861,0.0012455698,5674169,eclipsing_binary
1808.6035938137343,0.9533825,0.0012429211,5674169,eclipsing_binary
1808.6049826559365,0.9415668,0.001244941,5674169,eclipsing_binary
1808.6063714986049,0.92985725,0.0012387092,5674169,eclipsing_binary
1808.607760340808,0.91901153,0.0012389794,5674169,eclipsing_binary
1808.6091491830107,0.9067521,0.0012408645,5674169,eclipsing_binary
1808.610538025213,0.89454895,0.0012328312,5674169,eclipsing_binary
1808.611926867415,0.88031375,0.001238608,5674169,eclipsing_binary
1808.6133157096183,0.86624134,0.0012292565,5674169,eclipsing_binary
1808.614704551822,0.8535713,0.0012251892,5674169,eclipsing_binary
1808.6160933940237,0.8406797,0.0012273471,5674169,eclipsing_binary
1808.617482236226,0.8281329,0.0012261206,5674169,eclipsing_binary
1808.6188710784286,0.81586635,0.0012213275,5674169,eclipsing_binary
1808.6202599210976,0.80618083,0.001220862,5674169,eclipsing_binary
1808.6216487633005,0.7940311,0.0012190493,5674169,eclipsing_binary
1808.6230376055023,0.78476155,0.0012187868,5674169,eclipsing_binary
1808.624426447705,0.7785808,0.0012150877,5674169,eclipsing_binary
1808.6258152899077,0.774656,0.0012146528,5674169,eclipsing_binary
1808.6272041321104,0.7756898,0.0012173608,5674169,eclipsing_binary
1808.628592974313,0.7739344,0.0012154083,5674169,eclipsing_binary
1808.629981816516,0.77288365,0.0012120228,5674169,eclipsing_binary
1808.6313706587189,0.77266604,0.0012189327,5674169,eclipsing_binary
1808.6327595009207,0.773677,0.0012103004,5674169,eclipsing_binary
1808.6341483431233,0.7724689,0.0012122755,5674169,eclipsing_binary
1808.635537185327,0.7731687,0.0012133294,5674169,eclipsing_binary
1808.6369260275296,0.77270585,0.0012179348,5674169,eclipsing_binary
1808.6383148697316,0.77292335,0.0012157817,5674169,eclipsing_binary
1808.6397037119336,0.7736631,0.0012131704,5674169,eclipsing_binary
1808.6410925541363,0.77310747,0.0012146941,5674169,eclipsing_binary
1808.6424813958743,0.77327895,0.0012136353,5674169,eclipsing_binary
1808.643870238077,0.77444005,0.0012116665,5674169,eclipsing_binary
1808.6452590802787,0.77366865,0.0012146696,5674169,eclipsing_binary
1808.646647922481,0.7749508,0.0012147999,5674169,eclipsing_binary
1808.6480367646843,0.7764192,0.0012143393,5674169,eclipsing_binary
1808.6494256068877,0.7766685,0.0012166823,5674169,eclipsing_binary
1808.65081444909,0.7762965,0.0012124797,5674169,eclipsing_binary
1808.6522032912917,0.7810718,0.0012155911,5674169,eclipsing_binary
1808.6535921334944,0.78940713,0.00121919,5674169,eclipsing_binary
1808.6549809752323,0.7988722,0.0012160207,5674169,eclipsing_binary
1808.656369817435,0.8109651,0.0012192584,5674169,eclipsing_binary
1808.6577586596372,0.8239751,0.0012230128,5674169,eclipsing_binary
1808.65914750184,0.8363302,0.0012241644,5674169,eclipsing_binary
1808.6605363440426,0.8500213,0.0012268141,5674169,eclipsing_binary
1808.6619251862453,0.8639886,0.00122843,5674169,eclipsing_binary
1808.6633140279823,0.8763542,0.0012283917,5674169,eclipsing_binary
1808.664702870185,0.89115715,0.0012325741,5674169,eclipsing_binary
1808.6660917123877,0.9044295,0.0012351832,5674169,eclipsing_binary
1808.66748055459,0.9179704,0.001241779,5674169,eclipsing_binary
1808.6688693967926,0.9294472,0.0012410013,5674169,eclipsing_binary
1808.67025823853,0.94150317,0.0012456184,5674169,eclipsing_binary
1808.6716470807328,0.952284,0.0012427176,5674169,eclipsing_binary
1808.673035922935,0.96469,0.0012476802,5674169,eclipsing_binary
1808.674424765137,0.9742076,0.0012487264,5674169,eclipsing_binary
1808.6758136068747,0.9837655,0.0012472374,5674169,eclipsing_binary
1808.6772024490783,0.99385583,0.0012516062,5674169,eclipsing_binary
1808.67859129128,1.0008299,0.001250934,5674169,eclipsing_binary
1808.6799801330167,1.0095435,0.0012526719,5674169,eclipsing_binary
1808.6813689752184,1.0159426,0.0012538668,5674169,eclipsing_binary
1808.682757817422,1.0233787,0.0012540539,5674169,eclipsing_binary
1808.6841466596256,1.030362,0.0012581599,5674169,eclipsing_binary
1808.6855355013618,1.0366417,0.0012589524,5674169,eclipsing_binary
1808.686924343564,1.0421969,0.0012617168,5674169,eclipsing_binary
1808.6883131857667,1.0497725,0.0012615196,5674169,eclipsing_binary
1808.6897020275042,1.0550393,0.0012611904,5674169,eclipsing_binary
1808.691090869707,1.0609622,0.0012610204,5674169,eclipsing_binary
1808.692479711909,1.0669386,0.0012623135,5674169,eclipsing_binary
1808.693868553646,1.0726951,0.0012619576,5674169,eclipsing_binary
1808.6952573958488,1.0777738,0.0012648694,5674169,eclipsing_binary
1808.6966462375858,1.0826387,0.001266976,5674169,eclipsing_binary
1808.6980350797885,1.0876994,0.0012681106,5674169,eclipsing_binary
1808.6994239219912,1.0933272,0.0012699978,5674169,eclipsing_binary
1808.7008127637284,1.0964142,0.0012731851,5674169,eclipsing_binary
1808.7022016059304,1.1013385,0.0012719828,5674169,eclipsing_binary
1808.7035904476675,1.1048615,0.0012698293,5674169,eclipsing_binary
1808.704979289871,1.1105618,0.0012683729,5674169,eclipsing_binary
1808.706368131608,1.1131198,0.0012728297,5674169,eclipsing_binary
1808.7077569738099,1.1165252,0.0012712986,5674169,eclipsing_binary
1808.709145816012,1.117829,0.0012714593,5674169,eclipsing_binary
1808.7105346577498,1.1206372,0.0012763375,5674169,eclipsing_binary
1808.7119234999532,1.1242086,0.0012723259,5674169,eclipsing_binary
1808.7133123416897,1.1261543,0.0012710743,5674169,eclipsing_binary
1808.7147011838915,1.1276509,0.0012756173,5674169,eclipsing_binary
1808.7160900256285,1.1274405,0.0012787987,5674169,eclipsing_binary
1808.7174788678321,1.127996,0.0012757126,5674169,eclipsing_binary
1808.7188677095692,1.1290035,0.0012734184,5674169,eclipsing_binary
1808.7202565517714,1.1298741,0.0012731241,5674169,eclipsing_binary
1808.7216453935075,1.127615,0.0012728224,5674169,eclipsing_binary
1808.7230342357102,1.1273006,0.0012727183,5674169,eclipsing_binary
1808.7244230774481,1.1280608,0.0012746075,5674169,eclipsing_binary
1808.7258119191852,1.1249186,0.0012728503,5674169,eclipsing_binary
1808.7272007613872,1.12269,0.0012706525,5674169,eclipsing_binary
1808.7313672870641,1.1157216,0.0012695111,5674169,eclipsing_binary
1808.7327561288012,1.1126351,0.0012707072,5674169,eclipsing_binary
1808.7341449710038,1.1074543,0.0012683216,5674169,eclipsing_binary
1808.7355338127409,1.103186,0.0012675377,5674169,eclipsing_binary
1808.7369226549436,1.1006639,0.0012665811,5674169,eclipsing_binary
1808.7383114966806,1.0963738,0.0012685554,5674169,eclipsing_binary
1808.7397003384176,1.0913205,0.0012666669,5674169,eclipsing_binary
1808.7410891806203,1.0860598,0.0012655741,5674169,eclipsing_binary
1808.7424780223569,1.0798554,0.0012653228,5674169,eclipsing_binary
1808.743866864094,1.0754501,0.0012645839,5674169,eclipsing_binary
1808.7452557062973,1.0678461,0.0012624123,5674169,eclipsing_binary
1808.7466445480345,1.0614123,0.001261103,5674169,eclipsing_binary
1808.7480333897706,1.0549585,0.0012614442,5674169,eclipsing_binary
1808.7494222319729,1.0481361,0.0012615902,5674169,eclipsing_binary
1808.7508110737103,1.0417745,0.0012587109,5674169,eclipsing_binary
1808.7521999154483,1.0333688,0.0012562181,5674169,eclipsing_binary
1808.7535887576503,1.0277954,0.0012554962,5674169,eclipsing_binary
1808.7549775993866,1.0192373,0.001254793,5674169,eclipsing_binary
1808.7563664411236,1.0110018,0.0012520157,5674169,eclipsing_binary
1808.7577552828616,1.0020645,0.0012510124,5674169,eclipsing_binary
1808.7591441250643,0.9941609,0.0012521575,5674169,eclipsing_binary
1808.7619218085374,0.9730452,0.0012480897,5674169,eclipsing_binary
1808.7633106502747,0.96325874,0.0012441996,5674169,eclipsing_binary
1808.7646994924776,0.95133466,0.0012431125,5674169,eclipsing_binary
1808.7660883342146,0.94144714,0.0012430832,5674169,eclipsing_binary
1808.7674771759507,0.9304888,0.0012434133,5674169,eclipsing_binary
1808.7688660176877,0.9176952,0.0012393373,5674169,eclipsing_binary
1808.7702548594248,0.90515774,0.0012369116,5674169,eclipsing_binary
1808.771643701162,0.8932571,0.0012353731,5674169,eclipsing_binary
1808.773032543365,0.88302326,0.0012296996,5674169,eclipsing_binary
1808.774421385102,0.86823726,0.0012301404,5674169,eclipsing_binary
1808.775810226839,0.8536545,0.0012269579,5674169,eclipsing_binary
1808.777199068575,0.841356,0.0012238685,5674169,eclipsing_binary
1808.7785879103121,0.8306525,0.0012264634,5674169,eclipsing_binary
1808.77997675205,0.8166162,0.0012205696,5674169,eclipsing_binary
1808.781365593787,0.80730766,0.0012219007,5674169,eclipsing_binary
1808.7827544359893,0.79669476,0.0012179692,5674169,eclipsing_binary
1808.7841432777254,0.788381,0.0012156555,5674169,eclipsing_binary
1808.7855321194634,0.78537536,0.0012150585,5674169,eclipsing_binary
1808.7869209612008,0.784016,0.00121376,5674169,eclipsing_binary
1808.7883098029374,0.78054667,0.0012140905,5674169,eclipsing_binary
1808.7896986446738,0.78057826,0.0012139217,5674169,eclipsing_binary
1808.791087486411,0.7784443,0.0012122503,5674169,eclipsing_binary
1808.7924763281485,0.7794548,0.0012152523,5674169,eclipsing_binary
1808.7938651698855,0.7783123,0.0012137726,5674169,eclipsing_binary
1808.795254011622,0.7765876,0.0012137397,5674169,eclipsing_binary
1808.7966428533591,0.77571,0.0012157426,5674169,eclipsing_binary
1808.7980316950961,0.77585834,0.0012154102,5674169,eclipsing_binary
1808.7994205368332,0.77531654,0.0012123669,5674169,eclipsing_binary
1808.8008093785702,0.7754755,0.0012116987,5674169,eclipsing_binary
1808.8021982203072,0.7768221,0.0012132343,5674169,eclipsing_binary
1808.8035870620442,0.77781546,0.0012128749,5674169,eclipsing_binary
1808.8049759037808,0.77714604,0.0012169621,5674169,eclipsing_binary
1808.8063647455178,0.7799805,0.0012145258,5674169,eclipsing_binary
1808.8077535872549,0.78108966,0.0012151389,5674169,eclipsing_binary
1808.809142428992,0.7832566,0.0012177101,5674169,eclipsing_binary
1808.810531270729,0.7869639,0.0012213647,5674169,eclipsing_binary
1808.8119201124655,0.79556775,0.0012155867,5674169,eclipsing_binary
1808.8133089542025,0.8059258,0.0012187817,5674169,eclipsing_binary
1808.81469779594,0.81661594,0.0012195299,5674169,eclipsing_binary
1808.8160866376772,0.82878965,0.0012241385,5674169,eclipsing_binary
1808.8174754794136,0.84160054,0.0012272643,5674169,eclipsing_binary
1808.8188643211502,0.8536038,0.0012305413,5674169,eclipsing_binary
1808.820253162422,0.865572,0.0012284953,5674169,eclipsing_binary
1808.82164200416,0.8796486,0.0012309956,5674169,eclipsing_binary
1808.823030845896,0.89085406,0.001231635,5674169,eclipsing_binary
1808.8244196876326,0.90334755,0.0012378918,5674169,eclipsing_binary
1808.829975054115,0.9486142,0.0012488354,5674169,eclipsing_binary
1808.831363895852,0.9585285,0.0012484028,5674169,eclipsing_binary
1808.832752737589,0.9693168,0.0012508048,5674169,eclipsing_binary
1808.8341415793263,0.97941375,0.0012468699,5674169,eclipsing_binary
1808.8355304210636,0.9883031,0.0012514369,5674169,eclipsing_binary
1808.8369192628006,0.9959961,0.0012536081,5674169,eclipsing_binary
1808.838308104072,1.0049355,0.0012543672,5674169,eclipsing_binary
1808.839696945808,1.0126963,0.0012539882,5674169,eclipsing_binary
1808.8410857875451,1.0205644,0.0012551126,5674169,eclipsing_binary
1808.842474629283,1.0286142,0.0012569978,5674169,eclipsing_binary
1808.8438634705544,1.0324762,0.0012588052,5674169,eclipsing_binary
1808.845252312291,1.0422816,0.0012568997,5674169,eclipsing_binary
1808.846641154027,1.0468917,0.0012607109,5674169,eclipsing_binary
1808.848029995765,1.0527085,0.0012593365,5674169,eclipsing_binary
1808.8494188370369,1.0589246,0.0012632373,5674169,eclipsing_binary
1808.8508076787734,1.0646129,0.0012625448,5674169,eclipsing_binary
1808.8521965205098,1.0697998,0.0012629792,5674169,eclipsing_binary
1808.8535853617805,1.0746379,0.0012640699,5674169,eclipsing_binary
1808.8549742035184,1.0791073,0.0012688129,5674169,eclipsing_binary
1808.8563630452559,1.0849708,0.0012647153,5674169,eclipsing_binary
1808.8577518869924,1.0886632,0.0012674156,5674169,eclipsing_binary
1808.859140728263,1.0916752,0.0012650337,5674169,eclipsing_binary
1808.8605295700002,1.0955076,0.0012704991,5674169,eclipsing_binary
1808.8619184112722,1.0997903,0.0012672279,5674169,eclipsing_binary
1808.8633072530092,1.1015339,0.0012708142,5674169,eclipsing_binary
1808.8646960947458,1.1055577,0.001271839,5674169,eclipsing_binary
1808.8660849360172,1.108027,0.0012693803,5674169,eclipsing_binary
1808.8674737777542,1.1097016,0.0012718253,5674169,eclipsing_binary
1808.8688626194912,1.1114525,0.0012702937,5674169,eclipsing_binary
1808.8702514607626,1.1122588,0.0012692891,5674169,eclipsing_binary
1808.8716403024996,1.1162214,0.0012737663,5674169,eclipsing_binary
1808.873029143771,1.11574,0.0012723453,5674169,eclipsing_binary
1808.8744179855075,1.1166795,0.001270616,5674169,eclipsing_binary
1808.8758068272446,1.1151544,0.0012726353,5674169,eclipsing_binary
1808.8771956685164,1.1154242,0.0012721989,5674169,eclipsing_binary
1808.8785845102536,1.1139874,0.0012694739,5674169,eclipsing_binary
1808.8799733515243,1.1131594,0.0012702274,5674169,eclipsing_binary
1808.8813621932609,1.1117573,0.0012724352,5674169,eclipsing_binary
1808.8827510345327,1.1108356,0.0012702069,5674169,eclipsing_binary
1808.8841398762706,1.1071343,0.0012713638,5674169,eclipsing_binary
1808.885528717541,1.1052566,0.0012756151,5674169,eclipsing_binary
1808.8869175592777,1.1022024,0.0012687552,5674169,eclipsing_binary
1808.888306400549,1.0995317,0.001268994,5674169,eclipsing_binary
1808.889695242287,1.0944808,0.0012678051,5674169,eclipsing_binary
1808.8910840835583,1.0922527,0.0012659625,5674169,eclipsing_binary
1808.8924729252944,1.0882726,0.0012652684,5674169,eclipsing_binary
1808.8938617665658,1.0840207,0.0012675257,5674169,eclipsing_binary
1808.8952506083028,1.0774251,0.0012633333,5674169,eclipsing_binary
1808.8980282913117,1.0685226,0.001267856,5674169,eclipsing_binary
1808.9008059738535,1.0589397,0.0012635947,5674169,eclipsing_binary
1808.9021948155905,1.0545727,0.0012652838,5674169,eclipsing_binary
1808.9035836568619,1.0485113,0.0012583903,5674169,eclipsing_binary
1808.9049724985991,1.0425594,0.0012597844,5674169,eclipsing_binary
1808.9063613398707,1.0342374,0.0012583004,5674169,eclipsing_binary
1808.907750181142,1.0307455,0.0012564092,5674169,eclipsing_binary
1808.9091390228782,1.0233831,0.0012559795,5674169,eclipsing_binary
1808.9105278641496,1.0175077,0.0012537563,5674169,eclipsing_binary
1808.9119167054218,1.0122576,0.0012560618,5674169,eclipsing_binary
1808.9133055471589,1.003746,0.0012513633,5674169,eclipsing_binary
1808.9146943884296,0.9975496,0.0012542987,5674169,eclipsing_binary
1808.916083230166,0.9898954,0.0012497419,5674169,eclipsing_binary
1808.9174720714382,0.98190963,0.0012491198,5674169,eclipsing_binary
1808.91886091271,0.97174615,0.0012491521,5674169,eclipsing_binary
1808.920249753981,0.9620304,0.0012447633,5674169,eclipsing_binary
1808.921638595717,0.9543265,0.0012429346,5674169,eclipsing_binary
1808.9230274369886,0.94212174,0.001240431,5674169,eclipsing_binary
1808.9244162782607,0.9319898,0.0012432786,5674169,eclipsing_binary
1808.9258051199977,0.9186352,0.0012416965,5674169,eclipsing_binary
1808.9271939612686,0.9063515,0.0012351378,5674169,eclipsing_binary
1808.92858280254,0.8936244,0.0012337471,5674169,eclipsing_binary
1808.9299716438113,0.8825949,0.0012315623,5674169,eclipsing_binary
1808.9313604855483,0.8687777,0.0012290978,5674169,eclipsing_binary
1808.9327493268197,0.8565635,0.0012269027,5674169,eclipsing_binary
1808.934138168091,0.8420661,0.0012262699,5674169,eclipsing_binary
1808.9355270093624,0.8300789,0.0012218055,5674169,eclipsing_binary
1808.936915851099,0.81651896,0.0012204975,5674169,eclipsing_binary
1808.9383046923704,0.80554295,0.0012240187,5674169,eclipsing_binary
1808.9396935336422,0.79482985,0.0012185901,5674169,eclipsing_binary
1808.9410823749138,0.784091,0.0012155336,5674169,eclipsing_binary
1808.9424712161845,0.7776579,0.0012171187,5674169,eclipsing_binary
1808.943860057921,0.77471143,0.0012114157,5674169,eclipsing_binary
1808.9452488991924,0.77370596,0.0012159606,5674169,eclipsing_binary
1808.9466377404642,0.7738652,0.0012136867,5674169,eclipsing_binary
1808.9480265817356,0.77275884,0.0012161423,5674169,eclipsing_binary
1808.9494154230065,0.77283233,0.001214535,5674169,eclipsing_binary
1808.9508042642774,0.77277213,0.0012160258,5674169,eclipsing_binary
1808.9521931055492,0.7734667,0.0012118611,5674169,eclipsing_binary
1808.9535819472871,0.7729513,0.0012120769,5674169,eclipsing_binary
1808.9549707885576,0.7717299,0.0012118728,5674169,eclipsing_binary
1808.9563596298285,0.7721624,0.0012119329,5674169,eclipsing_binary
1808.9577484710999,0.7717309,0.0012117979,5674169,eclipsing_binary
1808.959137312372,0.7717755,0.001211682,5674169,eclipsing_binary
1808.9605261536435,0.7722438,0.0012111138,5674169,eclipsing_binary
1808.961914994914,0.773153,0.0012137837,5674169,eclipsing_binary
1808.9633038361853,0.7727064,0.0012169799,5674169,eclipsing_binary
1808.9646926774567,0.77464825,0.0012142386,5674169,eclipsing_binary
1808.966081518728,0.7744301,0.0012167415,5674169,eclipsing_binary
1808.9674703599997,0.77510697,0.0012177648,5674169,eclipsing_binary
1808.9688592012712,0.7760413,0.0012133311,5674169,eclipsing_binary
1808.9702480425426,0.77939445,0.0012186829,5674169,eclipsing_binary
1808.971636883813,0.7871328,0.0012167118,5674169,eclipsing_binary
1808.9730257250844,0.798036,0.001216168,5674169,eclipsing_binary
1808.9744145663567,0.8079363,0.0012180678,5674169,eclipsing_binary
1808.975803407628,0.82166547,0.0012207965,5674169,eclipsing_binary
1808.977192248899,0.8343402,0.0012224981,5674169,eclipsing_binary
1808.9785810901694,0.8474467,0.0012317302,5674169,eclipsing_binary
1808.9799699314417,0.86097926,0.0012288891,5674169,eclipsing_binary
1808.9813587727135,0.8735891,0.0012307849,5674169,eclipsing_binary
1808.9827476139844,0.8865479,0.0012363513,5674169,eclipsing_binary
1808.9841364552549,0.9018408,0.0012356087,5674169,eclipsing_binary
1808.9855252965265,0.91470873,0.0012384398,5674169,eclipsing_binary
1808.9869141377985,0.9263904,0.001239646,5674169,eclipsing_binary
1808.9883029790699,0.93938714,0.0012405106,5674169,eclipsing_binary
1808.9896918203408,0.95111215,0.0012436091,5674169,eclipsing_binary
1808.9910806616112,0.96222496,0.0012469956,5674169,eclipsing_binary
1808.9924695028826,0.97249913,0.001245403,5674169,eclipsing_binary
1808.9938583436892,0.98138654,0.0012471112,5674169,eclipsing_binary
1808.9952471849606,0.9913028,0.0012514926,5674169,eclipsing_binary
1808.9966360262315,1.0004936,0.0012509488,5674169,eclipsing_binary
1808.9980248675029,1.0083274,0.0012559345,5674169,eclipsing_binary
1808.9994137087742,1.0142692,0.0012543809,5674169,eclipsing_binary
1809.0008025500456,1.0227545,0.0012571396,5674169,eclipsing_binary
1809.002191391317,1.0290865,0.0012579792,5674169,eclipsing_binary
1809.0035802321227,1.0347568,0.0012606998,5674169,eclipsing_binary
1809.004969073394,1.0407019,0.0012600408,5674169,eclipsing_binary
1809.006357914665,1.0466977,0.0012637641,5674169,eclipsing_binary
1809.0077467559363,1.054198,0.0012604606,5674169,eclipsing_binary
1809.0091355972081,1.0586715,0.0012606733,5674169,eclipsing_binary
1809.0105244380138,1.0647603,0.0012654141,5674169,eclipsing_binary
1809.0119132792847,1.0704585,0.0012632888,5674169,eclipsing_binary
1809.0133021205556,1.0755258,0.0012645917,5674169,eclipsing_binary
1809.0146909618275,1.0827277,0.0012653872,5674169,eclipsing_binary
1809.0160798030997,1.0860069,0.0012654543,5674169,eclipsing_binary
1809.0174686439045,1.0920651,0.0012661497,5674169,eclipsing_binary
1809.0188574851754,1.097661,0.0012680659,5674169,eclipsing_binary
1809.0202463264468,1.1001233,0.0012688057,5674169,eclipsing_binary
1809.021635167719,1.1036735,0.0012685022,5674169,eclipsing_binary
1809.0230240085248,1.1075809,0.0012706865,5674169,eclipsing_binary
1809.0244128497952,1.1133258,0.0012710595,5674169,eclipsing_binary
1809.0258016910666,1.1152794,0.0012733274,5674169,eclipsing_binary
1809.0271905318723,1.117252,0.001272138,5674169,eclipsing_binary
1809.0285793731437,1.1201997,0.0012721062,5674169,eclipsing_binary
1809.0299682144152,1.1219096,0.0012739087,5674169,eclipsing_binary
1809.0313570552212,1.1244463,0.0012712523,5674169,eclipsing_binary
1809.0327458964925,1.1251053,0.0012729012,5674169,eclipsing_binary
1809.034134737763,1.1280291,0.0012758567,5674169,eclipsing_binary
1809.0355235785687,1.1267459,0.0012761282,5674169,eclipsing_binary
1809.036912419841,1.129257,0.0012741165,5674169,eclipsing_binary
1809.0383012611123,1.1277297,0.0012723509,5674169,eclipsing_binary
1809.0396901019176,1.1279613,0.0012720053,5674169,eclipsing_binary
1809.041078943188,1.1252246,0.0012702605,5674169,eclipsing_binary
1809.0424677839937,1.1265953,0.0012737736,5674169,eclipsing_binary
1809.043856625266,1.124518,0.0012760788,5674169,eclipsing_binary
1809.0452454665374,1.1212896,0.0012750536,5674169,eclipsing_binary
1809.0466343073422,1.1213207,0.0012705328,5674169,eclipsing_binary
1809.0494119894202,1.1168528,0.0012691524,5674169,eclipsing_binary
1809.0508008306915,1.1125201,0.0012700703,5674169,eclipsing_binary
1809.0521896714968,1.107231,0.0012681719,5674169,eclipsing_binary
1809.0535785127672,1.104347,0.0012711968,5674169,eclipsing_binary
1809.0549673540395,1.1005305,0.0012667559,5674169,eclipsing_binary
1809.0563561948459,1.0948545,0.0012712419,5674169,eclipsing_binary
1809.0577450361166,1.0895549,0.0012684423,5674169,eclipsing_binary
1809.0591338769218,1.0855844,0.0012643462,5674169,eclipsing_binary
1809.0605227181932,1.0799285,0.001267174,5674169,eclipsing_binary
1809.0619115589993,1.0737772,0.0012630724,5674169,eclipsing_binary
1809.0633004002707,1.0690395,0.0012671361,5674169,eclipsing_binary
1809.064689241076,1.0622901,0.0012610886,5674169,eclipsing_binary
1809.0660780818816,1.0552678,0.0012590317,5674169,eclipsing_binary
1809.067466923153,1.0477512,0.0012609247,5674169,eclipsing_binary
1809.0688557639587,1.0423777,0.0012579821,5674169,eclipsing_binary
1809.07024460523,1.0351386,0.0012583542,5674169,eclipsing_binary
1809.0716334460358,1.0275817,0.0012607202,5674169,eclipsing_binary
1809.0730222873071,1.0201962,0.0012560523,5674169,eclipsing_binary
1809.0744111281124,1.0117913,0.0012523194,5674169,eclipsing_binary
1809.0757999693838,1.0023651,0.0012532325,5674169,eclipsing_binary
1809.0771888101904,0.99528164,0.001250614,5674169,eclipsing_binary
1809.078577650996,0.98327535,0.0012476348,5674169,eclipsing_binary
1809.0799664922665,0.9746166,0.0012526268,5674169,eclipsing_binary
1809.0813553330718,0.9660664,0.0012469798,5674169,eclipsing_binary
1809.0827441743438,0.9535454,0.00124438,5674169,eclipsing_binary
1809.0841330151502,0.94109106,0.0012451332,5674169,eclipsing_binary
1809.0855218559554,0.9308837,0.0012407624,5674169,eclipsing_binary
1809.086910697226,0.917937,0.0012365468,5674169,eclipsing_binary
1809.0882995380316,0.9058464,0.0012371034,5674169,eclipsing_binary
1809.0896883788382,0.89441746,0.0012326727,5674169,eclipsing_binary
1809.0910772201096,0.880051,0.0012367705,5674169,eclipsing_binary
1809.0924660609146,0.86961997,0.001229466,5674169,eclipsing_binary
1809.0938549017196,0.8556804,0.0012257089,5674169,eclipsing_binary
1809.095243742991,0.84255755,0.0012237882,5674169,eclipsing_binary
1809.0966325837976,0.82956594,0.0012226187,5674169,eclipsing_binary
1809.0980214246033,0.8182651,0.0012213049,5674169,eclipsing_binary
1809.099410265408,0.80681866,0.0012189533,5674169,eclipsing_binary
1809.1007991066797,0.7974946,0.0012178089,5674169,eclipsing_binary
1809.1021879474856,0.78914946,0.0012204036,5674169,eclipsing_binary
1809.1035767882913,0.7864642,0.0012179703,5674169,eclipsing_binary
1809.104965629097,0.78357977,0.0012138569,5674169,eclipsing_binary
1809.1063544703684,0.7808628,0.001211938,5674169,eclipsing_binary
1809.107743311174,0.77893835,0.0012148042,5674169,eclipsing_binary
1809.1091321519789,0.780221,0.0012132383,5674169,eclipsing_binary
1809.1105209927848,0.7802345,0.001213747,5674169,eclipsing_binary
1809.1119098340569,0.77838564,0.0012139011,5674169,eclipsing_binary
1809.1132986748626,0.77724046,0.0012144139,5674169,eclipsing_binary
1809.1146875156678,0.7764977,0.0012131721,5674169,eclipsing_binary
1809.1160763564726,0.77608275,0.001211902,5674169,eclipsing_binary
1809.1174651972792,0.77634907,0.0012123995,5674169,eclipsing_binary
1809.1188540380858,0.7754328,0.0012120312,5674169,eclipsing_binary
1809.1202428793563,0.77532274,0.0012135424,5674169,eclipsing_binary
1809.1216317201615,0.77625465,0.0012153254,5674169,eclipsing_binary
1809.1230205609672,0.77815104,0.0012151834,5674169,eclipsing_binary
1809.1244094017734,0.7785838,0.001213917,5674169,eclipsing_binary
1809.125798242579,0.78110266,0.0012134158,5674169,eclipsing_binary
1809.1271870833843,0.7819383,0.0012169754,5674169,eclipsing_binary
1809.12857592419,0.7869372,0.0012195202,5674169,eclipsing_binary
1809.1299647649957,0.79524744,0.0012168227,5674169,eclipsing_binary
1809.131353606267,0.8055871,0.0012183329,5674169,eclipsing_binary
1809.1327424470728,0.8148885,0.0012186528,5674169,eclipsing_binary
1809.1341312878785,0.827991,0.0012257709,5674169,eclipsing_binary
1809.1355201286842,0.8399778,0.0012299163,5674169,eclipsing_binary
1809.1369089694895,0.8520144,0.0012264851,5674169,eclipsing_binary
1809.1382978102952,0.8650667,0.0012310322,5674169,eclipsing_binary
1809.1396866511018,0.8770879,0.0012307549,5674169,eclipsing_binary
1809.1410754919075,0.88875365,0.0012325917,5674169,eclipsing_binary
1809.1424643327123,0.9019084,0.0012347819,5674169,eclipsing_binary
1809.1438531735175,0.91349745,0.001240521,5674169,eclipsing_binary
1809.1452420143232,0.9255136,0.0012399511,5674169,eclipsing_binary
1809.1466308551298,0.9372358,0.0012402702,5674169,eclipsing_binary
1809.1480196959355,0.94804716,0.0012434599,5674169,eclipsing_binary
1809.1494085367403,0.95893353,0.0012463438,5674169,eclipsing_binary
1809.1507973775456,0.96837133,0.0012468437,5674169,eclipsing_binary
1809.1521862183517,0.9780677,0.0012505301,5674169,eclipsing_binary
1809.1535750591584,0.9867222,0.0012484341,5674169,eclipsing_binary
1809.1563527407684,1.0046487,0.0012536849,5674169,eclipsing_binary
1809.157741581574,1.0113627,0.0012538906,5674169,eclipsing_binary
1809.1605192631864,1.0269691,0.0012604918,5674169,eclipsing_binary
1809.1619081039912,1.033341,0.00125728,5674169,eclipsing_binary
1809.1632969447971,1.0398395,0.0012592784,5674169,eclipsing_binary
1809.1646857851374,1.0468858,0.0012589329,5674169,eclipsing_binary
1809.166074625943,1.0525193,0.0012602034,5674169,eclipsing_binary
1809.1674634667488,1.0582869,0.0012619327,5674169,eclipsing_binary
1809.1688523075545,1.0633838,0.0012639469,5674169,eclipsing_binary
1809.1702411483602,1.0690978,0.0012655829,5674169,eclipsing_binary
1809.1716299891652,1.0737773,0.0012638948,5674169,eclipsing_binary
1809.1730188299712,1.0794795,0.0012722838,5674169,eclipsing_binary
1809.1744076707773,1.0844247,0.0012656295,5674169,eclipsing_binary
1809.1757965111174,1.0882174,0.0012678716,5674169,eclipsing_binary
1809.1771853519226,1.0930554,0.0012703842,5674169,eclipsing_binary
1809.1785741927274,1.0951016,0.0012689467,5674169,eclipsing_binary
1809.179963033534,1.1006397,0.0012675432,5674169,eclipsing_binary
1809.1813518743406,1.1025748,0.001268549,5674169,eclipsing_binary
1809.1827407146798,1.103689,0.0012691473,5674169,eclipsing_binary
1809.184129555485,1.1071596,0.0012691887,5674169,eclipsing_binary
1809.1855183962907,1.110618,0.001268176,5674169,eclipsing_binary
1809.1869072370969,1.110748,0.0012705952,5674169,eclipsing_binary
1809.1882960779026,1.1128477,0.0012715461,5674169,eclipsing_binary
1809.1896849182422,1.1151009,0.0012715489,5674169,eclipsing_binary
1809.1910737590479,1.1148411,0.0012725686,5674169,eclipsing_binary
1809.1924625998536,1.1144192,0.0012717264,5674169,eclipsing_binary
1809.1938514406593,1.115392,0.001271772,5674169,eclipsing_binary
1809.1952402809993,1.1166972,0.001273816,5674169,eclipsing_binary
1809.1966291218046,1.1139196,0.0012718362,5674169,eclipsing_binary
1809.1980179626103,1.1124121,0.0012718064,5674169,eclipsing_binary
1809.1994068029503,1.109825,0.0012682896,5674169,eclipsing_binary
1809.200795643756,1.1089835,0.0012698215,5674169,eclipsing_binary
1809.2021844845617,1.1077474,0.0012671413,5674169,eclipsing_binary
1809.2035733253674,1.1053758,0.0012697974,5674169,eclipsing_binary
1809.2049621657075,1.1012405,0.0012687935,5674169,eclipsing_binary
1809.2063510065127,1.0994458,0.001269815,5674169,eclipsing_binary
1809.2077398473184,1.0973421,0.0012684822,5674169,eclipsing_binary
1809.2091286876594,1.0924159,0.0012710667,5674169,eclipsing_binary
1809.210517528465,1.0880039,0.001266744,5674169,eclipsing_binary
1809.2119063688042,1.084888,0.0012666563,5674169,eclipsing_binary
1809.2132952096094,1.0774758,0.0012641315,5674169,eclipsing_binary
1809.2146840504156,1.0754721,0.0012632693,5674169,eclipsing_binary
1809.2160728907565,1.0716542,0.0012625585,5674169,eclipsing_binary
1809.2174617315618,1.0657368,0.0012626674,5674169,eclipsing_binary
1809.218850571901,1.0577546,0.0012635704,5674169,eclipsing_binary
1809.2257947749983,1.0301667,0.0012554226,5674169,eclipsing_binary
1809.2271836158043,1.0250638,0.0012559367,5674169,eclipsing_binary
1809.2285724561443,1.018382,0.0012551185,5674169,eclipsing_binary
1809.22996129695,1.0114206,0.0012555803,5674169,eclipsing_binary
1809.23135013729,1.004533,0.001255648,5674169,eclipsing_binary
1809.2327389780958,1.000266,0.0012532037,5674169,eclipsing_binary
1809.2341278189008,0.99093074,0.0012518008,5674169,eclipsing_binary
1809.235516659241,0.98300564,0.0012509548,5674169,eclipsing_binary
1809.2369054995816,0.9727571,0.0012464232,5674169,eclipsing_binary
1809.2382943403873,0.9635802,0.0012506329,5674169,eclipsing_binary
1809.2396831807268,0.9551947,0.001247231,5674169,eclipsing_binary
1809.2410720215316,0.94280326,0.0012406103,5674169,eclipsing_binary
1809.2424608618726,0.9322916,0.001241254,5674169,eclipsing_binary
1809.2438497026792,0.92003834,0.0012376907,5674169,eclipsing_binary
1809.2452385430183,0.9095202,0.0012380765,5674169,eclipsing_binary
1809.2466273838236,0.8973517,0.0012348349,5674169,eclipsing_binary
1809.2480162241636,0.8832013,0.0012307877,5674169,eclipsing_binary
1809.2494050649698,0.8715615,0.0012289333,5674169,eclipsing_binary
1809.2507939053098,0.8572235,0.0012276416,5674169,eclipsing_binary
1809.2521827456494,0.8441557,0.0012262899,5674169,eclipsing_binary
1809.2535715864547,0.8318352,0.0012244891,5674169,eclipsing_binary
1809.2549604267947,0.8185676,0.0012212486,5674169,eclipsing_binary
1809.2563492676009,0.8061558,0.0012172601,5674169,eclipsing_binary
1809.257738107941,0.79626477,0.0012182876,5674169,eclipsing_binary
1809.2591269482805,0.7850608,0.0012172896,5674169,eclipsing_binary
1809.2605157890862,0.7780625,0.0012179296,5674169,eclipsing_binary
1809.2619046294262,0.7737696,0.0012166774,5674169,eclipsing_binary
1809.2632934697663,0.7734421,0.0012154741,5674169,eclipsing_binary
1809.264682310572,0.7740569,0.0012115019,5674169,eclipsing_binary
1809.266071150912,0.77311575,0.0012131653,5674169,eclipsing_binary
1809.267459991252,0.77251947,0.0012142633,5674169,eclipsing_binary
1809.2688488320573,0.77278936,0.0012140293,5674169,eclipsing_binary
1809.2702376723973,0.77182084,0.0012126827,5674169,eclipsing_binary
1809.2716265127383,0.7726495,0.001213976,5674169,eclipsing_binary
1809.2730153530783,0.7725192,0.0012130685,5674169,eclipsing_binary
1809.2744041938831,0.77226907,0.001214849,5674169,eclipsing_binary
1809.2757930342227,0.77130294,0.0012115322,5674169,eclipsing_binary
1809.2771818745632,0.7712968,0.0012143829,5674169,eclipsing_binary
1809.2785707153698,0.7736415,0.0012167513,5674169,eclipsing_binary
1809.2799595557094,0.7726205,0.0012160076,5674169,eclipsing_binary
1809.2813483960485,0.77348477,0.0012149066,5674169,eclipsing_binary
1809.2827372363886,0.7734116,0.001210872,5674169,eclipsing_binary
1809.2841260767295,0.7730713,0.001211237,5674169,eclipsing_binary
1809.2855149175352,0.77357745,0.001211744,5674169,eclipsing_binary
1809.2869037578744,0.7746958,0.0012149552,5674169,eclipsing_binary
1809.2882925982146,0.7783761,0.0012179599,5674169,eclipsing_binary
1809.289681438555,0.7856024,0.0012176555,5674169,eclipsing_binary
1809.291070278895,0.79622275,0.0012216958,5674169,eclipsing_binary
1809.2924591197007,0.8067474,0.0012165582,5674169,eclipsing_binary
1809.2938479600407,0.8189233,0.0012240394,5674169,eclipsing_binary
1809.2952368003807,0.83274144,0.0012286806,5674169,eclipsing_binary
1809.29662564072,0.8459828,0.0012265217,5674169,eclipsing_binary
1809.2980144810604,0.859212,0.0012283319,5674169,eclipsing_binary
1809.2994033214009,0.8714008,0.001228393,5674169,eclipsing_binary
1809.3007921622066,0.8865445,0.0012332314,5674169,eclipsing_binary
1809.3021810025461,0.89963573,0.0012345652,5674169,eclipsing_binary
1809.3035698428853,0.91349304,0.001236334,5674169,eclipsing_binary
1809.3049586832262,0.9261223,0.001243191,5674169,eclipsing_binary
1809.3063475235672,0.9397122,0.0012431773,5674169,eclipsing_binary
1809.3077363639063,0.94935113,0.0012437546,5674169,eclipsing_binary
1809.309125204246,0.9608429,0.0012436353,5674169,eclipsing_binary
1809.310514044586,0.97001994,0.0012485262,5674169,eclipsing_binary
1809.3119028849264,0.9805203,0.0012531572,5674169,eclipsing_binary
1809.3132917252665,0.98985744,0.0012491696,5674169,eclipsing_binary
1809.314680565606,0.9993522,0.0012532386,5674169,eclipsing_binary
1809.3160694059457,1.0054014,0.0012531464,5674169,eclipsing_binary
1809.3174582462857,1.0154357,0.0012516435,5674169,eclipsing_binary
1809.3188470866262,1.0213985,0.0012570831,5674169,eclipsing_binary
1809.3202359269662,1.0273596,0.001254611,5674169,eclipsing_binary
1809.3216247673058,1.0359149,0.0012576525,5674169,eclipsing_binary
1809.3230136076459,1.0420871,0.0012593591,5674169,eclipsing_binary
1809.324402447986,1.0463439,0.0012641882,5674169,eclipsing_binary
1809.325791288326,1.0527802,0.0012593427,5674169,eclipsing_binary
1809.327180128666,1.0593271,0.0012650754,5674169,eclipsing_binary
1809.328568969006,1.0642958,0.001264876,5674169,eclipsing_binary
1809.329957809346,1.0686542,0.001262405,5674169,eclipsing_binary
1809.3313466496857,1.0773592,0.0012648425,5674169,eclipsing_binary
1809.3327354900257,1.0797999,0.0012649739,5674169,eclipsing_binary
1809.3341243303666,1.0838631,0.0012636359,5674169,eclipsing_binary
1809.3355131707067,1.090069,0.0012712809,5674169,eclipsing_binary
1809.3369020110458,1.0938088,0.001264965,5674169,eclipsing_binary
1809.3382908513854,1.1003557,0.0012678194,5674169,eclipsing_binary
1809.339679691726,1.1034101,0.0012725691,5674169,eclipsing_binary
1809.3410685320669,1.1083477,0.001268985,5674169,eclipsing_binary
1809.3424573724064,1.1114297,0.0012729643,5674169,eclipsing_binary
1809.3438462127456,1.1133206,0.0012722309,5674169,eclipsing_binary
1809.34523505262,1.1173302,0.0012753587,5674169,eclipsing_binary
1809.346623892961,1.1185914,0.0012723194,5674169,eclipsing_binary
1809.348012733301,1.122265,0.0012765946,5674169,eclipsing_binary
1809.3494015736403,1.1239558,0.001277028,5674169,eclipsing_binary
1809.3507904139806,1.1248708,0.0012709672,5674169,eclipsing_binary
1809.3521792543206,1.1263169,0.0012744042,5674169,eclipsing_binary
1809.353568094195,1.1256521,0.0012746444,5674169,eclipsing_binary
1809.354956934535,1.1277891,0.0012737603,5674169,eclipsing_binary
1809.356345774875,1.1252242,0.00127141,5674169,eclipsing_binary
1809.3577346152151,1.121637,0.0012716064,5674169,eclipsing_binary
1809.3591234555552,1.1272651,0.001272246,5674169,eclipsing_binary
1809.3605122958952,1.1242135,0.0012723579,5674169,eclipsing_binary
1809.3619011357696,1.1219769,0.0012709481,5674169,eclipsing_binary
1809.3632899761096,1.120375,0.0012706108,5674169,eclipsing_binary
1809.3660676567893,1.1176765,0.0012706287,5674169,eclipsing_binary
1809.3674564966643,1.1144757,0.0012690219,5674169,eclipsing_binary
1809.3688453370046,1.1131529,0.0012733854,5674169,eclipsing_binary
1809.3702341773437,1.1087657,0.0012682814,5674169,eclipsing_binary
1809.3716230176833,1.1044286,0.0012698243,5674169,eclipsing_binary
1809.3730118575577,1.1023726,0.0012688994,5674169,eclipsing_binary
1809.3744006978982,1.0939902,0.0012676178,5674169,eclipsing_binary
1809.3757895382385,1.0893267,0.0012672602,5674169,eclipsing_binary
1809.3771783781121,1.0847615,0.0012670165,5674169,eclipsing_binary
1809.3785672184517,1.0798275,0.0012645883,5674169,eclipsing_binary
1809.3799560587922,1.0736591,0.0012623812,5674169,eclipsing_binary
1809.3813448986675,1.0675358,0.0012614384,5674169,eclipsing_binary
1809.3827337390067,1.0622883,0.0012607345,5674169,eclipsing_binary
1809.3841225793462,1.0557706,0.0012602445,5674169,eclipsing_binary
1809.3855114192206,1.0501467,0.0012614207,5674169,eclipsing_binary
1809.3869002595616,1.0434572,0.0012570578,5674169,eclipsing_binary
1809.3882890999016,1.0364362,0.0012564062,5674169,eclipsing_binary
1809.389677939775,1.0281514,0.0012547984,5674169,eclipsing_binary
1809.3910667801151,1.0200539,0.0012577812,5674169,eclipsing_binary
1809.3924556199895,1.0121442,0.0012563345,5674169,eclipsing_binary
1809.3938444603298,1.0032511,0.0012508313,5674169,eclipsing_binary
1809.39523330067,0.9950487,0.0012530497,5674169,eclipsing_binary
1809.3966221405444,0.98572177,0.0012552805,5674169,eclipsing_binary
1809.3980109808845,0.974683,0.0012478589,5674169,eclipsing_binary
1809.399399820758,0.9645093,0.0012515194,5674169,eclipsing_binary
1809.400788661098,0.9545339,0.0012448773,5674169,eclipsing_binary
1809.4021775009733,0.94252473,0.0012426702,5674169,eclipsing_binary
1809.4035663413133,0.9312219,0.001241282,5674169,eclipsing_binary
1809.404955181653,0.920705,0.0012384468,5674169,eclipsing_binary
1809.4063440215264,0.90824586,0.0012368255,5674169,eclipsing_binary
1809.4077328618673,0.89465976,0.0012332549,5674169,eclipsing_binary
1809.4091217017422,0.88281614,0.0012347897,5674169,eclipsing_binary
1809.4105105420817,0.86879724,0.0012311627,5674169,eclipsing_binary
1809.4118993819554,0.856802,0.0012262728,5674169,eclipsing_binary
1809.4132882222957,0.844987,0.0012245984,5674169,eclipsing_binary
1809.4146770621705,0.83188736,0.0012222067,5674169,eclipsing_binary
1809.4160659025106,0.8181997,0.0012219383,5674169,eclipsing_binary
1809.4174547423845,0.80755687,0.0012234581,5674169,eclipsing_binary
1809.418843582259,0.7988208,0.0012295383,5674169,eclipsing_binary
1809.420232422599,0.7896611,0.0012171286,5674169,eclipsing_binary
1809.4216212624733,0.7860515,0.0012161921,5674169,eclipsing_binary
1809.4230101028134,0.7833925,0.0012190611,5674169,eclipsing_binary
1809.4243989426877,0.78154105,0.0012149255,5674169,eclipsing_binary
1809.4257877830278,0.7809467,0.0012142524,5674169,eclipsing_binary
1809.4271766229017,0.7786762,0.0012132354,5674169,eclipsing_binary
1809.428565462776,0.7783717,0.0012197725,5674169,eclipsing_binary
1809.4299543031168,0.77683616,0.0012128843,5674169,eclipsing_binary
1809.4313431429914,0.7754494,0.0012119652,5674169,eclipsing_binary
1809.4327319833305,0.7766058,0.0012159533,5674169,eclipsing_binary
1809.4341208232045,0.7760395,0.0012185208,5674169,eclipsing_binary
1809.4355096630788,0.7759352,0.0012200567,5674169,eclipsing_binary
1809.4368985034193,0.7754762,0.0012161823,5674169,eclipsing_binary
1809.438287343294,0.77506316,0.0012111657,5674169,eclipsing_binary
1809.4396761831676,0.7766656,0.0012140166,5674169,eclipsing_binary
1809.4410650235072,0.7780952,0.0012160548,5674169,eclipsing_binary
1809.442453863382,0.77966213,0.0012178927,5674169,eclipsing_binary
1809.4438427032574,0.7798191,0.0012139712,5674169,eclipsing_binary
1809.4452315435965,0.78210837,0.0012137438,5674169,eclipsing_binary
1809.4466203834704,0.78543377,0.0012137669,5674169,eclipsing_binary
1809.4480092233448,0.7941367,0.0012156664,5674169,eclipsing_binary
1809.4493980636857,0.8033478,0.0012209221,5674169,eclipsing_binary
1809.4507869035601,0.81432515,0.0012196839,5674169,eclipsing_binary
1809.4521757434336,0.8267506,0.0012215683,5674169,eclipsing_binary
1809.453564583308,0.83840525,0.0012243495,5674169,eclipsing_binary
1809.454953423648,0.85105383,0.0012249005,5674169,eclipsing_binary
1809.4563422635226,0.864216,0.0012276986,5674169,eclipsing_binary
1809.4577311033972,0.87564105,0.0012300572,5674169,eclipsing_binary
1809.4591199432716,0.88805443,0.001232041,5674169,eclipsing_binary
1809.4605087836117,0.9007751,0.0012331032,5674169,eclipsing_binary
1809.4618976234851,0.91452855,0.0012426807,5674169,eclipsing_binary
1809.4632864633595,0.9254471,0.0012396469,5674169,eclipsing_binary
1809.4646753032348,0.93652076,0.0012387581,5674169,eclipsing_binary
1809.4660641431092,0.9460099,0.001245949,5674169,eclipsing_binary
1809.4674529834488,0.9577024,0.0012457675,5674169,eclipsing_binary
1809.4688418233222,0.96793574,0.001246145,5674169,eclipsing_binary
1809.4702306631975,0.9768496,0.0012467433,5674169,eclipsing_binary
1809.4716195030724,0.98777443,0.001251924,5674169,eclipsing_binary
1809.4730083429463,0.99495804,0.0012495086,5674169,eclipsing_binary
1809.47439718282,1.0041121,0.0012567264,5674169,eclipsing_binary
1809.4757860226946,1.0119065,0.0012547,5674169,eclipsing_binary
1809.477174863035,1.0190542,0.0012578277,5674169,eclipsing_binary
1809.4785637029095,1.026922,0.0012560068,5674169,eclipsing_binary
1809.4799525427834,1.0332892,0.0012569278,5674169,eclipsing_binary
1809.4813413826578,1.0383568,0.0012620776,5674169,eclipsing_binary
1809.4827302225322,1.0459254,0.0012583961,5674169,eclipsing_binary
1809.4841190624065,1.0526443,0.0012609692,5674169,eclipsing_binary
1809.485507902281,1.0579257,0.0012617436,5674169,eclipsing_binary
1809.4868967421553,1.0638505,0.0012659804,5674169,eclipsing_binary
1809.4882855820297,1.0697829,0.0012630732,5674169,eclipsing_binary
1809.4896744219036,1.0755143,0.0012651854,5674169,eclipsing_binary
1809.491063261778,1.0784643,0.0012645342,5674169,eclipsing_binary
1809.492452101653,1.0833353,0.001263178,5674169,eclipsing_binary
1809.4938409419933,1.0896127,0.0012663249,5674169,eclipsing_binary
1809.4952297818668,1.0936497,0.0012687963,5674169,eclipsing_binary
1809.4966186217407,1.0951357,0.0012657911,5674169,eclipsing_binary
1809.4980074616155,1.1014647,0.0012677405,5674169,eclipsing_binary
1809.4993963014908,1.1031417,0.0012682846,5674169,eclipsing_binary
1809.5007851413645,1.1063288,0.0012701045,5674169,eclipsing_binary
1809.5021739812382,1.1089036,0.0012692367,5674169,eclipsing_binary
1809.5035628211122,1.1110634,0.001269126,5674169,eclipsing_binary
1809.504951660987,1.1103895,0.0012728109,5674169,eclipsing_binary
1809.5063405003966,1.1144798,0.0012731623,5674169,eclipsing_binary
1809.50772934027,1.1146821,0.0012705217,5674169,eclipsing_binary
1809.509118180144,1.1153024,0.0012714878,5674169,eclipsing_binary
1809.5105070200184,1.1165689,0.0012728506,5674169,eclipsing_binary
1809.5118958598937,1.115355,0.0012733095,5674169,eclipsing_binary
1809.513284699768,1.1164509,0.0012707564,5674169,eclipsing_binary
1809.5146735396415,1.1163828,0.001269344,5674169,eclipsing_binary
1809.516062379516,1.1135842,0.0012718255,5674169,eclipsing_binary
1809.5174512193903,1.109916,0.0012703,5674169,eclipsing_binary
1809.518840059265,1.1099794,0.0012731442,5674169,eclipsing_binary
1809.5202288991395,1.1101086,0.0012724482,5674169,eclipsing_binary
1809.521617739014,1.1058451,0.0012746507,5674169,eclipsing_binary
1809.5230065784226,1.1022815,0.0012715199,5674169,eclipsing_binary
1809.524395418296,1.0987705,0.001266669,5674169,eclipsing_binary
1809.5257842581705,1.0960212,0.0012711243,5674169,eclipsing_binary
1809.5271730980458,1.0936732,0.0012661007,5674169,eclipsing_binary
1809.5285619379201,1.090285,0.0012661212,5674169,eclipsing_binary
1809.529950777794,1.0884733,0.0012650058,5674169,eclipsing_binary
1809.5313396172019,1.0816699,0.0012643838,5674169,eclipsing_binary
1809.5327284570772,1.0758313,0.0012668661,5674169,eclipsing_binary
1809.534117296952,1.0728261,0.0012632245,5674169,eclipsing_binary
1809.535506136826,1.0672045,0.0012625345,5674169,eclipsing_binary
1809.5368949766996,1.0605011,0.0012616043,5674169,eclipsing_binary
1809.5382838161086,1.055343,0.0012602536,5674169,eclipsing_binary
1809.5396726559834,1.049362,0.0012636032,5674169,eclipsing_binary
1809.5410614958578,1.0456053,0.0012607425,5674169,eclipsing_binary
1809.5424503357317,1.0374938,0.0012577672,5674169,eclipsing_binary
1809.543839175606,1.0315121,0.0012553635,5674169,eclipsing_binary
1809.5452280150148,1.0270548,0.0012557498,5674169,eclipsing_binary
1809.5466168548892,1.0187194,0.0012583996,5674169,eclipsing_binary
1809.5480056947636,1.0137173,0.001257181,5674169,eclipsing_binary
1809.5493945341723,1.0057262,0.0012532856,5674169,eclipsing_binary
1809.5507833740467,1.0009631,0.0012501616,5674169,eclipsing_binary
1809.5521722139206,0.9922102,0.0012516252,5674169,eclipsing_binary
1809.553561053795,0.98368555,0.0012473676,5674169,eclipsing_binary
1809.5549498932046,0.9743568,0.0012458224,5674169,eclipsing_binary
1809.556338733079,0.9670773,0.0012470544,5674169,eclipsing_binary
1809.5577275729524,0.95512,0.0012439064,5674169,eclipsing_binary
1809.5591164123607,0.9442051,0.0012407568,5674169,eclipsing_binary
1809.5605052522355,0.93273854,0.0012388013,5674169,eclipsing_binary
1809.5618940921108,0.9221148,0.0012380895,5674169,eclipsing_binary
1809.5632829315189,0.9103936,0.0012380684,5674169,eclipsing_binary
1809.5646717713926,0.9001209,0.0012327282,5674169,eclipsing_binary
1809.5660606108013,0.88581073,0.0012311768,5674169,eclipsing_binary
1809.5674494506766,0.8711079,0.0012299524,5674169,eclipsing_binary
1809.568838290551,0.85839933,0.0012277534,5674169,eclipsing_binary
1809.5702271299588,0.8447526,0.0012263419,5674169,eclipsing_binary
1809.5716159698334,0.83175486,0.0012242264,5674169,eclipsing_binary
1809.573004809708,0.81887114,0.0012203815,5674169,eclipsing_binary
1809.5743936491167,0.8073887,0.0012186444,5674169,eclipsing_binary
1809.575782488991,0.79772955,0.0012196952,5674169,eclipsing_binary
1809.577171328399,0.7872798,0.0012184686,5674169,eclipsing_binary
1809.5785601682733,0.78013676,0.001212964,5674169,eclipsing_binary
1809.579949007682,0.77461946,0.0012141245,5674169,eclipsing_binary
1809.5813378475566,0.7735589,0.0012135317,5674169,eclipsing_binary
1809.5827266869655,0.7725843,0.0012139409,5674169,eclipsing_binary
1809.58411552684,0.773338,0.0012129231,5674169,eclipsing_binary
1809.5855043662486,0.77317315,0.0012155958,5674169,eclipsing_binary
1809.586893206122,0.7721679,0.001217309,5674169,eclipsing_binary
1809.5882820455308,0.7718601,0.0012121288,5674169,eclipsing_binary
1809.5896708854061,0.7725406,0.0012170245,5674169,eclipsing_binary
1809.5910597248148,0.77234054,0.0012145472,5674169,eclipsing_binary
1809.5924485646888,0.7697456,0.0012139296,5674169,eclipsing_binary
1809.5938374040966,0.7713326,0.0012140345,5674169,eclipsing_binary
1809.5952262439719,0.77427727,0.0012103304,5674169,eclipsing_binary
1809.596615083381,0.77159107,0.0012107854,5674169,eclipsing_binary
1809.598003923255,0.77161604,0.0012139964,5674169,eclipsing_binary
1809.599392762663,0.7734079,0.0012142854,5674169,eclipsing_binary
1809.6007816025376,0.7735907,0.0012135918,5674169,eclipsing_binary
1809.6021704419468,0.7736984,0.0012124239,5674169,eclipsing_binary
1809.6035592813555,0.7726925,0.0012121318,5674169,eclipsing_binary
1809.6049481212294,0.77456075,0.0012120728,5674169,eclipsing_binary
1809.6063369606381,0.77673376,0.0012130521,5674169,eclipsing_binary
1809.6077258005125,0.78386605,0.0012167688,5674169,eclipsing_binary
1809.6091146399212,0.7941177,0.0012171569,5674169,eclipsing_binary
1809.61050347933,0.80535644,0.0012204342,5674169,eclipsing_binary
1809.6118923192043,0.8164997,0.0012235233,5674169,eclipsing_binary
1809.613281158613,0.8298906,0.0012225474,5674169,eclipsing_binary
1809.614669998487,0.8424749,0.0012234596,5674169,eclipsing_binary
1809.6160588378957,0.857568,0.001226331,5674169,eclipsing_binary
1809.6174476773053,0.8711523,0.0012294899,5674169,eclipsing_binary
1809.6188365171797,0.88407737,0.0012311335,5674169,eclipsing_binary
1809.6202253565875,0.8982488,0.0012321614,5674169,eclipsing_binary
1809.6216141959958,0.9102658,0.0012357582,5674169,eclipsing_binary
1809.623003035405,0.92332405,0.001236099,5674169,eclipsing_binary
1809.6243918752803,0.9353885,0.0012442013,5674169,eclipsing_binary
1809.6257807146885,0.9465728,0.0012413693,5674169,eclipsing_binary
1809.6271695540963,0.9590276,0.0012462621,5674169,eclipsing_binary
1809.6285583939707,0.96837336,0.0012444727,5674169,eclipsing_binary
1809.6299472333803,0.97908825,0.0012494324,5674169,eclipsing_binary
1809.631336072789,0.9877712,0.0012499188,5674169,eclipsing_binary
1809.6327249121969,0.9956079,0.0012500957,5674169,eclipsing_binary
1809.6341137520715,1.0043823,0.0012524079,5674169,eclipsing_binary
1809.6355025914804,1.0111696,0.001257116,5674169,eclipsing_binary
1809.6368914308891,1.0194231,0.0012545964,5674169,eclipsing_binary
1809.6382802702979,1.027126,0.0012566637,5674169,eclipsing_binary
1809.6396691101722,1.0318913,0.0012573864,5674169,eclipsing_binary
1809.641057949581,1.0366812,0.0012580119,5674169,eclipsing_binary
1809.6424467889888,1.0450088,0.0012608954,5674169,eclipsing_binary
1809.6438356283977,1.0501928,0.0012641868,5674169,eclipsing_binary
1809.645224467807,1.056602,0.0012596885,5674169,eclipsing_binary
1809.6466133076815,1.0619867,0.0012618363,5674169,eclipsing_binary
1809.6480021470898,1.0678538,0.0012619885,5674169,eclipsing_binary
1809.6493909864976,1.0731431,0.0012638739,5674169,eclipsing_binary
1809.6507798259063,1.0787292,0.0012648191,5674169,eclipsing_binary
1809.652168665316,1.0853264,0.0012672401,5674169,eclipsing_binary
1809.6535575047246,1.0899518,0.0012674752,5674169,eclipsing_binary
1809.654946344133,1.0941752,0.001265813,5674169,eclipsing_binary
1809.6563351840064,1.0979646,0.001268957,5674169,eclipsing_binary
1809.657724023416,1.1028495,0.001267588,5674169,eclipsing_binary
1809.6591128628252,1.105528,0.0012675129,5674169,eclipsing_binary
1809.6605017022334,1.1086906,0.0012701562,5674169,eclipsing_binary
1809.6618905416417,1.1118563,0.0012691789,5674169,eclipsing_binary
1809.6632793810504,1.113816,0.0012711688,5674169,eclipsing_binary
1809.6646682204596,1.1173197,0.0012720091,5674169,eclipsing_binary
1809.6660570598683,1.1202438,0.0012720207,5674169,eclipsing_binary
1809.6674458992766,1.1207907,0.0012711665,5674169,eclipsing_binary
1809.6688347386853,1.1225685,0.0012775095,5674169,eclipsing_binary
1809.6702235780947,1.1244385,0.0012707023,5674169,eclipsing_binary
1809.6716124175036,1.1260376,0.0012778437,5674169,eclipsing_binary
1809.6730012569114,1.1260917,0.0012711274,5674169,eclipsing_binary
1809.6743900963202,1.126875,0.0012708098,5674169,eclipsing_binary
1809.6757789357289,1.1260052,0.0012778058,5674169,eclipsing_binary
1809.6771677751376,1.1240258,0.0012722522,5674169,eclipsing_binary
1809.6785566145466,1.1253287,0.0012728187,5674169,eclipsing_binary
1809.6799454539555,1.1223224,0.0012713042,5674169,eclipsing_binary
1809.6813342933642,1.1204476,0.0012701419,5674169,eclipsing_binary
1809.682723132772,1.1180642,0.0012717375,5674169,eclipsing_binary
1809.6841119721807,1.1165549,0.0012704931,5674169,eclipsing_binary
1809.6855008115904,1.113765,0.0012741159,5674169,eclipsing_binary
1809.686889650999,1.1119771,0.00126974,5674169,eclipsing_binary
1809.6882784904074,1.1064705,0.0012691874,5674169,eclipsing_binary
1809.6896673298152,1.1036736,0.0012696118,5674169,eclipsing_binary
1809.6910561692248,1.0999377,0.0012689283,5674169,eclipsing_binary
1809.692445008634,1.0949298,0.001267772,5674169,eclipsing_binary
1809.6938338480422,1.0898612,0.0012676581,5674169,eclipsing_binary
1809.69522268745,1.0837653,0.0012652774,5674169,eclipsing_binary
1809.696611526859,1.0801424,0.0012662716,5674169,eclipsing_binary
1809.6980003662684,1.072186,0.0012670484,5674169,eclipsing_binary
1809.6993892052114,1.0667335,0.001263554,5674169,eclipsing_binary
1809.7007780446197,1.0630565,0.0012628604,5674169,eclipsing_binary
1809.7021668840284,1.0545563,0.0012604678,5674169,eclipsing_binary
1809.7035557234371,1.0479796,0.0012598645,5674169,eclipsing_binary
1809.7049445628459,1.0426598,0.0012597061,5674169,eclipsing_binary
1809.7063334022546,1.0339657,0.001261485,5674169,eclipsing_binary
1809.7077222416633,1.027137,0.0012553066,5674169,eclipsing_binary
1809.7091110806064,1.0204716,0.001256033,5674169,eclipsing_binary
1809.7104999200146,1.0127276,0.0012556027,5674169,eclipsing_binary
1809.7118887594233,1.0041255,0.0012613569,5674169,eclipsing_binary
1809.7132775988327,0.99302024,0.0012491102,5674169,eclipsing_binary
1809.7146664382417,0.9853758,0.0012538759,5674169,eclipsing_binary
1809.7160552771838,0.9750519,0.0012481209,5674169,eclipsing_binary
1809.717444116592,0.964703,0.0012453852,5674169,eclipsing_binary
1809.7188329560013,0.9561643,0.0012425416,5674169,eclipsing_binary
1809.720221795411,0.94236463,0.001242234,5674169,eclipsing_binary
1809.721610634353,0.9319857,0.001239813,5674169,eclipsing_binary
1809.7229994737613,0.9196607,0.0012383971,5674169,eclipsing_binary
1809.72438831317,0.9104665,0.0012401164,5674169,eclipsing_binary
1809.7257771525797,0.89664114,0.0012331059,5674169,eclipsing_binary
1809.7271659915227,0.88438916,0.0012319282,5674169,eclipsing_binary
1809.7285548309305,0.8711992,0.0012306006,5674169,eclipsing_binary
1809.7299436703388,0.8574207,0.0012282217,5674169,eclipsing_binary
1809.7313325097475,0.8457422,0.0012230168,5674169,eclipsing_binary
1809.7327213486915,0.833117,0.0012246823,5674169,eclipsing_binary
1809.7341101881002,0.82014567,0.0012212431,5674169,eclipsing_binary
1809.735499027508,0.80839074,0.0012221319,5674169,eclipsing_binary
1809.736887866451,0.79842144,0.0012188199,5674169,eclipsing_binary
1809.7382767058598,0.7897396,0.0012183753,5674169,eclipsing_binary
1809.7396655452685,0.785633,0.0012159576,5674169,eclipsing_binary
1809.7410543842118,0.78293777,0.0012165338,5674169,eclipsing_binary
1809.7424432236207,0.78160685,0.0012148528,5674169,eclipsing_binary
1809.7438320630295,0.77877605,0.001213173,5674169,eclipsing_binary
1809.7466097413803,0.77801466,0.0012135734,5674169,eclipsing_binary
1809.7479985803243,0.77734286,0.0012150718,5674169,eclipsing_binary
1809.749387419733,0.77511984,0.0012125692,5674169,eclipsing_binary
1809.7507762591413,0.7757128,0.0012143257,5674169,eclipsing_binary
1809.7521650980834,0.7764881,0.001213063,5674169,eclipsing_binary
1809.753553937493,0.77607363,0.0012125544,5674169,eclipsing_binary
1809.7549427764366,0.7750358,0.0012124159,5674169,eclipsing_binary
1809.7563316158448,0.77562,0.0012128487,5674169,eclipsing_binary
1809.757720454787,0.7762461,0.0012145264,5674169,eclipsing_binary
1809.759109294196,0.77743727,0.0012158462,5674169,eclipsing_binary
1809.7604981331397,0.7784685,0.0012125412,5674169,eclipsing_binary
1809.7618869725484,0.78043187,0.0012160196,5674169,eclipsing_binary
1809.7632758119566,0.7811783,0.0012137125,5674169,eclipsing_binary
1809.7646646508997,0.7862202,0.0012197623,5674169,eclipsing_binary
1809.7660534903084,0.79268754,0.0012220129,5674169,eclipsing_binary
1809.7674423292515,0.8033296,0.0012185315,5674169,eclipsing_binary
1809.7688311686602,0.813423,0.0012209706,5674169,eclipsing_binary
1809.7702200076033,0.8261967,0.0012304656,5674169,eclipsing_binary
1809.771608847012,0.8357966,0.0012241463,5674169,eclipsing_binary
1809.7729976859546,0.8495532,0.0012307734,5674169,eclipsing_binary
1809.7743865248976,0.86276275,0.0012291498,5674169,eclipsing_binary
1809.775775364307,0.87445474,0.0012313436,5674169,eclipsing_binary
1809.7771642032503,0.8873109,0.0012330291,5674169,eclipsing_binary
1809.7785530426581,0.9000221,0.0012361209,5674169,eclipsing_binary
1809.7799418816007,0.91175234,0.001236666,5674169,eclipsing_binary
1809.78133072101,0.9239527,0.0012393408,5674169,eclipsing_binary
1809.7827195599539,0.93517536,0.0012439237,5674169,eclipsing_binary
1809.784108398896,0.94607705,0.0012421291,5674169,eclipsing_binary
1809.7854972383043,0.956493,0.0012469322,5674169,eclipsing_binary
1809.7868860772473,0.9666905,0.0012462642,5674169,eclipsing_binary
1809.788274916657,0.9752579,0.001246334,5674169,eclipsing_binary
1809.7896637556,0.98571455,0.0012507165,5674169,eclipsing_binary
1809.7910525945422,0.994623,0.0012530459,5674169,eclipsing_binary
1809.792441433951,1.0040102,0.0012522627,5674169,eclipsing_binary
1809.7938302728942,1.0115807,0.0012564396,5674169,eclipsing_binary
1809.7952191118375,1.0181934,0.0012538307,5674169,eclipsing_binary
1809.7966079512462,1.0274371,0.0012557681,5674169,eclipsing_binary
1809.7979967901892,1.0328557,0.0012563685,5674169,eclipsing_binary
1809.7993856291323,1.0389897,0.0012588985,5674169,eclipsing_binary
1809.80077446854,1.0466433,0.001265533,5674169,eclipsing_binary
1809.8021633074834,1.0500771,0.0012586098,5674169,eclipsing_binary
1809.8035521464271,1.0555795,0.0012619997,5674169,eclipsing_binary
1809.8049409858359,1.0639521,0.0012608765,5674169,eclipsing_binary
1809.8063298247785,1.0683984,0.0012625811,5674169,eclipsing_binary
1809.8077186637206,1.0741963,0.0012644673,5674169,eclipsing_binary
1809.8091075026646,1.0786368,0.0012634279,5674169,eclipsing_binary
1809.8104963420737,1.0837226,0.0012692963,5674169,eclipsing_binary
1809.8118851810164,1.0884063,0.0012650309,5674169,eclipsing_binary
1809.813274019959,1.0917013,0.0012672567,5674169,eclipsing_binary
1809.814662858902,1.0960834,0.00126917,5674169,eclipsing_binary
1809.8160516983112,1.099406,0.0012690757,5674169,eclipsing_binary
1809.8174405372542,1.1052091,0.0012697027,5674169,eclipsing_binary
1809.8188293761968,1.1076424,0.0012719604,5674169,eclipsing_binary
1809.820218215139,1.1071978,0.0012683191,5674169,eclipsing_binary
1809.821607054548,1.110567,0.0012706788,5674169,eclipsing_binary
1809.8229958934917,1.1131214,0.0012752519,5674169,eclipsing_binary
1809.8243847324347,1.1154847,0.0012722445,5674169,eclipsing_binary
1809.8257735713773,1.1146798,0.0012717936,5674169,eclipsing_binary
1809.8271624103204,1.1164359,0.001271984,5674169,eclipsing_binary
1809.8285512492635,1.1163017,0.0012708488,5674169,eclipsing_binary
1809.8299400886722,1.115611,0.001275411,5674169,eclipsing_binary
1809.8313289276152,1.1152014,0.0012744071,5674169,eclipsing_binary
1809.8327177665583,1.1156176,0.0012750082,5674169,eclipsing_binary
1809.8341066055013,1.1174202,0.0012717538,5674169,eclipsing_binary
1809.835495444444,1.1128731,0.0012701618,5674169,eclipsing_binary
1809.8382731223307,1.107475,0.001271316,5674169,eclipsing_binary
1809.839661961274,1.1078441,0.001267123,5674169,eclipsing_binary
1809.8410508006818,1.1040341,0.0012734474,5674169,eclipsing_binary
1809.8424396396244,1.101359,0.0012689269,5674169,eclipsing_binary
1809.843828478568,1.0974079,0.0012710649,5674169,eclipsing_binary
1809.845217317512,1.0942357,0.0012666266,5674169,eclipsing_binary
1809.846606156454,1.0901486,0.0012684861,5674169,eclipsing_binary
1809.8479949953967,1.0850258,0.0012647337,5674169,eclipsing_binary
1809.8493838343397,1.083197,0.0012632351,5674169,eclipsing_binary
1809.8507726732837,1.0758864,0.0012652995,5674169,eclipsing_binary
1809.8521615122268,1.0728636,0.0012630898,5674169,eclipsing_binary
1809.853550351169,1.0681752,0.0012696,5674169,eclipsing_binary
1809.854939190112,1.0626178,0.0012624392,5674169,eclipsing_binary
1809.8563280290552,1.0574362,0.0012624707,5674169,eclipsing_binary
1809.8577168679985,1.051481,0.0012590619,5674169,eclipsing_binary
1809.8591057069416,1.0435444,0.0012571706,5674169,eclipsing_binary
1809.8604945458846,1.0379137,0.0012570128,5674169,eclipsing_binary
1809.8618833848277,1.0337437,0.0012590929,5674169,eclipsing_binary
1809.8632722237699,1.0254337,0.0012545766,5674169,eclipsing_binary
1809.8646610627131,1.0205518,0.0012552098,5674169,eclipsing_binary
1809.8660499016569,1.0146939,0.0012552246,5674169,eclipsing_binary
1809.8674387406,1.0086135,0.0012523556,5674169,eclipsing_binary
1809.8688275795425,0.99872905,0.0012555987,5674169,eclipsing_binary
1809.8702164184847,0.99340105,0.0012503956,5674169,eclipsing_binary
1809.8716052574287,0.9834226,0.0012492418,5674169,eclipsing_binary
1809.8729940963722,0.97663367,0.0012504194,5674169,eclipsing_binary
1809.874382934849,0.96605587,0.001252535,5674169,eclipsing_binary
1809.8757717737917,0.95470035,0.001245379,5674169,eclipsing_binary
1809.8771606127348,0.94595546,0.0012467442,5674169,eclipsing_binary
1809.8785494516783,0.93430084,0.0012445939,5674169,eclipsing_binary
1809.8799382906213,0.92287123,0.0012416526,5674169,eclipsing_binary
1809.881327129564,0.90941423,0.0012417313,5674169,eclipsing_binary
1809.88410480745,0.8853644,0.0012316253,5674169,eclipsing_binary
1809.8854936459275,0.8734696,0.0012285295,5674169,eclipsing_binary
1809.8868824848705,0.8593315,0.0012308555,5674169,eclipsing_binary
1809.8882713238136,0.8474469,0.0012268937,5674169,eclipsing_binary
1809.8896601627566,0.83445364,0.0012243338,5674169,eclipsing_binary
1809.8910490016992,0.8207792,0.0012212817,5674169,eclipsing_binary
1809.8924378401766,0.80978715,0.0012192,5674169,eclipsing_binary
1809.8938266791206,0.79770976,0.0012164607,5674169,eclipsing_binary
1809.8952155180637,0.7886801,0.0012150549,5674169,eclipsing_binary
1809.8966043570058,0.7800666,0.0012138882,5674169,eclipsing_binary
1809.8979931959484,0.7739812,0.0012153102,5674169,eclipsing_binary
1809.8993820344265,0.77338475,0.0012156763,5674169,eclipsing_binary
1809.9007708733702,0.77273273,0.0012168399,5674169,eclipsing_binary
1809.9021597123128,0.77294755,0.0012152386,5674169,eclipsing_binary
1809.903548551255,0.7727464,0.0012123542,5674169,eclipsing_binary
1809.9049373897324,0.7724497,0.0012167561,5674169,eclipsing_binary
1809.9063262286763,0.7723815,0.0012131265,5674169,eclipsing_binary
1809.9077150676194,0.7711491,0.0012124892,5674169,eclipsing_binary
1809.9091039065618,0.77142215,0.0012128003,5674169,eclipsing_binary
1809.9104927450394,0.77135813,0.0012119499,5674169,eclipsing_binary
1809.9118815839824,0.7716372,0.0012120503,5674169,eclipsing_binary
1809.9132704229255,0.7715397,0.0012155268,5674169,eclipsing_binary
1809.914659261403,0.77031595,0.001214563,5674169,eclipsing_binary
1809.916048100345,0.7720117,0.0012115802,5674169,eclipsing_binary
1809.917436939288,0.77153337,0.0012113466,5674169,eclipsing_binary
1809.9188257777657,0.77347517,0.001213313,5674169,eclipsing_binary
1809.920214616709,0.77218515,0.0012126595,5674169,eclipsing_binary
1809.921603455652,0.7730571,0.0012170612,5674169,eclipsing_binary
1809.9229922941295,0.77396923,0.0012145014,5674169,eclipsing_binary
1809.9243811330725,0.77708864,0.0012131059,5674169,eclipsing_binary
1809.9257699720147,0.7837153,0.001216136,5674169,eclipsing_binary
1809.9271588104923,0.79223937,0.0012157792,5674169,eclipsing_binary
1809.928547649436,0.8026562,0.0012191623,5674169,eclipsing_binary
1809.9299364879134,0.81609315,0.0012210862,5674169,eclipsing_binary
1809.931325326856,0.82779545,0.0012230048,5674169,eclipsing_binary
1809.9327141657982,0.83977413,0.0012266992,5674169,eclipsing_binary
1809.9341030042765,0.85480976,0.0012287071,5674169,eclipsing_binary
1809.9354918432202,0.86803424,0.0012288508,5674169,eclipsing_binary
1809.936880681697,0.8812306,0.0012305162,5674169,eclipsing_binary
1809.9382695206396,0.8942817,0.0012341503,5674169,eclipsing_binary
1809.939658359117,0.9087624,0.0012352163,5674169,eclipsing_binary
1809.9410471980605,0.92237014,0.0012410843,5674169,eclipsing_binary
1809.9424360365379,0.93348897,0.0012417029,5674169,eclipsing_binary
1809.9438248754805,0.9458501,0.0012480794,5674169,eclipsing_binary
1809.9452137139579,0.9572496,0.0012440799,5674169,eclipsing_binary
1809.946602552901,0.9668912,0.0012451434,5674169,eclipsing_binary
1809.9479913913783,0.9763332,0.001249489,5674169,eclipsing_binary
1809.9493802303214,0.9866378,0.0012475495,5674169,eclipsing_binary
1809.9507690687988,0.9933538,0.0012557567,5674169,eclipsing_binary
1809.9521579077418,1.0022519,0.0012535144,5674169,eclipsing_binary
1809.9535467462188,1.0120577,0.0012521184,5674169,eclipsing_binary
1809.9549355851618,1.0173877,0.0012555803,5674169,eclipsing_binary
1809.9563244236401,1.0231938,0.0012563429,5674169,eclipsing_binary
1809.9577132625832,1.0297108,0.0012562921,5674169,eclipsing_binary
1809.9591021010597,1.0357633,0.001258203,5674169,eclipsing_binary
1809.9604909400023,1.0424464,0.0012601592,5674169,eclipsing_binary
1809.9618797784804,1.0498519,0.0012597012,5674169,eclipsing_binary
1809.9632686169584,1.0546155,0.0012621457,5674169,eclipsing_binary
1809.964657455901,1.0604537,0.0012613862,5674169,eclipsing_binary
1809.9660462943775,1.0672753,0.0012618419,5674169,eclipsing_binary
1809.9674351333206,1.0731177,0.0012646926,5674169,eclipsing_binary
1809.9688239717989,1.0775256,0.0012627535,5674169,eclipsing_binary
1809.9702128102763,1.0836549,0.0012638713,5674169,eclipsing_binary
1809.9716016492187,1.0874779,0.0012655786,5674169,eclipsing_binary
1809.9729904876963,1.0926137,0.0012708224,5674169,eclipsing_binary
1809.9743793261737,1.0954584,0.0012721693,5674169,eclipsing_binary
1809.9757681651167,1.1015546,0.0012668971,5674169,eclipsing_binary
1809.9771570035941,1.1047217,0.001270669,5674169,eclipsing_binary
1809.9785458420715,1.1078999,0.0012687438,5674169,eclipsing_binary
1809.9799346810146,1.109353,0.0012724408,5674169,eclipsing_binary
1809.981323519492,1.1135182,0.0012712558,5674169,eclipsing_binary
1809.9827123579694,1.1158309,0.0012747833,5674169,eclipsing_binary
1809.9841011969124,1.1198113,0.0012752912,5674169,eclipsing_binary
1809.9854900353898,1.1203005,0.0012718821,5674169,eclipsing_binary
1809.9868788738668,1.1227247,0.0012744394,5674169,eclipsing_binary
1809.9882677128098,1.1235175,0.0012730275,5674169,eclipsing_binary
1809.989656551288,1.1253237,0.0012748591,5674169,eclipsing_binary
1809.9910453897655,1.1259214,0.0012719071,5674169,eclipsing_binary
1809.992434228242,1.1267543,0.0012761415,5674169,eclipsing_binary
1809.9938230671846,1.1238892,0.0012726922,5674169,eclipsing_binary
1809.9952119056625,1.1235317,0.0012747097,5674169,eclipsing_binary
1809.9966007441408,1.1223915,0.0012719656,5674169,eclipsing_binary
1809.9979895826175,1.1221473,0.0012719028,5674169,eclipsing_binary
1809.9993784215599,1.1187693,0.001271721,5674169,eclipsing_binary
1810.0007672600373,1.1186103,0.0012696029,5674169,eclipsing_binary
1810.0021560985156,1.1158773,0.0012702883,5674169,eclipsing_binary
1810.003544936993,1.113856,0.0012728848,5674169,eclipsing_binary
1810.0049337754695,1.110025,0.0012720694,5674169,eclipsing_binary
1810.006322613947,1.1062274,0.0012687584,5674169,eclipsing_binary
1810.0077114528904,1.1021875,0.0012683062,5674169,eclipsing_binary
1810.0091002913678,1.0987439,0.0012696948,5674169,eclipsing_binary
1810.0104891298452,1.0942464,0.0012688403,5674169,eclipsing_binary
1810.0118779683226,1.0883842,0.0012647742,5674169,eclipsing_binary
1810.0132668068,1.083357,0.001265427,5674169,eclipsing_binary
1810.0146556452764,1.0786942,0.0012654968,5674169,eclipsing_binary
1810.0160444842197,1.0734721,0.0012683809,5674169,eclipsing_binary
1810.0174333226978,1.0666835,0.0012640452,5674169,eclipsing_binary
1810.0188221611752,1.0609246,0.0012624515,5674169,eclipsing_binary
1810.0202109996521,1.0555183,0.001262189,5674169,eclipsing_binary
1810.0215998381286,1.0489228,0.0012624642,5674169,eclipsing_binary
1810.022988676606,1.0431266,0.0012582693,5674169,eclipsing_binary
1810.0243775150843,1.0344069,0.0012565128,5674169,eclipsing_binary
1810.0257663535617,1.0277063,0.0012562429,5674169,eclipsing_binary
1810.0271551920387,1.0186372,0.0012597136,5674169,eclipsing_binary
1810.0285440305151,1.0121297,0.0012555537,5674169,eclipsing_binary
1810.0299328689935,1.0050571,0.0012508082,5674169,eclipsing_binary
1810.0313217074713,0.99443233,0.001251966,5674169,eclipsing_binary
1810.0327105459482,0.98641366,0.0012503869,5674169,eclipsing_binary
1810.034099384425,0.9757393,0.0012506497,5674169,eclipsing_binary
1810.0354882229026,0.96561164,0.0012507039,5674169,eclipsing_binary
1810.0368770613804,0.95560074,0.0012423466,5674169,eclipsing_binary
1810.0382658998578,0.9444311,0.001242998,5674169,eclipsing_binary
1810.0396547383348,0.93270963,0.0012394073,5674169,eclipsing_binary
1810.0410435768122,0.92163455,0.0012422053,5674169,eclipsing_binary
1810.0424324152896,0.9097329,0.0012398467,5674169,eclipsing_binary
1810.043821253767,0.8961914,0.0012378958,5674169,eclipsing_binary
1810.0452100922444,0.88345504,0.0012375421,5674169,eclipsing_binary
1810.0465989307218,0.87252486,0.0012312387,5674169,eclipsing_binary
1810.0479877691992,0.8590687,0.0012267329,5674169,eclipsing_binary
1810.049376607676,0.8460921,0.0012253508,5674169,eclipsing_binary
1810.0507654461535,0.83225167,0.0012220914,5674169,eclipsing_binary
1810.0521542846316,0.8208686,0.0012237701,5674169,eclipsing_binary
1810.0535431231092,0.80873084,0.001219393,5674169,eclipsing_binary
1810.0549319615857,0.7986623,0.0012162726,5674169,eclipsing_binary
1810.0563208000626,0.7900724,0.0012181008,5674169,eclipsing_binary
1810.0577096385405,0.78547114,0.0012151274,5674169,eclipsing_binary
1810.0590984770188,0.78314406,0.0012123086,5674169,eclipsing_binary
1810.0604873150298,0.77936953,0.0012161594,5674169,eclipsing_binary
1810.0618761535065,0.7801428,0.0012155941,5674169,eclipsing_binary
1810.063264991984,0.77874684,0.0012124476,5674169,eclipsing_binary
1810.0646538304622,0.77697724,0.0012127339,5674169,eclipsing_binary
1810.0660426689396,0.77681345,0.0012142209,5674169,eclipsing_binary
1810.0674315074161,0.77664894,0.0012114381,5674169,eclipsing_binary
1810.0688203458938,0.7752679,0.0012120327,5674169,eclipsing_binary
1810.0702091839057,0.7741516,0.0012157125,5674169,eclipsing_binary
1810.0715980223831,0.7759444,0.0012150635,5674169,eclipsing_binary
1810.0729868608605,0.7756567,0.0012122192,5674169,eclipsing_binary
1810.074375699338,0.7747061,0.0012139169,5674169,eclipsing_binary
1810.0757645378153,0.7755677,0.0012115678,5674169,eclipsing_binary
1810.0771533758261,0.777185,0.0012160355,5674169,eclipsing_binary
1810.0785422143038,0.77855307,0.0012145041,5674169,eclipsing_binary
1810.0799310527818,0.780066,0.0012148462,5674169,eclipsing_binary
1810.0813198912592,0.7811709,0.0012157729,5674169,eclipsing_binary
1810.0827087292705,0.78571755,0.0012162911,5674169,eclipsing_binary
1810.084097567747,0.7921555,0.0012148134,5674169,eclipsing_binary
1810.0854864062253,0.80221325,0.001215881,5674169,eclipsing_binary
1810.0868752447034,0.812828,0.0012211057,5674169,eclipsing_binary
1810.0882640827144,0.8236528,0.0012211154,5674169,eclipsing_binary
1810.0896529211914,0.83581513,0.001223104,5674169,eclipsing_binary
1810.0910417596688,0.8497522,0.0012252679,5674169,eclipsing_binary
1810.0924305981466,0.86276275,0.0012321147,5674169,eclipsing_binary
1810.0938194361584,0.87307614,0.0012301101,5674169,eclipsing_binary
1810.0952082746353,0.8868205,0.0012311889,5674169,eclipsing_binary
1810.0965971131127,0.89761275,0.0012349247,5674169,eclipsing_binary
1810.0979859511244,0.911204,0.0012373624,5674169,eclipsing_binary
1810.0993747896018,0.9219259,0.0012388842,5674169,eclipsing_binary
1810.1007636280792,0.933434,0.0012417431,5674169,eclipsing_binary
1810.102152466091,0.9452903,0.0012435509,5674169,eclipsing_binary
1810.1035413045684,0.95576864,0.0012432608,5674169,eclipsing_binary
1810.1049301430453,0.96612465,0.0012457416,5674169,eclipsing_binary
1810.106318981057,0.9746674,0.0012466442,5674169,eclipsing_binary
1810.1077078195353,0.98575884,0.001248209,5674169,eclipsing_binary
1810.109096657547,0.9936876,0.001251317,5674169,eclipsing_binary
1810.1104854960236,1.0020592,0.0012521558,5674169,eclipsing_binary
1810.1118743345005,1.0123156,0.001253021,5674169,eclipsing_binary
1810.113263172513,1.0190125,0.0012586485,5674169,eclipsing_binary
1810.114652010991,1.0252424,0.0012556682,5674169,eclipsing_binary
1810.1160408490023,1.0326958,0.0012582215,5674169,eclipsing_binary
1810.1174296874788,1.0402242,0.0012598161,5674169,eclipsing_binary
1810.1188185254905,1.0454211,0.0012581415,5674169,eclipsing_binary
1810.1202073639688,1.0531818,0.0012579839,5674169,eclipsing_binary
1810.1215962024462,1.0574936,0.0012641851,5674169,eclipsing_binary
1810.1229850404573,1.0637356,0.0012623155,5674169,eclipsing_binary
1810.1243738789349,1.0672652,0.0012631165,5674169,eclipsing_binary
1810.1257627169466,1.0738196,0.0012648139,5674169,eclipsing_binary
1810.127151555424,1.078594,0.0012698156,5674169,eclipsing_binary
1810.1285403934357,1.0834401,0.0012650838,5674169,eclipsing_binary
1810.1299292319131,1.0892919,0.0012711689,5674169,eclipsing_binary
1810.1313180699249,1.0960834,0.0012682012,5674169,eclipsing_binary
1810.1327069084018,1.0965166,0.0012689652,5674169,eclipsing_binary
1810.1340957464135,1.1004297,0.0012705752,5674169,eclipsing_binary
1810.1354845848914,1.1029124,0.0012704672,5674169,eclipsing_binary
1810.1368734229031,1.1061769,0.0012698639,5674169,eclipsing_binary
1810.13826226138,1.1077967,0.001274942,5674169,eclipsing_binary
1810.139651099391,1.110413,0.0012696261,5674169,eclipsing_binary
1810.1410399374035,1.1125393,0.0012694895,5674169,eclipsing_binary
1810.1424287758819,1.1144674,0.0012699362,5674169,eclipsing_binary
1810.1438176138927,1.1140815,0.0012696435,5674169,eclipsing_binary
1810.1452064523696,1.1171504,0.0012690664,5674169,eclipsing_binary
1810.1465952903814,1.1172286,0.0012778539,5674169,eclipsing_binary
1810.1479841283935,1.118386,0.0012737275,5674169,eclipsing_binary
1810.1493729668712,1.1178821,0.0012731598,5674169,eclipsing_binary
1810.1507618048822,1.1153622,0.0012734969,5674169,eclipsing_binary
1810.1521506433592,1.1142479,0.0012714163,5674169,eclipsing_binary
1810.153539481371,1.1152631,0.0012687686,5674169,eclipsing_binary
1810.154928319383,1.1117808,0.0012705058,5674169,eclipsing_binary
1810.1563171578605,1.1091201,0.0012734142,5674169,eclipsing_binary
1810.1577059958718,1.1086259,0.0012685487,5674169,eclipsing_binary
1810.1590948338835,1.1035639,0.001268261,5674169,eclipsing_binary
1810.160483672361,1.1017227,0.0012697531,5674169,eclipsing_binary
1810.1618725103726,1.0986392,0.0012686147,5674169,eclipsing_binary
1810.1632613483844,1.0939988,0.0012687624,5674169,eclipsing_binary
1810.1646501868618,1.0906829,0.0012657885,5674169,eclipsing_binary
1810.1660390248735,1.0864741,0.0012665621,5674169,eclipsing_binary
1810.1674278628848,1.0824088,0.0012659929,5674169,eclipsing_binary
1810.1688167013622,1.0775461,0.0012661748,5674169,eclipsing_binary
1810.1702055393748,1.0725154,0.0012645575,5674169,eclipsing_binary
1810.1715943773866,1.0676116,0.0012660201,5674169,eclipsing_binary
1810.1729832153974,1.0630928,0.0012600749,5674169,eclipsing_binary
1810.1743720538743,1.0572848,0.0012625118,5674169,eclipsing_binary
1810.1757608918867,1.0524716,0.0012582176,5674169,eclipsing_binary
1810.1771497298992,1.0455549,0.001259659,5674169,eclipsing_binary
1810.1785385679104,1.0388883,0.0012580497,5674169,eclipsing_binary
1810.179927406387,1.033894,0.0012580645,5674169,eclipsing_binary
1810.1813162443987,1.0277352,0.0012562191,5674169,eclipsing_binary
1810.1827050824113,1.0212706,0.001255352,5674169,eclipsing_binary
1810.184093920423,1.015231,0.0012525581,5674169,eclipsing_binary
1810.1854827584343,1.0087187,0.0012512844,5674169,eclipsing_binary
1810.1868715969117,1.0008088,0.0012534375,5674169,eclipsing_binary
1810.1882604349234,0.9926049,0.001248609,5674169,eclipsing_binary
1810.1896492729352,0.9851361,0.0012487391,5674169,eclipsing_binary
1810.191038110947,0.9762413,0.0012453689,5674169,eclipsing_binary
1810.1924269489587,0.96896386,0.0012464629,5674169,eclipsing_binary
1810.1938157869704,0.9570013,0.0012443538,5674169,eclipsing_binary
1810.1952046254473,0.947774,0.001242836,5674169,eclipsing_binary
1810.196593463459,0.93585587,0.0012466335,5674169,eclipsing_binary
1810.1979823014713,0.9254766,0.0012375348,5674169,eclipsing_binary
1810.199371139483,0.9128103,0.0012392252,5674169,eclipsing_binary
1810.2007599774943,0.89977336,0.0012359797,5674169,eclipsing_binary
1810.202148815505,0.88783836,0.0012316967,5674169,eclipsing_binary
1810.2035376535177,0.8742469,0.0012335262,5674169,eclipsing_binary
1810.2049264915304,0.8624057,0.0012293652,5674169,eclipsing_binary
1810.2063153295412,0.8488721,0.0012277121,5674169,eclipsing_binary
1810.2077041675525,0.8353551,0.00122257,5674169,eclipsing_binary
1810.20909300603,0.82162696,0.0012212488,5674169,eclipsing_binary
1810.2104818440423,0.8114074,0.0012177884,5674169,eclipsing_binary
1810.2118706820543,0.7991337,0.001220431,5674169,eclipsing_binary
1810.213259520065,0.7883079,0.0012170566,5674169,eclipsing_binary
1810.2146483580768,0.7806615,0.0012136705,5674169,eclipsing_binary
1810.2160371960886,0.7743308,0.0012140741,5674169,eclipsing_binary
1810.2174260341003,0.77432805,0.001210511,5674169,eclipsing_binary
1810.218814872112,0.77290946,0.00121794,5674169,eclipsing_binary
1810.220203710124,0.7714584,0.001213223,5674169,eclipsing_binary
1810.221592548136,0.7714412,0.0012146343,5674169,eclipsing_binary
1810.2229813861468,0.7705357,0.0012121113,5674169,eclipsing_binary
1810.2243702241585,0.7715359,0.0012124601,5674169,eclipsing_binary
1810.2257590621712,0.7710464,0.0012138734,5674169,eclipsing_binary
1810.227147900183,0.77402323,0.0012132465,5674169,eclipsing_binary
1810.228536738194,0.7718166,0.0012123056,5674169,eclipsing_binary
1810.229925576205,0.77058655,0.001213278,5674169,eclipsing_binary
1810.2313144142176,0.7706796,0.0012116709,5674169,eclipsing_binary
1810.2327032517642,0.7720843,0.0012123818,5674169,eclipsing_binary
1810.2340920897755,0.77084553,0.0012131361,5674169,eclipsing_binary
1810.2354809277863,0.77296484,0.0012135342,5674169,eclipsing_binary
1810.236869765798,0.7731249,0.0012136124,5674169,eclipsing_binary
1810.2382586038107,0.77188754,0.001214369,5674169,eclipsing_binary
1810.2396474418224,0.77324104,0.0012114535,5674169,eclipsing_binary
1810.2410362798337,0.77262443,0.0012162648,5674169,eclipsing_binary
1810.2424251178454,0.7763768,0.0012128702,5674169,eclipsing_binary
1810.2438139558571,0.7823417,0.0012155776,5674169,eclipsing_binary
1810.2452027938689,0.7905924,0.0012166081,5674169,eclipsing_binary
1810.246591631415,0.80136156,0.0012169072,5674169,eclipsing_binary
1810.2479804694267,0.8119776,0.001217357,5674169,eclipsing_binary
1810.2493693074384,0.82638156,0.0012282536,5674169,eclipsing_binary
1810.2507581454497,0.83880514,0.0012226071,5674169,eclipsing_binary
1810.2521469834614,0.8538296,0.001232412,5674169,eclipsing_binary
1810.2535358214736,0.8662967,0.0012285154,5674169,eclipsing_binary
1810.25492465902,0.88133085,0.001230065,5674169,eclipsing_binary
1810.256313497031,0.8935762,0.00123596,5674169,eclipsing_binary
1810.2577023350423,0.9069892,0.0012346759,5674169,eclipsing_binary
1810.2590911730545,0.9178497,0.0012389608,5674169,eclipsing_binary
1810.260480011067,0.9306971,0.0012392837,5674169,eclipsing_binary
1810.2618688486123,0.9423049,0.0012421238,5674169,eclipsing_binary
1810.2632576866235,0.9550847,0.0012450675,5674169,eclipsing_binary
1810.2646465246353,0.9650891,0.001248509,5674169,eclipsing_binary
1810.266035362648,0.97476465,0.0012470541,5674169,eclipsing_binary
1810.267424200194,0.98355216,0.001252848,5674169,eclipsing_binary
1810.2688130382048,0.99308926,0.001251767,5674169,eclipsing_binary
1810.2702018762166,1.0005678,0.0012507015,5674169,eclipsing_binary
1810.2715907142283,1.0090705,0.0012534038,5674169,eclipsing_binary
1810.2729795517746,1.0156823,0.0012521744,5674169,eclipsing_binary
1810.2743683897866,1.022858,0.0012579623,5674169,eclipsing_binary
1810.2757572277983,1.0301653,0.0012617236,5674169,eclipsing_binary
1810.2771460653444,1.0348643,0.0012585844,5674169,eclipsing_binary
1810.2785349033552,1.0414678,0.0012591407,5674169,eclipsing_binary
1810.279923741367,1.0456511,0.0012619799,5674169,eclipsing_binary
1810.281312578914,1.0537567,0.0012598886,5674169,eclipsing_binary
1810.2827014169256,1.0604035,0.0012620476,5674169,eclipsing_binary
1810.284090254937,1.0661154,0.0012634866,5674169,eclipsing_binary
1810.285479092482,1.0702965,0.0012645524,5674169,eclipsing_binary
1810.2868679304947,1.0757028,0.0012649149,5674169,eclipsing_binary
1810.288256768507,1.0807081,0.0012658755,5674169,eclipsing_binary
1810.2896456060525,1.0854942,0.0012645082,5674169,eclipsing_binary
1810.2910344440636,1.0900775,0.0012665055,5674169,eclipsing_binary
1810.292423282076,1.094891,0.0012663922,5674169,eclipsing_binary
1810.293812119623,1.0994464,0.0012682618,5674169,eclipsing_binary
1810.2952009576338,1.1028267,0.0012717003,5674169,eclipsing_binary
1810.2965897951794,1.1071532,0.0012694792,5674169,eclipsing_binary
1810.2979786331912,1.1089902,0.0012699714,5674169,eclipsing_binary
1810.2993674712036,1.1120002,0.0012731062,5674169,eclipsing_binary
1810.30075630875,1.1147178,0.0012730794,5674169,eclipsing_binary
1810.3021451467607,1.1175447,0.001271086,5674169,eclipsing_binary
1810.3035339843068,1.1193414,0.0012700297,5674169,eclipsing_binary
1810.3049228223185,1.1209439,0.0012708356,5674169,eclipsing_binary
1810.3063116598646,1.121159,0.0012696576,5674169,eclipsing_binary
1810.3077004978763,1.1238046,0.001271173,5674169,eclipsing_binary
1810.3090893354226,1.1244999,0.0012768726,5674169,eclipsing_binary
1810.3104781734346,1.1242355,0.00127263,5674169,eclipsing_binary
1810.3118670109798,1.124239,0.0012714921,5674169,eclipsing_binary
1810.3132558489915,1.1223228,0.001272725,5674169,eclipsing_binary
1810.3146446865376,1.1229053,0.0012715333,5674169,eclipsing_binary
1810.3160335245493,1.1208233,0.001274359,5674169,eclipsing_binary
1810.3174223620956,1.1197461,0.0012717925,5674169,eclipsing_binary
1810.3188112001067,1.1180625,0.0012697866,5674169,eclipsing_binary
1810.3202000376527,1.11564,0.0012731482,5674169,eclipsing_binary
1810.3215888756654,1.1115267,0.0012728036,5674169,eclipsing_binary
1810.3229777132115,1.1074853,0.001270157,5674169,eclipsing_binary
1810.3243665512223,1.1058764,0.0012685116,5674169,eclipsing_binary
1810.325755388768,1.1022564,0.0012675716,5674169,eclipsing_binary
1810.3271442263147,1.0974493,0.0012688853,5674169,eclipsing_binary
1810.328533064327,1.0930556,0.0012663438,5674169,eclipsing_binary
1810.3299219018727,1.0886881,0.0012649841,5674169,eclipsing_binary
1810.3313107398835,1.0820946,0.0012675361,5674169,eclipsing_binary
1810.3326995774296,1.0773095,0.0012683559,5674169,eclipsing_binary
1810.3340884149766,1.0735216,0.0012648962,5674169,eclipsing_binary
1810.3354772529883,1.0658374,0.0012623884,5674169,eclipsing_binary
1810.336866090534,1.0614768,0.0012631725,5674169,eclipsing_binary
1810.3382549285457,1.0536305,0.0012617268,5674169,eclipsing_binary
1810.3396437660917,1.0485913,0.0012611154,5674169,eclipsing_binary
1810.3410326036378,1.042425,0.0012571065,5674169,eclipsing_binary
1810.3424214416495,1.0341636,0.0012581607,5674169,eclipsing_binary
1810.3438102791956,1.0282338,0.0012555476,5674169,eclipsing_binary
1810.3451991167417,1.0219047,0.0012561457,5674169,eclipsing_binary
1810.346587954753,1.0115317,0.0012578721,5674169,eclipsing_binary
1810.347976792299,1.0055866,0.0012503602,5674169,eclipsing_binary
1810.3493656298456,0.9954372,0.0012499996,5674169,eclipsing_binary
1810.3507544673917,0.98547405,0.0012501826,5674169,eclipsing_binary
1810.352143305403,0.97600776,0.00124975,5674169,eclipsing_binary
1810.3535321429483,0.9669403,0.001246933,5674169,eclipsing_binary
1810.354920980495,0.9563118,0.0012430386,5674169,eclipsing_binary
1810.3563098185077,0.945461,0.0012422552,5674169,eclipsing_binary
1810.357698656053,0.93250483,0.0012408982,5674169,eclipsing_binary
1810.3590874935985,0.9215078,0.001244015,5674169,eclipsing_binary
1810.3604763311446,0.9109651,0.0012355369,5674169,eclipsing_binary
1810.361865169157,0.89807785,0.001234609,5674169,eclipsing_binary
1810.3632540067033,0.88607544,0.0012306798,5674169,eclipsing_binary
1810.3646428442485,0.8715898,0.0012319818,5674169,eclipsing_binary
1810.3660316817945,0.8585012,0.0012264946,5674169,eclipsing_binary
1810.3674205193406,0.8471847,0.0012272674,5674169,eclipsing_binary
1810.3688093573523,0.83380234,0.001223171,5674169,eclipsing_binary
1810.3701981948984,0.82254696,0.001221277,5674169,eclipsing_binary
1810.3715870324447,0.8087425,0.0012190206,5674169,eclipsing_binary
1810.372975869991,0.8007681,0.0012176947,5674169,eclipsing_binary
1810.3743647075362,0.7906735,0.0012153138,5674169,eclipsing_binary
1810.3757535450823,0.7854314,0.0012171392,5674169,eclipsing_binary
1810.377142383095,0.785011,0.0012160465,5674169,eclipsing_binary
1810.378531220641,0.7806966,0.001217618,5674169,eclipsing_binary
1810.3799200581864,0.77965456,0.0012145268,5674169,eclipsing_binary
1810.3813088957318,0.7780917,0.0012164206,5674169,eclipsing_binary
1810.3826977332787,0.7780065,0.0012128353,5674169,eclipsing_binary
1810.3840865708253,0.7770122,0.001213671,5674169,eclipsing_binary
1810.385475408371,0.7753381,0.0012127962,5674169,eclipsing_binary
1810.386864245916,0.7755269,0.0012139266,5674169,eclipsing_binary
1810.388253083928,0.77424735,0.0012130517,5674169,eclipsing_binary
1810.3896419214748,0.7741247,0.0012113742,5674169,eclipsing_binary
1810.3910307590209,0.77564204,0.0012157799,5674169,eclipsing_binary
1810.3924195965665,0.7751182,0.0012166497,5674169,eclipsing_binary
1810.3938084341125,0.7758599,0.0012157216,5674169,eclipsing_binary
1810.3951972716586,0.77773064,0.001211282,5674169,eclipsing_binary
1810.3965861092047,0.7796831,0.0012146696,5674169,eclipsing_binary
1810.3979749467508,0.7800313,0.0012122103,5674169,eclipsing_binary
1810.3993637842968,0.7826641,0.0012163018,5674169,eclipsing_binary
1810.400752621843,0.7842744,0.0012153143,5674169,eclipsing_binary
1810.4021414593885,0.78966844,0.0012167315,5674169,eclipsing_binary
1810.4035302969346,0.79961336,0.0012170862,5674169,eclipsing_binary
1810.4049191344811,0.81253165,0.001221529,5674169,eclipsing_binary
1810.4063079720274,0.8230611,0.0012207803,5674169,eclipsing_binary
1810.4076968095728,0.83441997,0.0012238821,5674169,eclipsing_binary
1810.4090856471184,0.8469645,0.001225364,5674169,eclipsing_binary
1810.410474484665,0.8596234,0.0012278421,5674169,eclipsing_binary
1810.411863322212,0.8721155,0.0012288826,5674169,eclipsing_binary
1810.4132521597571,0.88557327,0.0012316968,5674169,eclipsing_binary
1810.4146409973027,0.89624804,0.0012316504,5674169,eclipsing_binary
1810.4160298348488,0.9091475,0.0012374029,5674169,eclipsing_binary
1810.4174186723958,0.923345,0.0012393293,5674169,eclipsing_binary
1810.4188075099419,0.93334097,0.0012402376,5674169,eclipsing_binary
1810.420196347487,0.9432918,0.0012393967,5674169,eclipsing_binary
1810.421585185033,0.95324016,0.0012441224,5674169,eclipsing_binary
1810.4229740221135,0.9660607,0.0012478195,5674169,eclipsing_binary
1810.4243628596598,0.97657245,0.0012473188,5674169,eclipsing_binary
1810.4257516972061,0.98522717,0.0012482132,5674169,eclipsing_binary
1810.4271405347522,0.99393994,0.0012569719,5674169,eclipsing_binary
1810.4285293722983,1.0022196,0.0012550538,5674169,eclipsing_binary
1810.4299182098434,1.0103126,0.0012558885,5674169,eclipsing_binary
1810.4313070473895,1.0192001,0.0012537343,5674169,eclipsing_binary
1810.4326958849365,1.0254735,0.0012565544,5674169,eclipsing_binary
1810.434084722017,1.03328,0.0012579354,5674169,eclipsing_binary
1810.4354735595625,1.0408984,0.001259425,5674169,eclipsing_binary
1810.4368623971077,1.0450773,0.0012587599,5674169,eclipsing_binary
1810.4382512346547,1.0509914,0.0012614483,5674169,eclipsing_binary
1810.4396400722012,1.0579754,0.0012625214,5674169,eclipsing_binary
1810.4410289097468,1.0632925,0.0012664646,5674169,eclipsing_binary
1810.4424177468265,1.0673743,0.0012642225,5674169,eclipsing_binary
1810.4438065843729,1.0733905,0.0012624268,5674169,eclipsing_binary
1810.4451954219194,1.079649,0.001264347,5674169,eclipsing_binary
1810.4465842594655,1.0815502,0.0012662126,5674169,eclipsing_binary
1810.4479730965454,1.0890558,0.0012649947,5674169,eclipsing_binary
1810.4493619340915,1.093471,0.0012673204,5674169,eclipsing_binary
1810.4507507716376,1.0969062,0.0012663736,5674169,eclipsing_binary
1810.4521396091836,1.1009912,0.001270037,5674169,eclipsing_binary
1810.453528446264,1.1040349,0.0012725528,5674169,eclipsing_binary
1810.4549172838101,1.1065829,0.0012748485,5674169,eclipsing_binary
1810.4563061213562,1.1091603,0.0012687437,5674169,eclipsing_binary
1810.4576949589018,1.1108671,0.00126873,5674169,eclipsing_binary
1810.4590837959822,1.1133623,0.0012698447,5674169,eclipsing_binary
1810.4604726335292,1.1149609,0.0012722481,5674169,eclipsing_binary
1810.4618614710753,1.1164314,0.0012721025,5674169,eclipsing_binary
1810.4632503081548,1.1174364,0.0012757818,5674169,eclipsing_binary
1810.4646391457004,1.1179535,0.0012701285,5674169,eclipsing_binary
1810.466027983247,1.1189733,0.0012738362,5674169,eclipsing_binary
1810.4674168203283,1.1184756,0.0012717776,5674169,eclipsing_binary
1810.4688056578736,1.1164515,0.0012699331,5674169,eclipsing_binary
1810.470194495419,1.1175029,0.001274602,5674169,eclipsing_binary
1810.4715833324994,1.1132075,0.0012689622,5674169,eclipsing_binary
1810.4729721700464,1.1139476,0.0012698943,5674169,eclipsing_binary
1810.4743610075925,1.111029,0.0012694644,5674169,eclipsing_binary
1810.475749844672,1.1096307,0.001267942,5674169,eclipsing_binary
1810.4771386822183,1.1054559,0.0012724658,5674169,eclipsing_binary
1810.478527519299,1.1033263,0.0012720783,5674169,eclipsing_binary
1810.479916356845,1.1000203,0.0012687633,5674169,eclipsing_binary
1810.481305194391,1.0967056,0.0012684333,5674169,eclipsing_binary
1810.4826940314715,1.0927727,0.0012678475,5674169,eclipsing_binary
1810.4840828690176,1.0878005,0.0012659767,5674169,eclipsing_binary
1810.485471706097,1.0847223,0.001265284,5674169,eclipsing_binary
1810.4868605436434,1.0791601,0.0012661166,5674169,eclipsing_binary
1810.4882493807245,1.0744487,0.0012646961,5674169,eclipsing_binary
1810.4896382182706,1.0674449,0.0012620197,5674169,eclipsing_binary
1810.4910270558162,1.0642897,0.0012649508,5674169,eclipsing_binary
1810.4924158928957,1.057904,0.0012638519,5674169,eclipsing_binary
1810.4938047304427,1.052175,0.0012584417,5674169,eclipsing_binary
1810.4951935675238,1.0472432,0.001261933,5674169,eclipsing_binary
1810.4965824050691,1.0404528,0.0012581892,5674169,eclipsing_binary
1810.497971242149,1.0364586,0.0012628671,5674169,eclipsing_binary
1810.4993600796952,1.0283796,0.0012596201,5674169,eclipsing_binary
1810.500748916776,1.021533,0.0012540093,5674169,eclipsing_binary
1810.5021377543221,1.0173802,0.0012571479,5674169,eclipsing_binary
1810.503526591402,1.007132,0.0012590524,5674169,eclipsing_binary
1810.5049154289482,1.0011791,0.0012507138,5674169,eclipsing_binary
1810.5063042660286,0.995762,0.0012536835,5674169,eclipsing_binary
1810.507693103109,0.98880076,0.0012535228,5674169,eclipsing_binary
1810.509081940655,0.97965837,0.0012481955,5674169,eclipsing_binary
1810.5104707777355,0.9691778,0.0012484157,5674169,eclipsing_binary
1810.5118596152815,0.95919454,0.0012441643,5674169,eclipsing_binary
1810.5132484523615,0.94870013,0.0012423908,5674169,eclipsing_binary
1810.5146372899076,0.9382391,0.0012404746,5674169,eclipsing_binary
1810.516026126989,0.9255291,0.0012393334,5674169,eclipsing_binary
1810.5174149640693,0.91516614,0.0012373843,5674169,eclipsing_binary
1810.5188038016145,0.9017993,0.0012331593,5674169,eclipsing_binary
1810.5201926386944,0.88871753,0.0012330654,5674169,eclipsing_binary
1810.5215814757755,0.8773847,0.0012327434,5674169,eclipsing_binary
1810.5229703133223,0.86313564,0.001226673,5674169,eclipsing_binary
1810.5243591504022,0.8506521,0.0012308381,5674169,eclipsing_binary
1810.5257479879474,0.8368034,0.0012235828,5674169,eclipsing_binary
1810.5271368250278,0.8241908,0.0012208166,5674169,eclipsing_binary
1810.5285256621091,0.81246656,0.0012211766,5674169,eclipsing_binary
1810.5299144996552,0.79881895,0.0012165696,5674169,eclipsing_binary
1810.5313033367352,0.7888801,0.0012241524,5674169,eclipsing_binary
1810.5326921738156,0.78158957,0.0012134118,5674169,eclipsing_binary
1810.534081010896,0.77615505,0.0012123332,5674169,eclipsing_binary
1810.535469848442,0.77343947,0.0012198788,5674169,eclipsing_binary
1810.5368586855225,0.7721178,0.0012149877,5674169,eclipsing_binary
1810.538247522603,0.7732623,0.0012130315,5674169,eclipsing_binary
1810.539636360149,0.77216643,0.0012108474,5674169,eclipsing_binary
1810.541025197229,0.7719523,0.0012141378,5674169,eclipsing_binary
1810.5424140343093,0.77207774,0.0012110271,5674169,eclipsing_binary
1810.5438028713902,0.77108747,0.0012189245,5674169,eclipsing_binary
1810.5451917089363,0.7710863,0.001217996,5674169,eclipsing_binary
1810.5465805460162,0.77169406,0.0012114301,5674169,eclipsing_binary
1810.5479693830957,0.7709926,0.0012110475,5674169,eclipsing_binary
1810.549358220177,0.769878,0.0012114327,5674169,eclipsing_binary
1810.550747057724,0.77060497,0.001216196,5674169,eclipsing_binary
1810.5521358948035,0.77219194,0.0012116381,5674169,eclipsing_binary
1810.5535247318835,0.771768,0.0012132662,5674169,eclipsing_binary
1810.554913568964,0.77243996,0.0012127026,5674169,eclipsing_binary
1810.556302406045,0.7727142,0.0012143056,5674169,eclipsing_binary
1810.5576912435913,0.7725286,0.0012128177,5674169,eclipsing_binary
1810.5590800806708,0.7727933,0.001216601,5674169,eclipsing_binary
1810.5604689177512,0.77576005,0.0012128523,5674169,eclipsing_binary
1810.5618577548316,0.7803115,0.0012130437,5674169,eclipsing_binary
1810.563246591912,0.78849834,0.0012182583,5674169,eclipsing_binary
1810.5646354289925,0.7994428,0.0012191898,5674169,eclipsing_binary
1810.566024266073,0.8114312,0.0012228291,5674169,eclipsing_binary
1810.5674131036194,0.8232017,0.0012216751,5674169,eclipsing_binary
1810.568801940699,0.83592546,0.0012233751,5674169,eclipsing_binary
1810.5701907777793,0.85146517,0.001225598,5674169,eclipsing_binary
1810.5715796148606,0.86303914,0.001230909,5674169,eclipsing_binary
1810.572968451941,0.87667716,0.0012290295,5674169,eclipsing_binary
1810.5743572890206,0.8908179,0.0012343448,5674169,eclipsing_binary
1810.5757461261005,0.9042985,0.0012391258,5674169,eclipsing_binary
1810.5771349631818,0.91671246,0.0012393702,5674169,eclipsing_binary
1810.5785238002627,0.93004143,0.0012405524,5674169,eclipsing_binary
1810.5799126373427,0.940797,0.001243406,5674169,eclipsing_binary
1810.5813014744222,0.95239246,0.0012421253,5674169,eclipsing_binary
1810.5826903115026,0.96357316,0.001247375,5674169,eclipsing_binary
1810.5840791490496,0.9722223,0.0012485596,5674169,eclipsing_binary
1810.58546798613,0.9816314,0.0012487896,5674169,eclipsing_binary
1810.58685682321,0.9916377,0.0012507994,5674169,eclipsing_binary
1810.5882456602894,1.0007107,0.0012520093,5674169,eclipsing_binary
1810.5896344973698,1.0066445,0.0012504037,5674169,eclipsing_binary
1810.5910233344512,1.013395,0.0012578797,5674169,eclipsing_binary
1810.5924121715316,1.0222982,0.00125607,5674169,eclipsing_binary
1810.5938010086115,1.0268977,0.0012545077,5674169,eclipsing_binary
1810.595189845692,1.0348022,0.00125746,5674169,eclipsing_binary
1810.5965786827724,1.0401198,0.0012576135,5674169,eclipsing_binary
1810.597967519387,1.0460701,0.0012583288,5674169,eclipsing_binary
1810.5993563564675,1.0529124,0.0012602516,5674169,eclipsing_binary
1810.600745193548,1.0577374,0.0012600912,5674169,eclipsing_binary
1810.6021340306283,1.063086,0.0012600606,5674169,eclipsing_binary
1810.6035228677088,1.068595,0.0012628246,5674169,eclipsing_binary
1810.6049117047892,1.0735449,0.0012647375,5674169,eclipsing_binary
1810.6063005418696,1.0800234,0.0012643371,5674169,eclipsing_binary
1810.60768937895,1.0834122,0.0012720145,5674169,eclipsing_binary
1810.60907821603,1.0878322,0.0012646253,5674169,eclipsing_binary
1810.6104670531104,1.093843,0.0012685901,5674169,eclipsing_binary
1810.6118558901917,1.0989671,0.0012679046,5674169,eclipsing_binary
1810.613244727272,1.1009499,0.0012683922,5674169,eclipsing_binary
1810.614633563886,1.1067839,0.0012696341,5674169,eclipsing_binary
1810.616022400966,1.1085331,0.0012687934,5674169,eclipsing_binary
1810.6174112380468,1.110781,0.0012683644,5674169,eclipsing_binary
1810.618800075128,1.1127409,0.0012704806,5674169,eclipsing_binary
1810.620188912208,1.1167833,0.0012701204,5674169,eclipsing_binary
1810.6215777492876,1.1182828,0.0012704391,5674169,eclipsing_binary
1810.622966586368,1.1165414,0.0012722859,5674169,eclipsing_binary
1810.6243554229836,1.121898,0.0012758482,5674169,eclipsing_binary
1810.625744260064,1.1220539,0.0012725887,5674169,eclipsing_binary
1810.6271330971435,1.1219848,0.0012724443,5674169,eclipsing_binary
1810.6285219342242,1.1235962,0.0012695988,5674169,eclipsing_binary
1810.6299107713048,1.1236788,0.0012714742,5674169,eclipsing_binary
1810.6312996079196,1.121442,0.0012709653,5674169,eclipsing_binary
1810.632688445,1.1230414,0.0012713136,5674169,eclipsing_binary
1810.6340772820804,1.1205429,0.0012713406,5674169,eclipsing_binary
1810.6354661191608,1.1188874,0.0012727157,5674169,eclipsing_binary
1810.6368549557749,1.117468,0.0012703701,5674169,eclipsing_binary
1810.6382437928555,1.1141999,0.0012686913,5674169,eclipsing_binary
1810.6396326299364,1.1101141,0.0012696878,5674169,eclipsing_binary
1810.6410214670168,1.1099074,0.0012695155,5674169,eclipsing_binary
1810.642410303631,1.1051393,0.0012733773,5674169,eclipsing_binary
1810.6437991407106,1.1024977,0.0012688307,5674169,eclipsing_binary
1810.645187977792,1.0980473,0.0012677172,5674169,eclipsing_binary
1810.6465768144076,1.0939752,0.0012674143,5674169,eclipsing_binary
1810.647965651487,1.0886164,0.0012643243,5674169,eclipsing_binary
1810.649354488567,1.0840312,0.001264017,5674169,eclipsing_binary
1810.6507433256475,1.0778289,0.0012634257,5674169,eclipsing_binary
1810.6521321622627,1.0725168,0.0012674454,5674169,eclipsing_binary
1810.653520999343,1.0653793,0.0012629081,5674169,eclipsing_binary
1810.654909836423,1.0596274,0.0012668412,5674169,eclipsing_binary
1810.6562986730378,1.0539494,0.0012605678,5674169,eclipsing_binary
1810.6576875101182,1.0470691,0.0012605855,5674169,eclipsing_binary
1810.659076346733,1.0402322,0.0012587503,5674169,eclipsing_binary
1810.6604651838134,1.0343789,0.0012578127,5674169,eclipsing_binary
1810.6618540208938,1.0270845,0.0012555346,5674169,eclipsing_binary
1810.6632428575087,1.0212457,0.0012536101,5674169,eclipsing_binary
1810.6646316945885,1.0118136,0.0012562585,5674169,eclipsing_binary
1810.666020531669,1.0040438,0.0012514715,5674169,eclipsing_binary
1810.6674093682846,0.9942429,0.0012499199,5674169,eclipsing_binary
1810.668798205365,0.9852966,0.0012507569,5674169,eclipsing_binary
1810.6701870419788,0.97557604,0.0012483457,5674169,eclipsing_binary
1810.6715758790588,0.96587,0.0012458712,5674169,eclipsing_binary
1810.6729647156742,0.9563227,0.0012440059,5674169,eclipsing_binary
1810.6743535527553,0.9457547,0.0012424712,5674169,eclipsing_binary
1810.6757423898352,0.9339408,0.0012395418,5674169,eclipsing_binary
1810.677131226449,0.9227041,0.001236001,5674169,eclipsing_binary
1810.6785200635295,0.9104396,0.0012350582,5674169,eclipsing_binary
1810.6799089001452,0.8991523,0.0012348485,5674169,eclipsing_binary
1810.6812977372256,0.88638234,0.0012329003,5674169,eclipsing_binary
1810.6826865738399,0.87253225,0.0012305839,5674169,eclipsing_binary
1810.6840754109203,0.85899484,0.0012305029,5674169,eclipsing_binary
1810.685464247535,0.8473302,0.0012248303,5674169,eclipsing_binary
1810.6868530846154,0.83482933,0.0012220392,5674169,eclipsing_binary
1810.6882419212302,0.82163686,0.0012254795,5674169,eclipsing_binary
1810.6896307583106,0.81011164,0.0012186462,5674169,eclipsing_binary
1810.6910195949254,0.79968077,0.0012179321,5674169,eclipsing_binary
1810.6924084320053,0.7899419,0.0012153836,5674169,eclipsing_binary
1810.69379726862,0.78393275,0.0012138761,5674169,eclipsing_binary
1810.6951861052353,0.7826602,0.001215986,5674169,eclipsing_binary
1810.6965749423157,0.7812086,0.0012133991,5674169,eclipsing_binary
1810.69796377893,0.7789107,0.0012151973,5674169,eclipsing_binary
1810.6993526160097,0.7774092,0.0012142704,5674169,eclipsing_binary
1810.7007414526252,0.7762396,0.0012129395,5674169,eclipsing_binary
1810.7021302892408,0.77585965,0.0012135828,5674169,eclipsing_binary
1810.7035191263203,0.77502453,0.0012151545,5674169,eclipsing_binary
1810.7049079629346,0.776334,0.0012162969,5674169,eclipsing_binary
1810.706296800015,0.7723275,0.0012139122,5674169,eclipsing_binary
1810.7076856366305,0.7749523,0.0012140224,5674169,eclipsing_binary
1810.7090744732454,0.774862,0.0012157402,5674169,eclipsing_binary
1810.710463310325,0.7755388,0.0012142807,5674169,eclipsing_binary
1810.7118521469397,0.7758095,0.0012120641,5674169,eclipsing_binary
1810.7132409835544,0.7788813,0.0012130288,5674169,eclipsing_binary
1810.7146298206349,0.77866495,0.0012183142,5674169,eclipsing_binary
1810.7160186572496,0.7800278,0.0012156017,5674169,eclipsing_binary
1810.7174074938646,0.7817441,0.0012170408,5674169,eclipsing_binary
1810.7187963309452,0.7850745,0.0012128163,5674169,eclipsing_binary
1810.720185167559,0.7904168,0.0012159094,5674169,eclipsing_binary
1810.7215740041738,0.7994722,0.0012180322,5674169,eclipsing_binary
1810.7229628412551,0.810285,0.0012192903,5674169,eclipsing_binary
1810.72435167787,0.8204448,0.001220001,5674169,eclipsing_binary
1810.725740514484,0.8345309,0.001222925,5674169,eclipsing_binary
1810.7271293515637,0.84626186,0.0012248575,5674169,eclipsing_binary
1810.7285181881794,0.8588215,0.0012282828,5674169,eclipsing_binary
1810.7299070247946,0.8691956,0.0012316464,5674169,eclipsing_binary
1810.7312958614089,0.882682,0.0012298578,5674169,eclipsing_binary
1810.7326846984884,0.8969597,0.0012336964,5674169,eclipsing_binary
1810.7340735351033,0.9081,0.0012368618,5674169,eclipsing_binary
1810.7354623717188,0.91972196,0.0012379435,5674169,eclipsing_binary
1810.7368512083335,0.9316743,0.0012387037,5674169,eclipsing_binary
1810.7382400449478,0.9417967,0.001242204,5674169,eclipsing_binary
1810.7396288820282,0.95402145,0.001245663,5674169,eclipsing_binary
1810.741017718643,0.964115,0.0012464782,5674169,eclipsing_binary
1810.7424065552577,0.9749262,0.0012464371,5674169,eclipsing_binary
1810.7437953918725,0.98413116,0.0012498836,5674169,eclipsing_binary
1810.7451842284872,0.99450374,0.0012536763,5674169,eclipsing_binary
1810.7465730655676,1.0011644,0.001255799,5674169,eclipsing_binary
1810.747961902182,1.0106295,0.0012561311,5674169,eclipsing_binary
1810.7493507387967,1.0181644,0.0012546459,5674169,eclipsing_binary
1810.750739575412,1.0263541,0.0012577416,5674169,eclipsing_binary
1810.7521284120269,1.0317972,0.0012559139,5674169,eclipsing_binary
1810.753517248641,1.0386521,0.0012609063,5674169,eclipsing_binary
1810.7549060852552,1.0450187,0.0012594464,5674169,eclipsing_binary
1810.756294922336,1.0521612,0.0012591822,5674169,eclipsing_binary
1810.7576837589518,1.0590905,0.0012643114,5674169,eclipsing_binary
1810.7590725955656,1.0632999,0.001262107,5674169,eclipsing_binary
1810.76046143218,1.0677949,0.0012619849,5674169,eclipsing_binary
1810.7618502687947,1.0729921,0.0012627005,5674169,eclipsing_binary
1810.7632391054103,1.0791681,0.0012705176,5674169,eclipsing_binary
1810.764627942025,1.084153,0.001266125,5674169,eclipsing_binary
1810.766016778639,1.0874242,0.0012672432,5674169,eclipsing_binary
1810.7674056152537,1.0929418,0.0012710548,5674169,eclipsing_binary
1810.7687944518684,1.0973401,0.0012674467,5674169,eclipsing_binary
1810.7701832884834,1.0999293,0.0012666569,5674169,eclipsing_binary
1810.7715721250984,1.1052445,0.0012686042,5674169,eclipsing_binary
1810.7729609617131,1.1071517,0.0012782338,5674169,eclipsing_binary
1810.7743497983279,1.110378,0.0012719693,5674169,eclipsing_binary
1810.7757386349417,1.1106911,0.0012753314,5674169,eclipsing_binary
1810.7771274715565,1.1123335,0.0012693986,5674169,eclipsing_binary
1810.7785163081721,1.1154001,0.00127099,5674169,eclipsing_binary
1810.7799051447869,1.1177328,0.0012740114,5674169,eclipsing_binary
1810.7812939814012,1.1176226,0.0012700161,5674169,eclipsing_binary
1810.782682818015,1.1178741,0.0012746634,5674169,eclipsing_binary
1810.7840716546307,1.1179268,0.001269433,5674169,eclipsing_binary
1810.7854604912459,1.1189166,0.0012704101,5674169,eclipsing_binary
1810.7868493278602,1.1160096,0.0012730247,5674169,eclipsing_binary
1810.7882381644743,1.1169211,0.0012696732,5674169,eclipsing_binary
1810.7896270010892,1.1163243,0.0012712879,5674169,eclipsing_binary
1810.7910158377044,1.1147935,0.0012699199,5674169,eclipsing_binary
1810.7924046743192,1.111483,0.0012681106,5674169,eclipsing_binary
1810.7937935109335,1.1093161,0.0012694391,5674169,eclipsing_binary
1810.7951823475482,1.1067084,0.0012699104,5674169,eclipsing_binary
1810.796571184163,1.1031007,0.00126873,5674169,eclipsing_binary
1810.7979600207777,1.1007054,0.0012695735,5674169,eclipsing_binary
1810.7993488573925,1.0966212,0.0012679124,5674169,eclipsing_binary
1810.8007376935416,1.093948,0.0012655103,5674169,eclipsing_binary
1810.8021265301563,1.0889348,0.0012656732,5674169,eclipsing_binary
1810.8035153667706,1.0850244,0.0012648721,5674169,eclipsing_binary
1810.8049042033854,1.081012,0.0012665736,5674169,eclipsing_binary
1810.806293040001,1.0747796,0.0012681647,5674169,eclipsing_binary
1810.8076818766158,1.069529,0.0012667879,5674169,eclipsing_binary
1810.8090707132296,1.0651747,0.0012617803,5674169,eclipsing_binary
1810.8104595493783,1.0594976,0.0012617906,5674169,eclipsing_binary
1810.8118483859935,1.0541248,0.0012611346,5674169,eclipsing_binary
1810.8132372226091,1.0468347,0.0012610519,5674169,eclipsing_binary
1810.8146260592232,1.0414784,0.001259699,5674169,eclipsing_binary
1810.8160148958373,1.0362971,0.0012607259,5674169,eclipsing_binary
1810.8174037319864,1.0297086,0.0012556266,5674169,eclipsing_binary
1810.818792568602,1.0235213,0.0012545882,5674169,eclipsing_binary
1810.8201814052168,1.0173694,0.0012567106,5674169,eclipsing_binary
1810.8215702418306,1.0101768,0.001252724,5674169,eclipsing_binary
1810.8229590784456,1.0027598,0.0012518631,5674169,eclipsing_binary
1810.824347914595,0.99554247,0.001256675,5674169,eclipsing_binary
1810.8257367512097,0.9873052,0.001249373,5674169,eclipsing_binary
1810.8271255878244,0.97782373,0.0012495461,5674169,eclipsing_binary
1810.8285144244392,0.97066945,0.0012477143,5674169,eclipsing_binary
1810.8299032605883,0.95997196,0.0012457734,5674169,eclipsing_binary
1810.831292097202,0.9498384,0.001242362,5674169,eclipsing_binary
1810.832680933817,0.9408807,0.001245587,5674169,eclipsing_binary
1810.8340697699668,0.92937744,0.001239102,5674169,eclipsing_binary
1810.8354586065816,0.9154394,0.0012384526,5674169,eclipsing_binary
1810.836847443196,0.90386325,0.0012394132,5674169,eclipsing_binary
1810.838236279344,0.8901559,0.0012359465,5674169,eclipsing_binary
1810.8396251159597,0.8782013,0.0012300094,5674169,eclipsing_binary
1810.8410139525752,0.8648654,0.0012281943,5674169,eclipsing_binary
1810.8424027887236,0.85106224,0.001227415,5674169,eclipsing_binary
1810.8437916253379,0.837484,0.0012270341,5674169,eclipsing_binary
1810.8451804619526,0.8240836,0.0012255218,5674169,eclipsing_binary
1810.8465692981022,0.81208825,0.0012188082,5674169,eclipsing_binary
1810.847958134717,0.8029303,0.0012195474,5674169,eclipsing_binary
1810.8493469713312,0.79090935,0.0012165853,5674169,eclipsing_binary
1810.8507358074803,0.78148836,0.0012151897,5674169,eclipsing_binary
1810.852124644095,0.77425396,0.0012122529,5674169,eclipsing_binary
1810.8535134807098,0.7723504,0.0012170866,5674169,eclipsing_binary
1810.854902316859,0.77166325,0.0012131698,5674169,eclipsing_binary
1810.8562911534736,0.7722302,0.0012175092,5674169,eclipsing_binary
1810.8576799896227,0.77119035,0.0012108189,5674169,eclipsing_binary
1810.859068826237,0.7718241,0.0012183358,5674169,eclipsing_binary
1810.8604576623861,0.770214,0.0012136706,5674169,eclipsing_binary
1810.8618464990018,0.77030635,0.001214849,5674169,eclipsing_binary
1810.8632353356165,0.7704048,0.0012119786,5674169,eclipsing_binary
1810.8646241717647,0.7699264,0.0012123164,5674169,eclipsing_binary
1810.866013008379,0.7691673,0.0012114628,5674169,eclipsing_binary
1810.8674018445288,0.7705048,0.0012122293,5674169,eclipsing_binary
1810.8687906811442,0.7698264,0.0012133988,5674169,eclipsing_binary
1810.8701795172929,0.76921546,0.0012103526,5674169,eclipsing_binary
1810.8715683539067,0.7702747,0.0012123414,5674169,eclipsing_binary
1810.8729571900558,0.77059096,0.0012129843,5674169,eclipsing_binary
1810.8743460266714,0.7702883,0.0012130442,5674169,eclipsing_binary
1810.8757348628205,0.77101535,0.0012158033,5674169,eclipsing_binary
1810.8771236994346,0.77194434,0.0012132871,5674169,eclipsing_binary
1810.878512535584,0.7721559,0.0012157103,5674169,eclipsing_binary
1810.8799013721987,0.7787895,0.0012183965,5674169,eclipsing_binary
1810.8812902083478,0.7871744,0.0012160769,5674169,eclipsing_binary
1810.8826790444969,0.7963774,0.0012154705,5674169,eclipsing_binary
1810.8840678811116,0.8078579,0.0012180023,5674169,eclipsing_binary
1810.8854567172607,0.82249033,0.0012238604,5674169,eclipsing_binary
1810.886845553875,0.83606666,0.0012296462,5674169,eclipsing_binary
1810.888234390024,0.8486121,0.0012270018,5674169,eclipsing_binary
1810.8896232266393,0.86159414,0.001225729,5674169,eclipsing_binary
1810.8910120627884,0.8751485,0.0012313523,5674169,eclipsing_binary
1810.892400898937,0.8882125,0.0012343107,5674169,eclipsing_binary
1810.8937897355509,0.9007026,0.00123724,5674169,eclipsing_binary
1810.8951785717009,0.9143867,0.0012374478,5674169,eclipsing_binary
1810.8965674083165,0.9268499,0.0012376127,5674169,eclipsing_binary
1810.8979562444647,0.9388486,0.0012420965,5674169,eclipsing_binary
1810.8993450806133,0.94990784,0.0012463814,5674169,eclipsing_binary
1810.900733917228,0.9598514,0.0012434778,5674169,eclipsing_binary
1810.9021227533779,0.9725428,0.0012495032,5674169,eclipsing_binary
1810.9035115895272,0.98129994,0.001250952,5674169,eclipsing_binary
1810.904900426141,0.98869914,0.0012506528,5674169,eclipsing_binary
1810.90628926229,0.997487,0.0012500059,5674169,eclipsing_binary
1810.9076780984392,1.0045142,0.0012533399,5674169,eclipsing_binary
1810.909066935054,1.0122279,0.0012544901,5674169,eclipsing_binary
1810.910455771203,1.020255,0.0012579585,5674169,eclipsing_binary
1810.9118446073524,1.0267509,0.0012621195,5674169,eclipsing_binary
1810.9132334435017,1.0327052,0.001256734,5674169,eclipsing_binary
1810.9146222801155,1.0402638,0.001258386,5674169,eclipsing_binary
1810.9160111162646,1.0448452,0.0012596463,5674169,eclipsing_binary
1810.9173999524146,1.050155,0.0012598009,5674169,eclipsing_binary
1810.9187887890293,1.0567063,0.0012598801,5674169,eclipsing_binary
1810.9201776251775,1.0621141,0.001260696,5674169,eclipsing_binary
1810.9215664613268,1.0689431,0.0012623166,5674169,eclipsing_binary
1810.9229552974766,1.0728506,0.0012618185,5674169,eclipsing_binary
1810.9243441340914,1.0793607,0.0012655508,5674169,eclipsing_binary
1810.92573297024,1.0840162,0.0012649798,5674169,eclipsing_binary
1810.9271218063882,1.0873567,0.0012645823,5674169,eclipsing_binary
1810.9285106425382,1.0936941,0.0012709027,5674169,eclipsing_binary
1810.9298994786882,1.0962147,0.0012687023,5674169,eclipsing_binary
1810.931288315302,1.0994564,0.001266416,5674169,eclipsing_binary
1810.9326771514507,1.1034104,0.0012689395,5674169,eclipsing_binary
1810.9340659875998,1.1084945,0.0012706841,5674169,eclipsing_binary
1810.9354548237493,1.1094724,0.0012705324,5674169,eclipsing_binary
1810.9368436598984,1.1122906,0.0012714157,5674169,eclipsing_binary
1810.938232496047,1.1162577,0.0012748631,5674169,eclipsing_binary
1810.9396213326618,1.1177334,0.0012735724,5674169,eclipsing_binary
1810.9410101688109,1.1194148,0.0012705224,5674169,eclipsing_binary
1810.94239900496,1.1210674,0.0012706487,5674169,eclipsing_binary
1810.94378784111,1.1209825,0.0012707076,5674169,eclipsing_binary
1810.945176677259,1.1213539,0.0012778607,5674169,eclipsing_binary
1810.9465655134072,1.1227472,0.0012725472,5674169,eclipsing_binary
1810.9479543495559,1.1231087,0.0012728819,5674169,eclipsing_binary
1810.9493431857059,1.121456,0.0012707324,5674169,eclipsing_binary
1810.9507320218554,1.1234161,0.0012722693,5674169,eclipsing_binary
1810.9521208584697,1.1195576,0.0012720175,5674169,eclipsing_binary
1810.9535096946179,1.1178857,0.001272879,5674169,eclipsing_binary
1810.954898530767,1.1172404,0.00127252,5674169,eclipsing_binary
1810.956287366917,1.1138033,0.0012737416,5674169,eclipsing_binary
1810.957676203066,1.1114902,0.0012726928,5674169,eclipsing_binary
1810.9590650392147,1.107655,0.0012764052,5674169,eclipsing_binary
1810.9604538753638,1.1047702,0.0012690701,5674169,eclipsing_binary
1810.9618427115129,1.1034083,0.0012684268,5674169,eclipsing_binary
1810.963231547662,1.0963972,0.0012670538,5674169,eclipsing_binary
1810.964620383811,1.0951936,0.0012679965,5674169,eclipsing_binary
1810.9660092199601,1.0888909,0.0012669382,5674169,eclipsing_binary
1810.9673980561092,1.0841638,0.0012674363,5674169,eclipsing_binary
1810.9687868922579,1.0780256,0.0012637203,5674169,eclipsing_binary
1810.970175728407,1.0739468,0.0012660387,5674169,eclipsing_binary
1810.9715645645565,1.0686382,0.0012638696,5674169,eclipsing_binary
1810.9729534007056,1.0613341,0.0012604011,5674169,eclipsing_binary
1810.9743422368542,1.0544496,0.0012595368,5674169,eclipsing_binary
1810.9757310730029,1.0480852,0.0012616705,5674169,eclipsing_binary
1810.9771199091524,1.0413653,0.0012613621,5674169,eclipsing_binary
1810.9785087453024,1.035126,0.0012621416,5674169,eclipsing_binary
1810.9798975814506,1.0284837,0.0012581585,5674169,eclipsing_binary
1810.9812864175992,1.0215225,0.0012552132,5674169,eclipsing_binary
1810.9826752537483,1.0121677,0.0012602417,5674169,eclipsing_binary
1810.9840640894326,1.0042351,0.0012521761,5674169,eclipsing_binary
1810.9854529255817,0.9961569,0.0012507036,5674169,eclipsing_binary
1810.98684176173,0.98677623,0.0012490485,5674169,eclipsing_binary
1810.988230597879,0.97913903,0.001246424,5674169,eclipsing_binary
1810.989619434028,0.9675418,0.0012497329,5674169,eclipsing_binary
1810.9910082701774,0.9581007,0.0012482775,5674169,eclipsing_binary
1810.9923971063267,0.946105,0.0012408296,5674169,eclipsing_binary
1810.9937859424758,0.9357937,0.0012400082,5674169,eclipsing_binary
1810.995174778625,0.92332435,0.0012394447,5674169,eclipsing_binary
1810.9965636143074,0.91091007,0.0012377553,5674169,eclipsing_binary
1810.9979524504565,0.8998822,0.0012355684,5674169,eclipsing_binary
1810.9993412866065,0.8875746,0.0012343534,5674169,eclipsing_binary
1811.0007301227556,0.873494,0.0012298729,5674169,eclipsing_binary
1811.0021189589042,0.8618477,0.0012331642,5674169,eclipsing_binary
1811.0035077945868,0.84892297,0.0012278067,5674169,eclipsing_binary
1811.0048966307368,0.83614314,0.0012241865,5674169,eclipsing_binary
1811.0062854668863,0.8235355,0.0012228104,5674169,eclipsing_binary
1811.007674303035,0.81172496,0.0012219686,5674169,eclipsing_binary
1811.0090631391834,0.80184317,0.0012208928,5674169,eclipsing_binary
1811.010451974867,0.79332334,0.0012187785,5674169,eclipsing_binary
1811.0118408110166,0.785531,0.0012145877,5674169,eclipsing_binary
1811.0132296471656,0.78250015,0.0012146373,5674169,eclipsing_binary
1811.0146184833143,0.7804775,0.0012129759,5674169,eclipsing_binary
1811.0160073189977,0.77898335,0.0012166456,5674169,eclipsing_binary
1811.0173961551468,0.7780764,0.0012199094,5674169,eclipsing_binary
1811.018784991296,0.77743316,0.0012138342,5674169,eclipsing_binary
1811.020173827445,0.7759101,0.0012160529,5674169,eclipsing_binary
1811.0215626631284,0.77659994,0.0012149062,5674169,eclipsing_binary
1811.0229514992775,0.77512395,0.0012139141,5674169,eclipsing_binary
1811.0243403354261,0.7752539,0.0012127876,5674169,eclipsing_binary
1811.0257291715752,0.774205,0.0012140166,5674169,eclipsing_binary
1811.0271180072593,0.77492213,0.0012143387,5674169,eclipsing_binary
1811.0285068434086,0.7749644,0.0012183405,5674169,eclipsing_binary
1811.0298956795568,0.77680963,0.0012126747,5674169,eclipsing_binary
1811.0312845152398,0.7772738,0.0012133735,5674169,eclipsing_binary
1811.0326733513893,0.77847165,0.0012113709,5674169,eclipsing_binary
1811.0340621875393,0.7811659,0.0012146344,5674169,eclipsing_binary
1811.035451023222,0.7836224,0.001215019,5674169,eclipsing_binary
1811.0368398593705,0.7850459,0.0012179891,5674169,eclipsing_binary
1811.038228695054,0.791174,0.0012158148,5674169,eclipsing_binary
1811.039617531204,0.799419,0.0012162061,5674169,eclipsing_binary
1811.041006367353,0.8088824,0.001223934,5674169,eclipsing_binary
1811.0423952030355,0.8205195,0.001224343,5674169,eclipsing_binary
1811.0437840391846,0.8326535,0.0012221587,5674169,eclipsing_binary
1811.045172875334,0.8466154,0.0012253192,5674169,eclipsing_binary
1811.0465617110176,0.85811174,0.001227367,5674169,eclipsing_binary
1811.0479505471667,0.8707265,0.0012286603,5674169,eclipsing_binary
1811.0493393828501,0.8839653,0.0012309344,5674169,eclipsing_binary
1811.0507282189992,0.895742,0.0012335638,5674169,eclipsing_binary
1811.0521170546817,0.9085152,0.0012374525,5674169,eclipsing_binary
1811.053505890831,0.92076707,0.0012382076,5674169,eclipsing_binary
1811.0548947265152,0.9312094,0.0012402714,5674169,eclipsing_binary
1811.0562835626642,0.9440697,0.0012424069,5674169,eclipsing_binary
1811.0576723988129,0.9527985,0.0012431967,5674169,eclipsing_binary
1811.0590612344954,0.963514,0.0012507476,5674169,eclipsing_binary
1811.0604500706454,0.9737694,0.0012470292,5674169,eclipsing_binary
1811.0618389063295,0.98345286,0.0012507634,5674169,eclipsing_binary
1811.063227742478,0.9931475,0.0012494766,5674169,eclipsing_binary
1811.064616578161,1.0014247,0.0012508543,5674169,eclipsing_binary
1811.06600541431,1.0105507,0.0012620317,5674169,eclipsing_binary
1811.0673942499939,1.0186312,0.0012548215,5674169,eclipsing_binary
1811.068783086143,1.0257038,0.0012618136,5674169,eclipsing_binary
1811.070171921826,1.0322897,0.0012610122,5674169,eclipsing_binary
1811.0715607575094,1.0399457,0.0012573858,5674169,eclipsing_binary
1811.0729495936584,1.0459704,0.0012624708,5674169,eclipsing_binary
1811.0743384293419,1.0511917,0.0012613438,5674169,eclipsing_binary
1811.075727265491,1.0586201,0.0012645615,5674169,eclipsing_binary
1811.0771161011744,1.063479,0.0012630716,5674169,eclipsing_binary
1811.0785049373235,1.0696895,0.0012709894,5674169,eclipsing_binary
1811.0798937730065,1.0743074,0.0012681291,5674169,eclipsing_binary
1811.08128260869,1.0800514,0.0012650798,5674169,eclipsing_binary
1811.08267144484,1.0842273,0.0012686793,5674169,eclipsing_binary
1811.0840602805233,1.0898257,0.0012686296,5674169,eclipsing_binary
1811.0854491166715,1.0948236,0.001267467,5674169,eclipsing_binary
1811.0868379523545,1.0970564,0.0012747501,5674169,eclipsing_binary
1811.0882267880386,1.1000483,0.0012719778,5674169,eclipsing_binary
1811.0896156241884,1.1051162,0.0012678574,5674169,eclipsing_binary
1811.0910044598713,1.1088521,0.0012727687,5674169,eclipsing_binary
1811.0923932955538,1.1107347,0.0012691146,5674169,eclipsing_binary
1811.093782131703,1.1133071,0.0012720017,5674169,eclipsing_binary
1811.0951709673873,1.1154207,0.0012702581,5674169,eclipsing_binary
1811.0965598030707,1.1155186,0.0012699132,5674169,eclipsing_binary
1811.097948639219,1.1188421,0.0012718565,5674169,eclipsing_binary
1811.0993374749028,1.1193907,0.0012711587,5674169,eclipsing_binary
1811.1007263105862,1.1197331,0.0012715338,5674169,eclipsing_binary
1811.1021151467353,1.1195225,0.0012713523,5674169,eclipsing_binary
1811.1035039824187,1.1210464,0.0012692031,5674169,eclipsing_binary
1811.1048928181021,1.1154234,0.0012738627,5674169,eclipsing_binary
1811.1062816537856,1.1186955,0.0012700115,5674169,eclipsing_binary
1811.1076704899342,1.1166204,0.0012741914,5674169,eclipsing_binary
1811.1090593256176,1.114517,0.0012702022,5674169,eclipsing_binary
1811.1104481613015,1.1135644,0.0012751076,5674169,eclipsing_binary
1811.1118369974506,1.1113373,0.0012698696,5674169,eclipsing_binary
1811.1132258331336,1.109767,0.0012723138,5674169,eclipsing_binary
1811.114614668816,1.1052382,0.0012712433,5674169,eclipsing_binary
1811.1160035045004,1.101199,0.0012720856,5674169,eclipsing_binary
1811.1173923401848,1.0980963,0.0012705183,5674169,eclipsing_binary
1811.118781176333,1.0951896,0.0012692133,5674169,eclipsing_binary
1811.120170012016,1.0919522,0.001266235,5674169,eclipsing_binary
1811.1215588476994,1.0872351,0.0012642461,5674169,eclipsing_binary
1811.1229476833832,1.0824507,0.001265351,5674169,eclipsing_binary
1811.124336519067,1.0769213,0.0012654198,5674169,eclipsing_binary
1811.1257253552153,1.0727724,0.0012657617,5674169,eclipsing_binary
1811.1271141908987,1.0671631,0.0012634398,5674169,eclipsing_binary
1811.1285030265822,1.0602485,0.0012663219,5674169,eclipsing_binary
1811.1298918622656,1.0547168,0.0012601813,5674169,eclipsing_binary
1811.131280697949,1.0485252,0.0012601295,5674169,eclipsing_binary
1811.1326695336327,1.0421497,0.0012607757,5674169,eclipsing_binary
1811.1340583693163,1.037631,0.0012573333,5674169,eclipsing_binary
1811.1354472054645,1.030993,0.0012618266,5674169,eclipsing_binary
1811.136836041148,1.0251689,0.0012586579,5674169,eclipsing_binary
1811.1382248768323,1.0179118,0.0012576313,5674169,eclipsing_binary
1811.1396137125157,1.0114404,0.0012559381,5674169,eclipsing_binary
1811.1410025481982,1.0063015,0.0012534414,5674169,eclipsing_binary
1811.1423913838812,0.9974337,0.0012511614,5674169,eclipsing_binary
1811.1437802195655,0.9888245,0.0012539139,5674169,eclipsing_binary
1811.1451690552494,0.981108,0.0012499056,5674169,eclipsing_binary
1811.1465578909324,0.9719447,0.0012491924,5674169,eclipsing_binary
1811.147946726615,0.96329874,0.0012466834,5674169,eclipsing_binary
1811.1493355622983,0.9516067,0.0012457754,5674169,eclipsing_binary
1811.1507243979827,0.93941575,0.0012416008,5674169,eclipsing_binary
1811.1521132341318,0.9298177,0.0012413479,5674169,eclipsing_binary
1811.1535020698147,0.9168877,0.0012405695,5674169,eclipsing_binary
1811.1548909054982,0.9040164,0.0012361726,5674169,eclipsing_binary
1811.1562797411816,0.89193565,0.0012330603,5674169,eclipsing_binary
1811.157668576865,0.8799376,0.0012316125,5674169,eclipsing_binary
1811.1590574125485,0.8669491,0.0012281839,5674169,eclipsing_binary
1811.160446248232,0.8526349,0.0012266635,5674169,eclipsing_binary
1811.1618350839153,0.83963794,0.0012234331,5674169,eclipsing_binary
1811.1632239195983,0.8270578,0.0012252248,5674169,eclipsing_binary
1811.1646127552817,0.81268257,0.0012186758,5674169,eclipsing_binary
1811.1660015909656,0.8021228,0.0012221254,5674169,eclipsing_binary
1811.1673904261834,0.7909453,0.0012155088,5674169,eclipsing_binary
1811.1687792618663,0.7818878,0.0012155422,5674169,eclipsing_binary
1811.1701680975493,0.7773672,0.0012144418,5674169,eclipsing_binary
1811.1715569332332,0.77237076,0.0012120875,5674169,eclipsing_binary
1811.1729457689175,0.7718057,0.0012123712,5674169,eclipsing_binary
1811.1743346046,0.77017206,0.0012160558,5674169,eclipsing_binary
1811.175723440283,0.77174675,0.0012135688,5674169,eclipsing_binary
1811.1771122759665,0.77150446,0.001213454,5674169,eclipsing_binary
1811.1785011116506,0.7694773,0.0012129009,5674169,eclipsing_binary
1811.1798899473342,0.76968426,0.0012115504,5674169,eclipsing_binary
1811.1812787830168,0.7703693,0.0012127792,5674169,eclipsing_binary
1811.1826676187002,0.7721291,0.001215869,5674169,eclipsing_binary
1811.184056453918,0.7688714,0.0012152581,5674169,eclipsing_binary
1811.1854452896014,0.768878,0.0012140364,5674169,eclipsing_binary
1811.186834125285,0.7698546,0.0012119735,5674169,eclipsing_binary
1811.1882229609687,0.77014357,0.0012111837,5674169,eclipsing_binary
1811.1896117966521,0.76868093,0.0012122146,5674169,eclipsing_binary
1811.1910006323346,0.77048564,0.0012132601,5674169,eclipsing_binary
1811.1923894675524,0.7704693,0.0012121068,5674169,eclipsing_binary
1811.1937783032367,0.77048224,0.0012130967,5674169,eclipsing_binary
1811.1951671389202,0.7719892,0.0012130074,5674169,eclipsing_binary
1811.1965559746031,0.7717295,0.0012118731,5674169,eclipsing_binary
1811.1979448102857,0.7764969,0.0012138351,5674169,eclipsing_binary
1811.19933364597,0.78444415,0.0012151256,5674169,eclipsing_binary
1811.2007224811882,0.79632044,0.001216024,5674169,eclipsing_binary
1811.2021113168712,0.8073412,0.0012203978,5674169,eclipsing_binary
1811.2035001525537,0.82018226,0.0012212418,5674169,eclipsing_binary
1811.2048889882374,0.8326762,0.001225268,5674169,eclipsing_binary
1811.2062778234558,0.84644824,0.0012280256,5674169,eclipsing_binary
1811.2076666591392,0.85899675,0.0012271,5674169,eclipsing_binary
1811.2090554948222,0.873686,0.0012320573,5674169,eclipsing_binary
1811.2104443305057,0.88637245,0.0012330577,5674169,eclipsing_binary
1811.2118331657234,0.9008968,0.0012354462,5674169,eclipsing_binary
1811.2132220014068,0.91287696,0.001239085,5674169,eclipsing_binary
1811.2146108370903,0.924971,0.0012381732,5674169,eclipsing_binary
1811.215999672308,0.93690294,0.0012447248,5674169,eclipsing_binary
1811.2173885079915,0.9476073,0.0012475011,5674169,eclipsing_binary
1811.2187773436744,0.9591738,0.001243356,5674169,eclipsing_binary
1811.2201661793583,0.96818686,0.0012475463,5674169,eclipsing_binary
1811.221555014577,0.97932917,0.0012467994,5674169,eclipsing_binary
1811.22294385026,0.9875285,0.001249817,5674169,eclipsing_binary
1811.2243326859425,0.9976027,0.001253587,5674169,eclipsing_binary
1811.2257215211612,1.0018877,0.001253104,5674169,eclipsing_binary
1811.227110356845,1.012951,0.001251952,5674169,eclipsing_binary
1811.2284991920624,1.0174206,0.0012566193,5674169,eclipsing_binary
1811.229888027745,1.0241796,0.0012561188,5674169,eclipsing_binary
1811.2312768634285,1.0302045,0.0012561514,5674169,eclipsing_binary
1811.232665698647,1.0374492,0.0012571764,5674169,eclipsing_binary
1811.2340545343304,1.043871,0.0012573189,5674169,eclipsing_binary
1811.2354433700134,1.049464,0.00125999,5674169,eclipsing_binary
1811.2368322052312,1.0549574,0.0012613782,5674169,eclipsing_binary
1811.2382210409146,1.0612746,0.001264231,5674169,eclipsing_binary
1811.2396098761324,1.066301,0.0012646058,5674169,eclipsing_binary
1811.2409987118158,1.0720465,0.0012665108,5674169,eclipsing_binary
1811.2423875474992,1.0765467,0.0012633022,5674169,eclipsing_binary
1811.243776382717,1.083257,0.0012634682,5674169,eclipsing_binary
1811.2451652184,1.086474,0.0012690658,5674169,eclipsing_binary
1811.2465540536177,1.0911841,0.0012680077,5674169,eclipsing_binary
1811.2479428893018,1.0949718,0.0012668443,5674169,eclipsing_binary
1811.2493317245198,1.0991452,0.0012694706,5674169,eclipsing_binary
1811.2507205602024,1.1033944,0.0012704561,5674169,eclipsing_binary
1811.2521093954197,1.1056249,0.0012739302,5674169,eclipsing_binary
1811.2534982311035,1.1106364,0.0012720828,5674169,eclipsing_binary
1811.2548870663222,1.1143595,0.0012719202,5674169,eclipsing_binary
1811.2562759020047,1.114905,0.0012701881,5674169,eclipsing_binary
1811.257664737222,1.1164213,0.0012788499,5674169,eclipsing_binary
1811.2590535729055,1.11875,0.0012750067,5674169,eclipsing_binary
1811.2604424081242,1.1199902,0.0012712197,5674169,eclipsing_binary
1811.2618312438076,1.1200563,0.0012742699,5674169,eclipsing_binary
1811.2632200790244,1.1215578,0.0012737451,5674169,eclipsing_binary
1811.2646089147079,1.1201934,0.0012729254,5674169,eclipsing_binary
1811.2659977499259,1.1228375,0.0012707209,5674169,eclipsing_binary
1811.2673865856095,1.1220354,0.001270632,5674169,eclipsing_binary
1811.2687754208273,1.1206206,0.0012750701,5674169,eclipsing_binary
1811.270164256045,1.1195369,0.001271634,5674169,eclipsing_binary
1811.2715530917285,1.1174071,0.0012698706,5674169,eclipsing_binary
1811.2729419269454,1.1153262,0.0012708637,5674169,eclipsing_binary
1811.2743307626288,1.1146889,0.0012739061,5674169,eclipsing_binary
1811.2757195978475,1.1102158,0.001271309,5674169,eclipsing_binary
1811.2771084330652,1.1078016,0.0012708476,5674169,eclipsing_binary
1811.2784972687482,1.1053154,0.0012717802,5674169,eclipsing_binary
1811.279886103965,1.1003854,0.0012745154,5674169,eclipsing_binary
1811.2812749396494,1.0977309,0.0012678431,5674169,eclipsing_binary
1811.2826637748676,1.0942117,0.001268816,5674169,eclipsing_binary
1811.284052610085,1.0886928,0.0012696433,5674169,eclipsing_binary
1811.285441445768,1.0824691,0.0012636101,5674169,eclipsing_binary
1811.2868302809857,1.0768,0.0012669399,5674169,eclipsing_binary
1811.288219116204,1.0725843,0.0012635491,5674169,eclipsing_binary
1811.2896079518873,1.0672607,0.0012662502,5674169,eclipsing_binary
1811.2909967871046,1.0609813,0.0012621355,5674169,eclipsing_binary
1811.2923856223224,1.0550059,0.0012626963,5674169,eclipsing_binary
1811.2937744580058,1.0488454,0.0012602485,5674169,eclipsing_binary
1811.2951632932236,1.0415517,0.0012599478,5674169,eclipsing_binary
1811.2965521284414,1.0351473,0.0012597055,5674169,eclipsing_binary
1811.2979409636591,1.0286672,0.0012564844,5674169,eclipsing_binary
1811.2993297993426,1.0220934,0.0012562764,5674169,eclipsing_binary
1811.3007186345599,1.0124274,0.001256841,5674169,eclipsing_binary
1811.3021074697776,1.0045984,0.0012535347,5674169,eclipsing_binary
1811.3034963049963,0.9974976,0.0012504982,5674169,eclipsing_binary
1811.3048851406797,0.9878564,0.001253956,5674169,eclipsing_binary
1811.3062739758966,0.978056,0.0012490838,5674169,eclipsing_binary
1811.307662811114,0.9674941,0.0012467372,5674169,eclipsing_binary
1811.3090516463321,0.9571174,0.0012457378,5674169,eclipsing_binary
1811.3104404820165,0.9469363,0.0012417393,5674169,eclipsing_binary
1811.3118293172338,0.93602806,0.0012423157,5674169,eclipsing_binary
1811.3132181524506,0.92475516,0.0012385208,5674169,eclipsing_binary
1811.3146069876684,0.9121607,0.0012404667,5674169,eclipsing_binary
1811.315995822887,0.9007857,0.0012400998,5674169,eclipsing_binary
1811.3173846585705,0.8875897,0.0012345648,5674169,eclipsing_binary
1811.3187734937874,0.8755809,0.0012303272,5674169,eclipsing_binary
1811.3201623290054,0.8625932,0.0012320202,5674169,eclipsing_binary
1811.3215511642234,0.8495735,0.0012276554,5674169,eclipsing_binary
1811.3229399994411,0.8378289,0.0012258446,5674169,eclipsing_binary
1811.324328834659,0.82358724,0.0012208755,5674169,eclipsing_binary
1811.3257176703423,0.81337184,0.0012223133,5674169,eclipsing_binary
1811.32710650556,0.8019743,0.0012167972,5674169,eclipsing_binary
1811.3284953407772,0.79251206,0.0012197259,5674169,eclipsing_binary
1811.3298841759952,0.7868406,0.0012141599,5674169,eclipsing_binary
1811.3312730112134,0.78248703,0.0012155498,5674169,eclipsing_binary
1811.3326618464312,0.78102547,0.0012142801,5674169,eclipsing_binary
1811.3340506816485,0.77772117,0.0012128084,5674169,eclipsing_binary
1811.3354395168653,0.7783573,0.0012139926,5674169,eclipsing_binary
1811.336828352084,0.7772454,0.0012160566,5674169,eclipsing_binary
1811.3382171877684,0.77577335,0.0012154846,5674169,eclipsing_binary
1811.3396060229852,0.7757831,0.0012156408,5674169,eclipsing_binary
1811.3409948582025,0.77462643,0.0012131471,5674169,eclipsing_binary
1811.3423836934203,0.7747952,0.0012139681,5674169,eclipsing_binary
1811.3437725286385,0.7756229,0.0012158436,5674169,eclipsing_binary
1811.3451613638563,0.7754097,0.0012148635,5674169,eclipsing_binary
1811.3465501990736,0.77628404,0.0012123421,5674169,eclipsing_binary
1811.3479390342914,0.7775679,0.0012134667,5674169,eclipsing_binary
1811.3493278695091,0.77854735,0.0012141018,5674169,eclipsing_binary
1811.350716704727,0.77836066,0.0012146956,5674169,eclipsing_binary
1811.3521055399447,0.77954763,0.0012136226,5674169,eclipsing_binary
1811.3534943751624,0.7816225,0.0012143891,5674169,eclipsing_binary
1811.3548832103804,0.7865581,0.0012138662,5674169,eclipsing_binary
1811.3562720455975,0.787579,0.0012191643,5674169,eclipsing_binary
1811.3576608808153,0.79741603,0.0012182904,5674169,eclipsing_binary
1811.359049716034,0.8087754,0.0012190002,5674169,eclipsing_binary
1811.3604385512517,0.8200445,0.0012205113,5674169,eclipsing_binary
1811.3618273864686,0.83235395,0.0012220668,5674169,eclipsing_binary
1811.363216221686,0.8434978,0.001223161,5674169,eclipsing_binary
1811.3646050569043,0.8572336,0.0012282875,5674169,eclipsing_binary
1811.3659938921228,0.86983323,0.0012362555,5674169,eclipsing_binary
1811.3673827268744,0.8831958,0.0012319975,5674169,eclipsing_binary
1811.3687715620913,0.89527303,0.0012351213,5674169,eclipsing_binary
1811.370160397309,0.9085618,0.001236589,5674169,eclipsing_binary
1811.3715492325277,0.91884035,0.0012373354,5674169,eclipsing_binary
1811.3729380677455,0.9299081,0.001238879,5674169,eclipsing_binary
1811.3743269029628,0.94161487,0.0012454189,5674169,eclipsing_binary
1811.3757157381806,0.9530511,0.0012502319,5674169,eclipsing_binary
1811.3771045733984,0.9630781,0.001246233,5674169,eclipsing_binary
1811.3784934086161,0.9740303,0.0012531204,5674169,eclipsing_binary
1811.3798822433682,0.98272926,0.0012479716,5674169,eclipsing_binary
1811.381271078586,0.9928201,0.0012499552,5674169,eclipsing_binary
1811.3826599138038,1.0023872,0.0012540673,5674169,eclipsing_binary
1811.384048749021,1.0110856,0.0012533455,5674169,eclipsing_binary
1811.3854375842393,1.018014,0.0012550937,5674169,eclipsing_binary
1811.386826419458,1.0261081,0.0012554373,5674169,eclipsing_binary
1811.3882152542092,1.0322447,0.0012574682,5674169,eclipsing_binary
1811.3896040894265,1.0402442,0.0012583584,5674169,eclipsing_binary
1811.3909929246443,1.0459429,0.0012584114,5674169,eclipsing_binary
1811.392381759863,1.051746,0.0012605445,5674169,eclipsing_binary
1811.3937705950807,1.0577536,0.0012644392,5674169,eclipsing_binary
1811.395159429832,1.0663247,0.0012645158,5674169,eclipsing_binary
1811.3965482650497,1.071397,0.0012647924,5674169,eclipsing_binary
1811.3979371002674,1.0771127,0.0012630221,5674169,eclipsing_binary
1811.3993259354854,1.0790305,0.0012660612,5674169,eclipsing_binary
1811.4007147707034,1.085169,0.0012690029,5674169,eclipsing_binary
1811.4021036054555,1.0898407,0.0012704153,5674169,eclipsing_binary
1811.4034924406733,1.096253,0.0012683934,5674169,eclipsing_binary
1811.4048812758901,1.0999862,0.0012677794,5674169,eclipsing_binary
1811.406270111108,1.1023734,0.0012671734,5674169,eclipsing_binary
1811.407658945861,1.1065171,0.0012700435,5674169,eclipsing_binary
1811.4090477810787,1.1089333,0.0012680588,5674169,eclipsing_binary
1811.410436616296,1.1118907,0.00126964,5674169,eclipsing_binary
1811.4118254510472,1.1130638,0.0012718431,5674169,eclipsing_binary
1811.4132142862659,1.1179528,0.0012715028,5674169,eclipsing_binary
1811.414603121484,1.1178921,0.0012727747,5674169,eclipsing_binary
1811.4159919562358,1.1192868,0.0012713706,5674169,eclipsing_binary
1811.4173807914528,1.1191266,0.0012730422,5674169,eclipsing_binary
1811.4187696266708,1.1221181,0.0012754614,5674169,eclipsing_binary
1811.4201584614234,1.1208258,0.0012715011,5674169,eclipsing_binary
1811.4215472966412,1.1215414,0.0012728744,5674169,eclipsing_binary
1811.4229361318585,1.1210716,0.0012771244,5674169,eclipsing_binary
1811.4243249666106,1.1180452,0.0012720929,5674169,eclipsing_binary
1811.4257138018284,1.1183256,0.0012734695,5674169,eclipsing_binary
1811.4271026370461,1.1165192,0.0012734289,5674169,eclipsing_binary
1811.4284914717982,1.1146142,0.0012728579,5674169,eclipsing_binary
1811.429880307016,1.11224,0.0012697587,5674169,eclipsing_binary
1811.431269141768,1.1098448,0.0012702086,5674169,eclipsing_binary
1811.4326579769854,1.1081717,0.0012739513,5674169,eclipsing_binary
1811.4340468122032,1.1052992,0.0012682327,5674169,eclipsing_binary
1811.4354356469562,1.0994381,0.0012687538,5674169,eclipsing_binary
1811.436824482174,1.0943234,0.0012695434,5674169,eclipsing_binary
1811.4382133169252,1.0914418,0.0012703853,5674169,eclipsing_binary
1811.4396021521425,1.0897225,0.0012694028,5674169,eclipsing_binary
1811.440990986895,1.0831004,0.0012676618,5674169,eclipsing_binary
1811.4423798221137,1.0788487,0.0012638742,5674169,eclipsing_binary
1811.4437686568651,1.071967,0.0012629254,5674169,eclipsing_binary
1811.4451574920822,1.0675513,0.0012649788,5674169,eclipsing_binary
1811.4465463273,1.061916,0.0012639456,5674169,eclipsing_binary
1811.447935162053,1.0566704,0.001262621,5674169,eclipsing_binary
1811.4493239972708,1.0505757,0.0012603055,5674169,eclipsing_binary
1811.450712832022,1.0447475,0.0012605528,5674169,eclipsing_binary
1811.45210166724,1.0400511,0.0012586196,5674169,eclipsing_binary
1811.4534905019923,1.0326287,0.0012569776,5674169,eclipsing_binary
1811.4548793367444,1.0266615,0.0012622611,5674169,eclipsing_binary
1811.4562681719622,1.0206342,0.0012543118,5674169,eclipsing_binary
1811.4576570067143,1.012496,0.0012527311,5674169,eclipsing_binary
1811.459045841932,1.0087494,0.0012576864,5674169,eclipsing_binary
1811.4604346766832,1.0001812,0.0012501667,5674169,eclipsing_binary
1811.4618235119012,0.99056894,0.0012497174,5674169,eclipsing_binary
1811.463212346654,0.98175615,0.0012499578,5674169,eclipsing_binary
1811.4646011818718,0.9732195,0.001246623,5674169,eclipsing_binary
1811.4659900166234,0.9653644,0.0012556864,5674169,eclipsing_binary
1811.4673788513746,0.9517939,0.0012474222,5674169,eclipsing_binary
1811.4687676865933,0.9435164,0.0012426685,5674169,eclipsing_binary
1811.470156521346,0.93121254,0.0012392934,5674169,eclipsing_binary
1811.4715453565632,0.9204686,0.0012377921,5674169,eclipsing_binary
1811.4729341913148,0.906487,0.0012358029,5674169,eclipsing_binary
1811.474323026067,0.8952588,0.0012338106,5674169,eclipsing_binary
1811.4757118612852,0.8817816,0.0012303155,5674169,eclipsing_binary
1811.4771006960373,0.8680916,0.0012296509,5674169,eclipsing_binary
1811.4784895312546,0.85444343,0.001228267,5674169,eclipsing_binary
1811.4798783660067,0.8423943,0.0012242716,5674169,eclipsing_binary
1811.4812672007588,0.8271432,0.0012238097,5674169,eclipsing_binary
1811.4826560359766,0.81585824,0.0012225333,5674169,eclipsing_binary
1811.4840448707287,0.8036098,0.0012185308,5674169,eclipsing_binary
1811.4854337054808,0.7919756,0.0012200188,5674169,eclipsing_binary
1811.4868225406985,0.7842506,0.0012164341,5674169,eclipsing_binary
1811.4882113754502,0.7772805,0.0012164323,5674169,eclipsing_binary
1811.4896002102023,0.77347857,0.0012171762,5674169,eclipsing_binary
1811.4909890449553,0.77255017,0.0012136466,5674169,eclipsing_binary
1811.492377880173,0.771818,0.0012116295,5674169,eclipsing_binary
1811.4937667149243,0.77074134,0.0012128085,5674169,eclipsing_binary
1811.495155549676,0.7716643,0.0012123523,5674169,eclipsing_binary
1811.4965443848944,0.77138615,0.0012164281,5674169,eclipsing_binary
1811.4979332196472,0.7706106,0.0012146662,5674169,eclipsing_binary
1811.4993220543988,0.77005875,0.0012182683,5674169,eclipsing_binary
1811.50071088915,0.7697101,0.0012124797,5674169,eclipsing_binary
1811.5020997243678,0.76892364,0.0012148485,5674169,eclipsing_binary
1811.5034885591208,0.7702826,0.0012184164,5674169,eclipsing_binary
1811.504877393873,0.7694925,0.0012136735,5674169,eclipsing_binary
1811.5062662286246,0.768605,0.0012125331,5674169,eclipsing_binary
1811.5076550633767,0.76937217,0.0012151712,5674169,eclipsing_binary
1811.5090438985944,0.7698804,0.0012139403,5674169,eclipsing_binary
1811.5104327333465,0.76913935,0.0012131431,5674169,eclipsing_binary
1811.5118215680986,0.76946557,0.0012123154,5674169,eclipsing_binary
1811.5132104028507,0.77235544,0.0012153906,5674169,eclipsing_binary
1811.5145992376029,0.7715685,0.0012136806,5674169,eclipsing_binary
1811.5159880728202,0.776664,0.0012159602,5674169,eclipsing_binary
1811.5173769075727,0.78491706,0.0012180731,5674169,eclipsing_binary
1811.5187657423257,0.79449576,0.0012151975,5674169,eclipsing_binary
1811.520154577077,0.80612683,0.0012212556,5674169,eclipsing_binary
1811.5215434118286,0.81803083,0.0012216687,5674169,eclipsing_binary
1811.5229322465807,0.8310706,0.001222338,5674169,eclipsing_binary
1811.5243210813337,0.8438523,0.0012241784,5674169,eclipsing_binary
1811.5257099165515,0.85715044,0.0012322463,5674169,eclipsing_binary
1811.5270987513027,0.87018293,0.0012335009,5674169,eclipsing_binary
1811.5284875860548,0.88483685,0.0012365874,5674169,eclipsing_binary
1811.5298764208069,0.8982064,0.0012347589,5674169,eclipsing_binary
1811.5312652555592,0.9101322,0.0012359571,5674169,eclipsing_binary
1811.5326540903116,0.9235865,0.0012400682,5674169,eclipsing_binary
1811.5340429250637,0.9349206,0.001250222,5674169,eclipsing_binary
1811.5354317598158,0.9468632,0.0012466824,5674169,eclipsing_binary
1811.536820594567,0.95814717,0.0012455148,5674169,eclipsing_binary
1811.538209429319,0.9680266,0.0012480473,5674169,eclipsing_binary
1811.539598264072,0.9771292,0.0012484253,5674169,eclipsing_binary
1811.5409870988242,0.98814094,0.001250072,5674169,eclipsing_binary
1811.5423759335758,0.9941762,0.0012499561,5674169,eclipsing_binary
1811.543764768328,1.0043718,0.001256267,5674169,eclipsing_binary
1811.5451536030805,1.0097355,0.0012619428,5674169,eclipsing_binary
1811.5465424378326,1.0171309,0.0012581777,5674169,eclipsing_binary
1811.54793127305,1.0226871,0.0012555417,5674169,eclipsing_binary
1811.5493201078011,1.0303911,0.0012586481,5674169,eclipsing_binary
1811.5507089420885,1.0362098,0.0012584504,5674169,eclipsing_binary
1811.5520977768415,1.0425926,0.0012593721,5674169,eclipsing_binary
1811.5534866115927,1.0483278,0.0012580614,5674169,eclipsing_binary
1811.5548754463443,1.0548278,0.0012631504,5674169,eclipsing_binary
1811.5562642810964,1.0608779,0.0012618733,5674169,eclipsing_binary
1811.5576531158492,1.0667663,0.0012700948,5674169,eclipsing_binary
1811.5590419506016,1.0712036,0.0012641761,5674169,eclipsing_binary
1811.5604307853528,1.0775808,0.0012646826,5674169,eclipsing_binary
1811.5618196201049,1.0822535,0.0012642139,5674169,eclipsing_binary
1811.563208454857,1.0864937,0.0012658839,5674169,eclipsing_binary
1811.564597289609,1.0914199,0.0012666906,5674169,eclipsing_binary
1811.5659861243612,1.0931576,0.0012714957,5674169,eclipsing_binary
1811.5673749591135,1.0983847,0.0012686045,5674169,eclipsing_binary
1811.5687637938659,1.1025685,0.0012679033,5674169,eclipsing_binary
1811.570152628617,1.1059562,0.0012713053,5674169,eclipsing_binary
1811.5715414633692,1.108401,0.0012690307,5674169,eclipsing_binary
1811.5729302976565,1.1107117,0.0012700737,5674169,eclipsing_binary
1811.5743191324086,1.1131297,0.0012729169,5674169,eclipsing_binary
1811.5757079671598,1.1146815,0.0012726395,5674169,eclipsing_binary
1811.5770968019115,1.1191826,0.00127011,5674169,eclipsing_binary
1811.5784856366645,1.118844,0.0012748019,5674169,eclipsing_binary
1811.579874471417,1.1209474,0.001277222,5674169,eclipsing_binary
1811.5812633061687,1.1206896,0.001271321,5674169,eclipsing_binary
1811.5826521404542,1.1212885,0.0012731118,5674169,eclipsing_binary
1811.5840409752063,1.1213243,0.0012724483,5674169,eclipsing_binary
1811.5854298099594,1.1204009,0.0012733168,5674169,eclipsing_binary
1811.5868186447115,1.1205094,0.0012716992,5674169,eclipsing_binary
1811.588207479463,1.1187925,0.0012745584,5674169,eclipsing_binary
1811.5895963137496,1.1167021,0.0012709324,5674169,eclipsing_binary
1811.5909851485017,1.117047,0.0012767292,5674169,eclipsing_binary
1811.5923739832538,1.1136863,0.0012755382,5674169,eclipsing_binary
1811.5937628180059,1.111943,0.0012708183,5674169,eclipsing_binary
1811.595151652758,1.1075065,0.0012724485,5674169,eclipsing_binary
1811.5965404870444,1.1048266,0.0012730382,5674169,eclipsing_binary
1811.597929321796,1.1006547,0.0012696943,5674169,eclipsing_binary
1811.5993181565482,1.0969329,0.0012668532,5674169,eclipsing_binary
1811.6007069913007,1.0930722,0.0012670393,5674169,eclipsing_binary
1811.6020958255874,1.0889602,0.0012661434,5674169,eclipsing_binary
1811.6034846603388,1.0831326,0.0012709367,5674169,eclipsing_binary
1811.6048734950905,1.0789067,0.0012704958,5674169,eclipsing_binary
1811.6062623293774,1.0714139,0.0012652186,5674169,eclipsing_binary
1811.6076511641304,1.0677665,0.0012629295,5674169,eclipsing_binary
1811.6090399988816,1.0603654,0.0012632229,5674169,eclipsing_binary
1811.6104288336333,1.0554371,0.0012603727,5674169,eclipsing_binary
1811.6118176679197,1.0504777,0.0012638378,5674169,eclipsing_binary
1811.6132065026727,1.0407219,0.0012591906,5674169,eclipsing_binary
1811.6145953374248,1.035221,0.0012581743,5674169,eclipsing_binary
1811.6159841717104,1.0290316,0.001256645,5674169,eclipsing_binary
1811.6173730064625,1.0203085,0.0012541966,5674169,eclipsing_binary
1811.6187618412146,1.0138223,0.0012548533,5674169,eclipsing_binary
1811.6201506755012,1.0047992,0.0012519388,5674169,eclipsing_binary
1811.6215395102536,0.99721885,0.0012518945,5674169,eclipsing_binary
1811.62292834454,0.98902154,0.0012503145,5674169,eclipsing_binary
1811.6243171792921,0.97898334,0.0012489078,5674169,eclipsing_binary
1811.6257060140433,0.96908695,0.0012512885,5674169,eclipsing_binary
1811.6270948483307,0.9593764,0.0012478848,5674169,eclipsing_binary
1811.6284836830835,0.9488038,0.0012423584,5674169,eclipsing_binary
1811.6298725173692,0.93527526,0.0012390646,5674169,eclipsing_binary
1811.6312613521209,0.9256954,0.0012412315,5674169,eclipsing_binary
1811.632650186873,0.91223425,0.0012374802,5674169,eclipsing_binary
1811.6340390211599,0.90020597,0.0012345328,5674169,eclipsing_binary
1811.635427855912,0.8890683,0.001234366,5674169,eclipsing_binary
1811.636816690198,0.87676424,0.0012326783,5674169,eclipsing_binary
1811.63820552495,0.86199373,0.0012273372,5674169,eclipsing_binary
1811.6395943592365,0.8497606,0.0012282988,5674169,eclipsing_binary
1811.6409831939886,0.83756435,0.0012237743,5674169,eclipsing_binary
1811.6423720287407,0.8248179,0.0012218839,5674169,eclipsing_binary
1811.6437608630272,0.81332016,0.0012286599,5674169,eclipsing_binary
1811.6451496977793,0.80092055,0.0012175083,5674169,eclipsing_binary
1811.6465385320653,0.79318386,0.0012217318,5674169,eclipsing_binary
1811.6479273668174,0.78375757,0.0012140734,5674169,eclipsing_binary
1811.6493162011047,0.78179467,0.0012144013,5674169,eclipsing_binary
1811.6507050358568,0.77916336,0.0012136019,5674169,eclipsing_binary
1811.6520938701424,0.7783108,0.0012150923,5674169,eclipsing_binary
1811.653482704894,0.7771217,0.0012133146,5674169,eclipsing_binary
1811.6548715391812,0.7754752,0.0012132844,5674169,eclipsing_binary
1811.6562603734683,0.77594495,0.0012187,5674169,eclipsing_binary
1811.65764920822,0.7751647,0.0012123093,5674169,eclipsing_binary
1811.6590380425055,0.77393687,0.0012157622,5674169,eclipsing_binary
1811.6604268772576,0.7743748,0.0012172338,5674169,eclipsing_binary
1811.661815711545,0.7738527,0.001214575,5674169,eclipsing_binary
1811.663204546297,0.7758794,0.0012146066,5674169,eclipsing_binary
1811.6645933805828,0.7756956,0.001215261,5674169,eclipsing_binary
1811.6659822148695,0.7759868,0.0012138097,5674169,eclipsing_binary
1811.6673710496216,0.77735823,0.0012168941,5674169,eclipsing_binary
1811.668759883908,0.7783829,0.0012138955,5674169,eclipsing_binary
1811.6701487186601,0.7798923,0.0012147578,5674169,eclipsing_binary
1811.6715375529466,0.7816771,0.0012170782,5674169,eclipsing_binary
1811.672926387233,0.78370386,0.0012150806,5674169,eclipsing_binary
1811.6743152219844,0.78926027,0.0012191341,5674169,eclipsing_binary
1811.6757040562711,0.7980609,0.0012185602,5674169,eclipsing_binary
1811.6770928910237,0.8076917,0.0012183549,5674169,eclipsing_binary
1811.6784817253101,0.817475,0.0012186558,5674169,eclipsing_binary
1811.679870559596,0.8306535,0.0012297002,5674169,eclipsing_binary
1811.6812593943473,0.8435179,0.0012248296,5674169,eclipsing_binary
1811.6826482286347,0.8553035,0.0012290357,5674169,eclipsing_binary
1811.684037062922,0.86918855,0.0012314589,5674169,eclipsing_binary
1811.6854258976732,0.88163346,0.0012311471,5674169,eclipsing_binary
1811.6868147319592,0.89418596,0.0012353096,5674169,eclipsing_binary
1811.6882035662456,0.9060118,0.0012377131,5674169,eclipsing_binary
1811.6895924005325,0.9194417,0.0012420146,5674169,eclipsing_binary
1811.6909812352849,0.93062186,0.0012409126,5674169,eclipsing_binary
1811.6923700695706,0.9397675,0.0012419232,5674169,eclipsing_binary
1811.693758903857,0.9527147,0.0012464481,5674169,eclipsing_binary
1811.6951477386092,0.96266425,0.0012456687,5674169,eclipsing_binary
1811.6965365728956,0.97331023,0.0012485712,5674169,eclipsing_binary
1811.697925407182,0.98332816,0.0012520445,5674169,eclipsing_binary
1811.6993142414688,0.9929499,0.0012525765,5674169,eclipsing_binary
1811.700703076221,1.0011517,0.0012540607,5674169,eclipsing_binary
1811.7020919105066,1.0084335,0.0012528517,5674169,eclipsing_binary
1811.703480744793,1.0177575,0.0012561651,5674169,eclipsing_binary
1811.7048695790804,1.0243428,0.0012575585,5674169,eclipsing_binary
1811.7062584133669,1.0326694,0.0012586396,5674169,eclipsing_binary
1811.707647248118,1.038666,0.0012580524,5674169,eclipsing_binary
1811.709036082404,1.0456971,0.0012603196,5674169,eclipsing_binary
1811.7104249166914,1.0516765,0.0012589551,5674169,eclipsing_binary
1811.7118137509783,1.0566964,0.0012623647,5674169,eclipsing_binary
1811.7132025852643,1.0661943,0.0012633072,5674169,eclipsing_binary
1811.7145914200155,1.0696548,0.0012663369,5674169,eclipsing_binary
1811.715980254302,1.0752337,0.0012640445,5674169,eclipsing_binary
1811.7173690885893,1.0792097,0.0012671144,5674169,eclipsing_binary
1811.7187579228757,1.0851825,0.0012655129,5674169,eclipsing_binary
1811.7201467571617,1.090778,0.001268974,5674169,eclipsing_binary
1811.7215355914482,1.0937454,0.00127353,5674169,eclipsing_binary
1811.7229244257346,1.0982393,0.0012700383,5674169,eclipsing_binary
1811.724313260021,1.1043254,0.0012707128,5674169,eclipsing_binary
1811.7257020947739,1.1075737,0.0012716827,5674169,eclipsing_binary
1811.7270909290605,1.1090608,0.0012765751,5674169,eclipsing_binary
1811.728479763346,1.1123217,0.001271458,5674169,eclipsing_binary
1811.729868597632,1.1142054,0.0012731862,5674169,eclipsing_binary
1811.731257431919,1.1170412,0.0012714844,5674169,eclipsing_binary
1811.7326462662063,1.117884,0.0012726798,5674169,eclipsing_binary
1811.7340351004918,1.11833,0.001273548,5674169,eclipsing_binary
1811.7354239347778,1.1211059,0.0012752423,5674169,eclipsing_binary
1811.7368127690643,1.1206058,0.0012717532,5674169,eclipsing_binary
1811.7382016033516,1.1205754,0.0012730429,5674169,eclipsing_binary
1811.739590437638,1.1212597,0.0012731219,5674169,eclipsing_binary
1811.7409792719236,1.1200367,0.0012721426,5674169,eclipsing_binary
1811.74236810621,1.119364,0.001272691,5674169,eclipsing_binary
1811.7437569404965,1.1182512,0.0012779001,5674169,eclipsing_binary
1811.7451457747832,1.1174666,0.0012722787,5674169,eclipsing_binary
1811.7465346090698,1.1162531,0.0012714702,5674169,eclipsing_binary
1811.7479234433563,1.1110725,0.0012703926,5674169,eclipsing_binary
1811.7493122776427,1.1113124,0.0012699399,5674169,eclipsing_binary
1811.7507011119283,1.1073203,0.0012725762,5674169,eclipsing_binary
1811.7520899462147,1.1035209,0.0012689459,5674169,eclipsing_binary
1811.753478780502,1.1005343,0.0012696519,5674169,eclipsing_binary
1811.7548676147885,1.0989548,0.0012685998,5674169,eclipsing_binary
1811.7562564490745,1.0917492,0.0012662547,5674169,eclipsing_binary
1811.75764528336,1.0871391,0.0012667751,5674169,eclipsing_binary
1811.7590341176474,1.0851213,0.001269028,5674169,eclipsing_binary
1811.7604229519343,1.0792264,0.0012645975,5674169,eclipsing_binary
1811.7618117862203,1.0730001,0.0012658089,5674169,eclipsing_binary
1811.7632006205063,1.0680338,0.0012645967,5674169,eclipsing_binary
1811.7645894547927,1.0645721,0.0012624315,5674169,eclipsing_binary
1811.7659782890796,1.0564688,0.0012614693,5674169,eclipsing_binary
1811.767367123366,1.0513537,0.0012627471,5674169,eclipsing_binary
1811.768755957652,1.0473282,0.0012608144,5674169,eclipsing_binary
1811.7701447919385,1.0404981,0.0012577628,5674169,eclipsing_binary
1811.7715336257593,1.0337282,0.0012584307,5674169,eclipsing_binary
1811.7729224600457,1.0270247,0.00125694,5674169,eclipsing_binary
1811.7743112943322,1.0210855,0.0012556596,5674169,eclipsing_binary
1811.7757001286186,1.0156156,0.0012533693,5674169,eclipsing_binary
1811.777088962905,1.0083039,0.0012536393,5674169,eclipsing_binary
1811.778477797191,0.99965256,0.0012507455,5674169,eclipsing_binary
1811.7798666314775,0.9917349,0.0012531324,5674169,eclipsing_binary
1811.7812554652992,0.98389035,0.0012489562,5674169,eclipsing_binary
1811.7826442995856,0.9744237,0.0012482579,5674169,eclipsing_binary
1811.7840331338712,0.965888,0.0012464613,5674169,eclipsing_binary
1811.7854219681572,0.95502377,0.0012448925,5674169,eclipsing_binary
1811.786810802444,0.94403756,0.0012423678,5674169,eclipsing_binary
1811.7881996367314,0.9333746,0.0012403957,5674169,eclipsing_binary
1811.7895884705517,0.9198965,0.0012387267,5674169,eclipsing_binary
1811.7909773048373,0.90727323,0.0012358959,5674169,eclipsing_binary
1811.7923661391237,0.8974436,0.0012412928,5674169,eclipsing_binary
1811.793754973411,0.88430506,0.0012346222,5674169,eclipsing_binary
1811.7951438072319,0.86968255,0.0012350392,5674169,eclipsing_binary
1811.7965326415174,0.85633695,0.0012299981,5674169,eclipsing_binary
1811.797921475804,0.84330803,0.0012269518,5674169,eclipsing_binary
1811.7993103100907,0.8299334,0.0012246908,5674169,eclipsing_binary
1811.8006991439115,0.81704265,0.0012217398,5674169,eclipsing_binary
1811.802087978198,0.80496824,0.0012187198,5674169,eclipsing_binary
1811.8034768124844,0.7940705,0.0012162687,5674169,eclipsing_binary
1811.8048656467708,0.78465813,0.0012163875,5674169,eclipsing_binary
1811.806254480591,0.77793753,0.0012188242,5674169,eclipsing_binary
1811.8076433148776,0.7750801,0.0012137297,5674169,eclipsing_binary
1811.8090321491645,0.77291834,0.0012142984,5674169,eclipsing_binary
1811.8104209829853,0.7711477,0.0012154616,5674169,eclipsing_binary
1811.8118098172713,0.77067345,0.0012189931,5674169,eclipsing_binary
1811.8131986515577,0.7694205,0.0012132594,5674169,eclipsing_binary
1811.8145874853792,0.770282,0.0012127232,5674169,eclipsing_binary
1811.8159763196659,0.77154446,0.0012131935,5674169,eclipsing_binary
1811.8173651539514,0.7691602,0.0012169485,5674169,eclipsing_binary
1811.8187539877722,0.76942146,0.0012147909,5674169,eclipsing_binary
1811.8201428220586,0.7695314,0.0012165146,5674169,eclipsing_binary
1811.821531656345,0.77001625,0.0012123712,5674169,eclipsing_binary
1811.8229204901659,0.76944053,0.0012152703,5674169,eclipsing_binary
1811.8243093244525,0.7701142,0.0012122715,5674169,eclipsing_binary
1811.8256981587392,0.7703887,0.0012117377,5674169,eclipsing_binary
1811.827086992559,0.76884174,0.0012140042,5674169,eclipsing_binary
1811.8284758268455,0.7698969,0.0012134659,5674169,eclipsing_binary
1811.8298646606672,0.77011067,0.001211843,5674169,eclipsing_binary
1811.8312534949537,0.7706019,0.0012126223,5674169,eclipsing_binary
1811.8326423292394,0.76985055,0.0012119196,5674169,eclipsing_binary
1811.8340311630595,0.77451926,0.0012120609,5674169,eclipsing_binary
1811.835419997347,0.781835,0.0012174206,5674169,eclipsing_binary
1811.8368088311681,0.79314095,0.0012183802,5674169,eclipsing_binary
1811.8381976654541,0.80352485,0.0012207512,5674169,eclipsing_binary
1811.839586499274,0.8158877,0.0012212116,5674169,eclipsing_binary
1811.8409753335604,0.8280702,0.0012215162,5674169,eclipsing_binary
1811.8423641673821,0.843119,0.0012257275,5674169,eclipsing_binary
1811.8437530016686,0.8548948,0.0012267784,5674169,eclipsing_binary
1811.8451418359546,0.86941725,0.0012306668,5674169,eclipsing_binary
1811.8465306697753,0.8827142,0.0012304464,5674169,eclipsing_binary
1811.8479195040618,0.89519596,0.0012353443,5674169,eclipsing_binary
1811.8493083378826,0.90887094,0.001237139,5674169,eclipsing_binary
1811.850697172169,0.9207931,0.0012400066,5674169,eclipsing_binary
1811.8520860059898,0.9332945,0.0012401384,5674169,eclipsing_binary
1811.8534748402762,0.9458061,0.0012470938,5674169,eclipsing_binary
1811.854863674097,0.9558888,0.0012458423,5674169,eclipsing_binary
1811.8562525079178,0.9665606,0.0012466088,5674169,eclipsing_binary
1811.8576413422043,0.97581244,0.001249675,5674169,eclipsing_binary
1811.8590301760253,0.9848308,0.001249692,5674169,eclipsing_binary
1811.860419010311,0.9933491,0.0012510357,5674169,eclipsing_binary
1811.8618078441318,1.0015128,0.0012544325,5674169,eclipsing_binary
1811.8631966784192,1.0083002,0.0012543928,5674169,eclipsing_binary
1811.86458551224,1.0148356,0.0012552575,5674169,eclipsing_binary
1811.8659743465255,1.0221432,0.001254092,5674169,eclipsing_binary
1811.8673631803458,1.0289034,0.0012555636,5674169,eclipsing_binary
1811.8687520141673,1.035256,0.001259779,5674169,eclipsing_binary
1811.8701408484544,1.0421729,0.0012624556,5674169,eclipsing_binary
1811.8715296822747,1.0468899,0.0012607966,5674169,eclipsing_binary
1811.8729185165603,1.0525162,0.0012625791,5674169,eclipsing_binary
1811.874307350381,1.0573014,0.0012607201,5674169,eclipsing_binary
1811.8756961842028,1.063684,0.001263343,5674169,eclipsing_binary
1811.8770850184892,1.0680672,0.0012643936,5674169,eclipsing_binary
1811.8784738523095,1.074454,0.0012653804,5674169,eclipsing_binary
1811.8798626861303,1.0784109,0.0012666269,5674169,eclipsing_binary
1811.8812515204168,1.0847899,0.0012672228,5674169,eclipsing_binary
1811.8826403542375,1.0884228,0.0012694692,5674169,eclipsing_binary
1811.8840291880583,1.0938174,0.0012674497,5674169,eclipsing_binary
1811.8854180223448,1.0963639,0.0012683978,5674169,eclipsing_binary
1811.8868068561655,1.1008528,0.0012706936,5674169,eclipsing_binary
1811.8881956899859,1.1032782,0.0012697235,5674169,eclipsing_binary
1811.8895845242723,1.1066378,0.001270043,5674169,eclipsing_binary
1811.8909733580936,1.1100733,0.0012701239,5674169,eclipsing_binary
1811.8923621919143,1.1135689,0.0012739053,5674169,eclipsing_binary
1811.8937510257347,1.1137054,0.001269721,5674169,eclipsing_binary
1811.8951398600211,1.1155835,0.0012715429,5674169,eclipsing_binary
1811.8965286938428,1.1170278,0.001271283,5674169,eclipsing_binary
1811.8979175276636,1.1181145,0.0012711129,5674169,eclipsing_binary
1811.8993063619491,1.1204836,0.0012705742,5674169,eclipsing_binary
1811.90069519577,1.1188763,0.001270489,5674169,eclipsing_binary
1811.9020840295907,1.120443,0.0012722255,5674169,eclipsing_binary
1811.9034728634117,1.1197872,0.0012743011,5674169,eclipsing_binary
1811.9048616972327,1.1187762,0.0012714827,5674169,eclipsing_binary
1811.9062505315192,1.1177794,0.0012723658,5674169,eclipsing_binary
1811.90763936534,1.1149932,0.0012715015,5674169,eclipsing_binary
1811.9090281991598,1.1151899,0.0012757769,5674169,eclipsing_binary
1811.9104170329806,1.1119304,0.0012793557,5674169,eclipsing_binary
1811.9118058668023,1.1085626,0.0012694487,5674169,eclipsing_binary
1811.9131947010887,1.1065456,0.0012696028,5674169,eclipsing_binary
1811.914583534909,1.1039011,0.0012693699,5674169,eclipsing_binary
1811.915972368729,1.1008164,0.0012727269,5674169,eclipsing_binary
1811.9173612025506,1.0964099,0.0012690536,5674169,eclipsing_binary
1811.9187500363719,1.0922498,0.0012679807,5674169,eclipsing_binary
1811.9201388701922,1.0875232,0.0012682702,5674169,eclipsing_binary
1811.921527704478,1.0835555,0.00126953,5674169,eclipsing_binary
1811.922916538299,1.0757216,0.0012705673,5674169,eclipsing_binary
1811.9243053721202,1.0712901,0.0012655086,5674169,eclipsing_binary
1811.925694205941,1.0668048,0.0012692922,5674169,eclipsing_binary
1811.9270830397613,1.0605284,0.0012601136,5674169,eclipsing_binary
1811.928471873582,1.0539823,0.0012602683,5674169,eclipsing_binary
1811.929860707403,1.0469671,0.0012606117,5674169,eclipsing_binary
1811.9312495412237,1.0412749,0.0012587211,5674169,eclipsing_binary
1811.9326383755101,1.0343878,0.0012573726,5674169,eclipsing_binary
1811.934027209331,1.0281385,0.0012605381,5674169,eclipsing_binary
1811.9354160431517,1.0198693,0.0012548686,5674169,eclipsing_binary
1811.936804876972,1.0125172,0.0012556326,5674169,eclipsing_binary
1811.9381937107928,1.004281,0.0012558487,5674169,eclipsing_binary
1811.9395825446143,0.99689424,0.0012549133,5674169,eclipsing_binary
1811.9409713784353,0.98690426,0.0012510429,5674169,eclipsing_binary
1811.9423602122552,0.977933,0.0012525478,5674169,eclipsing_binary
1811.9437490460755,0.9681363,0.0012470868,5674169,eclipsing_binary
1811.9451378798967,0.958236,0.0012467256,5674169,eclipsing_binary
1811.9465267137184,0.94775707,0.0012435091,5674169,eclipsing_binary
1811.9479155475385,0.9356216,0.0012413268,5674169,eclipsing_binary
1811.9493043813586,0.9246723,0.0012383338,5674169,eclipsing_binary
1811.9506932151794,0.9140325,0.0012429574,5674169,eclipsing_binary
1811.952082049001,0.90155786,0.0012342084,5674169,eclipsing_binary
1811.9534708828219,0.88933325,0.0012345014,5674169,eclipsing_binary
1811.9548597166417,0.87476826,0.0012354379,5674169,eclipsing_binary
1811.9562485504628,0.8631979,0.0012295921,5674169,eclipsing_binary
1811.9576373842838,0.849741,0.0012270408,5674169,eclipsing_binary
1811.9590262181046,0.83729243,0.0012244963,5674169,eclipsing_binary
1811.9604150519253,0.8273511,0.0012270455,5674169,eclipsing_binary
1811.9618038857461,0.8132511,0.001224436,5674169,eclipsing_binary
1811.963192719567,0.80224246,0.0012191361,5674169,eclipsing_binary
1811.9645815533868,0.79287213,0.0012163385,5674169,eclipsing_binary
1811.9659703872078,0.7847167,0.0012167146,5674169,eclipsing_binary
1811.9673592210293,0.7802249,0.0012195159,5674169,eclipsing_binary
1811.96874805485,0.7788966,0.0012149703,5674169,eclipsing_binary
1811.9701368882047,0.777308,0.0012130574,5674169,eclipsing_binary
1811.9715257220255,0.7760289,0.0012147698,5674169,eclipsing_binary
1811.9729145558467,0.77531046,0.0012143898,5674169,eclipsing_binary
1811.9743033896677,0.7735451,0.0012128362,5674169,eclipsing_binary
1811.9756922234878,0.77375555,0.0012131385,5674169,eclipsing_binary
1811.9770810573086,0.7727195,0.0012133337,5674169,eclipsing_binary
1811.9784698911294,0.7724809,0.0012133832,5674169,eclipsing_binary
1811.9798587249502,0.77262735,0.001218909,5674169,eclipsing_binary
1811.9812475583053,0.77436155,0.0012189312,5674169,eclipsing_binary
1811.9826363921263,0.7738723,0.0012144641,5674169,eclipsing_binary
1811.9840252259473,0.7759238,0.0012156647,5674169,eclipsing_binary
1811.9854140597672,0.77758896,0.0012174062,5674169,eclipsing_binary
1811.986802893588,0.77733326,0.0012155041,5674169,eclipsing_binary
1811.9881917274097,0.7797188,0.0012134379,5674169,eclipsing_binary
1811.9895805607648,0.78253406,0.0012149501,5674169,eclipsing_binary
1811.9909693945847,0.7830942,0.0012142421,5674169,eclipsing_binary
1811.992358228405,0.78715223,0.0012151372,5674169,eclipsing_binary
1811.9937470622267,0.7951756,0.0012174455,5674169,eclipsing_binary
1811.995135896048,0.8065128,0.0012214375,5674169,eclipsing_binary
1811.9965247294026,0.8175731,0.0012227286,5674169,eclipsing_binary
1811.9979135632225,0.828994,0.0012254367,5674169,eclipsing_binary
1811.9993023970433,0.8410959,0.0012258905,5674169,eclipsing_binary
1812.000691230865,0.8539279,0.0012281098,5674169,eclipsing_binary
1812.00208006422,0.86803067,0.0012308501,5674169,eclipsing_binary
1812.0034688980404,0.8806724,0.0012324967,5674169,eclipsing_binary
1812.0048577318612,0.8914792,0.0012371804,5674169,eclipsing_binary
1812.006246565682,0.90549093,0.0012447686,5674169,eclipsing_binary
1812.007635399037,0.91681045,0.0012382064,5674169,eclipsing_binary
1812.0090242328579,0.9291872,0.0012437172,5674169,eclipsing_binary
1812.0104130666787,0.9401197,0.0012432719,5674169,eclipsing_binary
1812.0118019004994,0.95119214,0.001245219,5674169,eclipsing_binary
1812.0131907338541,0.96153206,0.001244896,5674169,eclipsing_binary
1812.014579567675,0.9725463,0.0012466514,5674169,eclipsing_binary
1812.0159684014961,0.9806604,0.0012485454,5674169,eclipsing_binary
1812.0173572348513,0.9904335,0.001249791,5674169,eclipsing_binary
1812.0187460686716,1.0001795,0.0012534787,5674169,eclipsing_binary
1812.020134902492,1.006966,0.0012544399,5674169,eclipsing_binary
1812.0215237358475,1.0159142,0.0012546125,5674169,eclipsing_binary
1812.0229125696692,1.0247011,0.0012575723,5674169,eclipsing_binary
1812.024301403489,1.0313736,0.0012565693,5674169,eclipsing_binary
1812.0256902368437,1.0389705,0.0012584483,5674169,eclipsing_binary
1812.0270790706645,1.0450927,0.0012584741,5674169,eclipsing_binary
1812.0284679040205,1.0528675,0.001260289,5674169,eclipsing_binary
1812.0298567378413,1.0557265,0.0012624371,5674169,eclipsing_binary
1812.0312455716612,1.062403,0.0012619317,5674169,eclipsing_binary
1812.0326344050163,1.0692723,0.00126335,5674169,eclipsing_binary
1812.034023238837,1.0747411,0.0012653015,5674169,eclipsing_binary
1812.0354120721922,1.0815045,0.0012678185,5674169,eclipsing_binary
1812.0368009060132,1.0858774,0.0012681318,5674169,eclipsing_binary
1812.0381897398343,1.0892711,0.0012673886,5674169,eclipsing_binary
1812.0395785731894,1.0930008,0.0012688328,5674169,eclipsing_binary
1812.0409674070092,1.0980725,0.001270298,5674169,eclipsing_binary
1812.0423562403653,1.1021245,0.0012712657,5674169,eclipsing_binary
1812.0437450741865,1.1059496,0.0012707788,5674169,eclipsing_binary
1812.0451339075412,1.1084805,0.0012710674,5674169,eclipsing_binary
1812.0465227413615,1.1113671,0.0012703586,5674169,eclipsing_binary
1812.0479115747166,1.1151602,0.0012723901,5674169,eclipsing_binary
1812.0493004085379,1.1167092,0.0012747863,5674169,eclipsing_binary
1812.0506892423587,1.1170013,0.0012719387,5674169,eclipsing_binary
1812.0520780757133,1.1171526,0.0012718914,5674169,eclipsing_binary
1812.053466909534,1.1202894,0.001272879,5674169,eclipsing_binary
1812.0548557428892,1.1198075,0.0012745125,5674169,eclipsing_binary
1812.0562445762444,1.1220211,0.0012745042,5674169,eclipsing_binary
1812.0576334100651,1.1221243,0.0012770254,5674169,eclipsing_binary
1812.0590222434203,1.120645,0.0012727272,5674169,eclipsing_binary
1812.060411077241,1.12071,0.0012735443,5674169,eclipsing_binary
1812.0617999105957,1.1184212,0.0012807928,5674169,eclipsing_binary
1812.0631887444165,1.1161731,0.0012719487,5674169,eclipsing_binary
1812.0645775777725,1.1164784,0.0012742056,5674169,eclipsing_binary
1812.0659664115933,1.112684,0.0012700495,5674169,eclipsing_binary
1812.0673552449475,1.1109037,0.0012719103,5674169,eclipsing_binary
1812.0687440787678,1.1071352,0.0012715647,5674169,eclipsing_binary
1812.0701329121234,1.1048498,0.0012701376,5674169,eclipsing_binary
1812.0715217454795,1.1020421,0.0012708114,5674169,eclipsing_binary
1812.0729105792998,1.097301,0.0012700892,5674169,eclipsing_binary
1812.074299412654,1.0930934,0.001268815,5674169,eclipsing_binary
1812.0756882464748,1.0880022,0.0012672455,5674169,eclipsing_binary
1812.0770770798308,1.0844269,0.0012660162,5674169,eclipsing_binary
1812.078465913186,1.0798239,0.0012657957,5674169,eclipsing_binary
1812.0798547470058,1.0742147,0.001267057,5674169,eclipsing_binary
1812.0812435803612,1.0677071,0.0012634872,5674169,eclipsing_binary
1812.0826324141822,1.0629997,0.0012648815,5674169,eclipsing_binary
1812.0840212475373,1.0583761,0.0012627433,5674169,eclipsing_binary
1812.0854100808924,1.0530303,0.0012603493,5674169,eclipsing_binary
1812.0867989147132,1.0468545,0.0012650304,5674169,eclipsing_binary
1812.0881877480683,1.0413944,0.0012601982,5674169,eclipsing_binary
1812.0895765814228,1.0341041,0.0012582587,5674169,eclipsing_binary
1812.0909654152438,1.0266103,0.0012648235,5674169,eclipsing_binary
1812.0923542485993,1.0193489,0.0012567404,5674169,eclipsing_binary
1812.0937430819545,1.0134668,0.0012559035,5674169,eclipsing_binary
1812.0951319153091,1.0085087,0.0012584847,5674169,eclipsing_binary
1812.096520749129,0.9992945,0.0012592532,5674169,eclipsing_binary
1812.097909582485,0.9935057,0.0012530555,5674169,eclipsing_binary
1812.099298415841,0.9826036,0.0012502996,5674169,eclipsing_binary
1812.100687249661,0.9757007,0.0012485981,5674169,eclipsing_binary
1812.1020760830156,0.9656734,0.0012479656,5674169,eclipsing_binary
1812.1034649163707,0.95629406,0.0012466542,5674169,eclipsing_binary
1812.1048537497263,0.94599384,0.0012455458,5674169,eclipsing_binary
1812.106242583547,0.9347615,0.0012419111,5674169,eclipsing_binary
1812.1076314169024,0.9229701,0.0012422511,5674169,eclipsing_binary
1812.1090202502578,0.90894735,0.0012398799,5674169,eclipsing_binary
1812.110409083612,0.8970583,0.001234768,5674169,eclipsing_binary
1812.1117979174328,0.88334703,0.0012374783,5674169,eclipsing_binary
1812.1131867507888,0.8711189,0.0012319994,5674169,eclipsing_binary
1812.114575584144,0.85631263,0.0012292793,5674169,eclipsing_binary
1812.1159644174984,0.84417903,0.0012276772,5674169,eclipsing_binary
1812.1173532508528,0.82898563,0.0012259239,5674169,eclipsing_binary
1812.1187420846745,0.81815064,0.001222356,5674169,eclipsing_binary
1812.12013091803,0.8057975,0.0012228392,5674169,eclipsing_binary
1812.1215197513848,0.7938353,0.0012197846,5674169,eclipsing_binary
1812.122908584739,0.7848384,0.001216877,5674169,eclipsing_binary
1812.1242974180943,0.776354,0.0012171095,5674169,eclipsing_binary
1812.1256862514501,0.770892,0.0012136616,5674169,eclipsing_binary
1812.127075085271,0.7710729,0.0012144952,5674169,eclipsing_binary
1812.1284639186256,0.769839,0.0012146811,5674169,eclipsing_binary
1812.1298527519807,0.7700557,0.0012153271,5674169,eclipsing_binary
1812.1312415853358,0.7694614,0.0012159958,5674169,eclipsing_binary
1812.132630418691,0.7695036,0.0012127026,5674169,eclipsing_binary
1812.134019252046,0.768762,0.0012143417,5674169,eclipsing_binary
1812.1354080854012,0.768992,0.0012136562,5674169,eclipsing_binary
1812.1367969187563,0.76925075,0.0012171039,5674169,eclipsing_binary
1812.1381857525766,0.7689793,0.0012142368,5674169,eclipsing_binary
1812.1395745859318,0.7675555,0.0012157967,5674169,eclipsing_binary
1812.1409634192873,0.7667724,0.0012110167,5674169,eclipsing_binary
1812.1423522526427,0.7673627,0.0012124988,5674169,eclipsing_binary
1812.1437410859971,0.7669117,0.0012130034,5674169,eclipsing_binary
1812.1451299193518,0.7689544,0.0012181182,5674169,eclipsing_binary
1812.1465187527074,0.7680737,0.0012153351,5674169,eclipsing_binary
1812.1479075860634,0.7698831,0.0012128064,5674169,eclipsing_binary
1812.1492964194176,0.76821804,0.0012120501,5674169,eclipsing_binary
1812.1506852527723,0.77059364,0.001213458,5674169,eclipsing_binary
1812.1520740861274,0.77344173,0.0012155225,5674169,eclipsing_binary
1812.1534629194834,0.77981323,0.0012152405,5674169,eclipsing_binary
1812.1548517528386,0.7908984,0.001216051,5674169,eclipsing_binary
1812.1562405861928,0.800866,0.0012244353,5674169,eclipsing_binary
1812.157629419548,0.81370586,0.0012222998,5674169,eclipsing_binary
1812.159018252903,0.8263809,0.0012253175,5674169,eclipsing_binary
1812.1604070862584,0.839969,0.0012249651,5674169,eclipsing_binary
1812.1617959196137,0.8528599,0.001227586,5674169,eclipsing_binary
1812.1631847529688,0.8666738,0.0012329028,5674169,eclipsing_binary
1812.164573586324,0.8801164,0.0012312647,5674169,eclipsing_binary
1812.165962419679,0.89294827,0.0012380852,5674169,eclipsing_binary
1812.1673512530342,0.9062147,0.0012372097,5674169,eclipsing_binary
1812.1687400863893,0.91935617,0.0012408105,5674169,eclipsing_binary
1812.1701289197445,0.9321484,0.0012427289,5674169,eclipsing_binary
1812.1715177530991,0.94207686,0.0012498869,5674169,eclipsing_binary
1812.1729065864547,0.95417345,0.0012537129,5674169,eclipsing_binary
1812.1742954198107,0.9640259,0.0012479143,5674169,eclipsing_binary
1812.175684253165,0.9742688,0.0012506434,5674169,eclipsing_binary
1812.177073086054,0.98228174,0.0012499732,5674169,eclipsing_binary
1812.178461919409,0.99345994,0.0012513653,5674169,eclipsing_binary
1812.179850752765,0.9994348,0.0012518724,5674169,eclipsing_binary
1812.1812395861202,1.0064383,0.0012543951,5674169,eclipsing_binary
1812.1826284194744,1.0131679,0.0012548476,5674169,eclipsing_binary
1812.1840172528296,1.0199275,0.001257071,5674169,eclipsing_binary
1812.1854060861847,1.0264193,0.0012606159,5674169,eclipsing_binary
1812.18679491954,1.03326,0.0012619662,5674169,eclipsing_binary
1812.1881837528954,1.0394313,0.0012591972,5674169,eclipsing_binary
1812.1895725857848,1.0443124,0.0012614131,5674169,eclipsing_binary
1812.19096141914,1.050392,0.001262329,5674169,eclipsing_binary
1812.1923502524942,1.0555136,0.0012614734,5674169,eclipsing_binary
1812.1937390858493,1.0635684,0.0012637851,5674169,eclipsing_binary
1812.1951279192053,1.0684742,0.0012662851,5674169,eclipsing_binary
1812.1965167525605,1.0725713,0.0012650526,5674169,eclipsing_binary
1812.1979055854495,1.0786186,0.0012689908,5674169,eclipsing_binary
1812.1992944188037,1.0833489,0.0012651278,5674169,eclipsing_binary
1812.2006832521597,1.0889034,0.0012704579,5674169,eclipsing_binary
1812.2020720855153,1.0925024,0.001268865,5674169,eclipsing_binary
1812.20346091887,1.0957742,0.0012729694,5674169,eclipsing_binary
1812.2048497517587,1.100004,0.0012690048,5674169,eclipsing_binary
1812.206238585114,1.1039045,0.0012692744,5674169,eclipsing_binary
1812.2076274184697,1.1071676,0.0012710476,5674169,eclipsing_binary
1812.2090162518248,1.1088995,0.0012722907,5674169,eclipsing_binary
1812.2104050847138,1.1122785,0.0012699559,5674169,eclipsing_binary
1812.211793918069,1.113475,0.00126977,5674169,eclipsing_binary
1812.213182751424,1.1148335,0.0012736312,5674169,eclipsing_binary
1812.2145715847792,1.1185529,0.0012720793,5674169,eclipsing_binary
1812.2159604176686,1.118377,0.0012725821,5674169,eclipsing_binary
1812.2173492510237,1.1198301,0.0012741523,5674169,eclipsing_binary
1812.2187380843789,1.1206633,0.001277484,5674169,eclipsing_binary
1812.2201269172679,1.1200632,0.001270747,5674169,eclipsing_binary
1812.221515750623,1.1216556,0.0012730847,5674169,eclipsing_binary
1812.222904583979,1.1175724,0.0012721551,5674169,eclipsing_binary
1812.2242934168685,1.1180356,0.001273843,5674169,eclipsing_binary
1812.2256822502227,1.1170381,0.0012724646,5674169,eclipsing_binary
1812.2270710835774,1.113689,0.00127253,5674169,eclipsing_binary
1812.2284599164673,1.1131064,0.0012734833,5674169,eclipsing_binary
1812.2298487498233,1.1091162,0.0012705053,5674169,eclipsing_binary
1812.2312375831777,1.1068288,0.0012740331,5674169,eclipsing_binary
1812.2326264160674,1.1021959,0.0012763169,5674169,eclipsing_binary
1812.2340152494226,1.1000236,0.0012687363,5674169,eclipsing_binary
1812.2354040827777,1.0960348,0.0012698302,5674169,eclipsing_binary
1812.2367929156671,1.0931439,0.0012696254,5674169,eclipsing_binary
1812.2381817490223,1.087263,0.001265896,5674169,eclipsing_binary
1812.2395705823774,1.082224,0.0012671668,5674169,eclipsing_binary
1812.2409594152664,1.0769691,0.0012658027,5674169,eclipsing_binary
1812.2423482486215,1.0735328,0.0012640426,5674169,eclipsing_binary
1812.2437370815114,1.0653534,0.0012634414,5674169,eclipsing_binary
1812.2451259148665,1.0601304,0.0012631189,5674169,eclipsing_binary
1812.2465147482212,1.0532372,0.0012609859,5674169,eclipsing_binary
1812.2479035811098,1.0473557,0.0012625394,5674169,eclipsing_binary
1812.2492924144658,1.0412874,0.0012697261,5674169,eclipsing_binary
1812.2506812473562,1.0343313,0.0012571387,5674169,eclipsing_binary
1812.2520700807104,1.028608,0.0012582565,5674169,eclipsing_binary
1812.2534589135994,1.0206666,0.0012574182,5674169,eclipsing_binary
1812.2548477469545,1.0121324,0.0012582629,5674169,eclipsing_binary
1812.2562365798444,1.0050188,0.0012586109,5674169,eclipsing_binary
1812.2576254131998,0.9959197,0.0012524568,5674169,eclipsing_binary
1812.2590142460886,0.987392,0.0012500815,5674169,eclipsing_binary
1812.2604030794437,0.9779971,0.0012535551,5674169,eclipsing_binary
1812.2617919123331,0.9694762,0.0012492114,5674169,eclipsing_binary
1812.2631807456883,0.95785606,0.0012462982,5674169,eclipsing_binary
1812.2645695785777,0.9482862,0.001245962,5674169,eclipsing_binary
1812.265958411933,0.9371364,0.0012403104,5674169,eclipsing_binary
1812.2673472448228,0.9249924,0.0012378125,5674169,eclipsing_binary
1812.268736078177,0.9146303,0.001237176,5674169,eclipsing_binary
1812.2701249110664,0.9021431,0.0012365793,5674169,eclipsing_binary
1812.2715137444225,0.8887852,0.001233771,5674169,eclipsing_binary
1812.272902577312,0.87726516,0.0012329987,5674169,eclipsing_binary
1812.2742914106661,0.8646853,0.0012283842,5674169,eclipsing_binary
1812.2756802435551,0.85081404,0.0012302311,5674169,eclipsing_binary
1812.2770690769112,0.8368978,0.001228783,5674169,eclipsing_binary
1812.278457909801,0.8273068,0.0012227233,5674169,eclipsing_binary
1812.27984674269,0.8138174,0.0012254973,5674169,eclipsing_binary
1812.2812355760443,0.80236447,0.0012202006,5674169,eclipsing_binary
1812.2826244089338,0.7934635,0.0012189449,5674169,eclipsing_binary
1812.2840132422898,0.78509057,0.0012165798,5674169,eclipsing_binary
1812.2854020751793,0.78034365,0.0012160424,5674169,eclipsing_binary
1812.286790908534,0.7791147,0.001214206,5674169,eclipsing_binary
1812.2881797414234,0.7769675,0.0012163298,5674169,eclipsing_binary
1812.2895685743129,0.7756636,0.0012162221,5674169,eclipsing_binary
1812.290957407668,0.7751041,0.0012158068,5674169,eclipsing_binary
1812.2923462405581,0.7732746,0.0012149712,5674169,eclipsing_binary
1812.2937350734478,0.7724256,0.0012125756,5674169,eclipsing_binary
1812.295123906802,0.77396834,0.0012137404,5674169,eclipsing_binary
1812.296512739691,0.7729154,0.001216393,5674169,eclipsing_binary
1812.297901572581,0.77356297,0.0012144925,5674169,eclipsing_binary
1812.299290405937,0.77449197,0.0012150937,5674169,eclipsing_binary
1812.3006792388255,0.77377325,0.0012141783,5674169,eclipsing_binary
1812.3020680717145,0.7748634,0.0012155084,5674169,eclipsing_binary
1812.3034569050697,0.7746006,0.0012151627,5674169,eclipsing_binary
1812.30484573796,0.7773749,0.0012152472,5674169,eclipsing_binary
1812.3062345708495,0.7793033,0.0012173472,5674169,eclipsing_binary
1812.3076234042037,0.7811996,0.0012162046,5674169,eclipsing_binary
1812.3090122370932,0.78368187,0.0012208098,5674169,eclipsing_binary
1812.3104010699828,0.78808296,0.0012162887,5674169,eclipsing_binary
1812.3117899028725,0.794852,0.0012194442,5674169,eclipsing_binary
1812.3131787362277,0.80443347,0.0012207985,5674169,eclipsing_binary
1812.3145675691171,0.8159161,0.0012225775,5674169,eclipsing_binary
1812.3159564020066,0.8269083,0.0012308845,5674169,eclipsing_binary
1812.3173452348951,0.8399817,0.0012262533,5674169,eclipsing_binary
1812.3187340682503,0.85363144,0.0012294254,5674169,eclipsing_binary
1812.3201229011406,0.8661577,0.0012325834,5674169,eclipsing_binary
1812.32151173403,0.87839377,0.001238705,5674169,eclipsing_binary
1812.322900566919,0.89127576,0.0012339271,5674169,eclipsing_binary
1812.3242894002733,0.9027663,0.0012424233,5674169,eclipsing_binary
1812.3256782331637,0.91572446,0.0012391062,5674169,eclipsing_binary
1812.3270670660536,0.9279138,0.0012416142,5674169,eclipsing_binary
1812.3284558989426,0.93810207,0.0012425064,5674169,eclipsing_binary
1812.3298447318316,0.95092297,0.00124443,5674169,eclipsing_binary
1812.3312335651867,0.96046275,0.00124544,5674169,eclipsing_binary
1812.3326223980766,0.97147167,0.0012461082,5674169,eclipsing_binary
1812.334011230966,0.9798291,0.0012545682,5674169,eclipsing_binary
1812.335400063855,0.990151,0.0012538282,5674169,eclipsing_binary
1812.3367888967446,0.998974,0.0012535923,5674169,eclipsing_binary
1812.338177729634,1.0081638,0.0012564057,5674169,eclipsing_binary
1812.3395665629891,1.0147393,0.0012548988,5674169,eclipsing_binary
1812.3409553958786,1.0238115,0.0012602429,5674169,eclipsing_binary
1812.342344228768,1.0293252,0.0012574362,5674169,eclipsing_binary
1812.3437330616575,1.0370659,0.0012625,5674169,eclipsing_binary
1812.3451218945465,1.0456566,0.0012601592,5674169,eclipsing_binary
1812.346510727436,1.0509603,0.0012608083,5674169,eclipsing_binary
1812.3478995603264,1.0573647,0.0012667169,5674169,eclipsing_binary
1812.3492883932158,1.0642692,0.0012637388,5674169,eclipsing_binary
1812.3506772261044,1.0687432,0.0012630568,5674169,eclipsing_binary
1812.3520660594595,1.0739589,0.0012652331,5674169,eclipsing_binary
1812.3534548923499,1.0804217,0.0012661779,5674169,eclipsing_binary
1812.3548437252393,1.0848235,0.0012669587,5674169,eclipsing_binary
1812.3562325581283,1.089781,0.0012670235,5674169,eclipsing_binary
1812.3576213910178,1.0940328,0.0012687322,5674169,eclipsing_binary
1812.3590102239073,1.0983975,0.0012748078,5674169,eclipsing_binary
1812.3603990567967,1.1020942,0.0012711961,5674169,eclipsing_binary
1812.3617878896862,1.1052192,0.0012733382,5674169,eclipsing_binary
1812.3631767225756,1.1090326,0.00126982,5674169,eclipsing_binary
1812.364565555465,1.1102339,0.0012700472,5674169,eclipsing_binary
1812.365954388354,1.1153888,0.0012713533,5674169,eclipsing_binary
1812.3673432212436,1.1166722,0.0012718338,5674169,eclipsing_binary
1812.3687320541335,1.1173619,0.0012736507,5674169,eclipsing_binary
1812.370120887023,1.1191542,0.0012753289,5674169,eclipsing_binary
1812.371509719912,1.1216619,0.0012721479,5674169,eclipsing_binary
1812.3728985528007,1.1201013,0.0012732681,5674169,eclipsing_binary
1812.3742873856909,1.1212531,0.0012746883,5674169,eclipsing_binary
1812.3756762185812,1.1202672,0.001274581,5674169,eclipsing_binary
1812.3770650514698,1.1211603,0.0012748713,5674169,eclipsing_binary
1812.3784538843588,1.1220334,0.0012725712,5674169,eclipsing_binary
1812.3798427172483,1.1183075,0.0012729099,5674169,eclipsing_binary
1812.3812315501384,1.1175305,0.0012725488,5674169,eclipsing_binary
1812.382620383028,1.1170429,0.0012751118,5674169,eclipsing_binary
1812.3840092159166,1.1136725,0.0012717242,5674169,eclipsing_binary
1812.385398048806,1.110996,0.0012708879,5674169,eclipsing_binary
1812.3867868816956,1.1087238,0.0012708786,5674169,eclipsing_binary
1812.3881757141194,1.1060507,0.0012722629,5674169,eclipsing_binary
1812.3895645470088,1.1009687,0.0012709555,5674169,eclipsing_binary
1812.3909533798985,1.098846,0.0012692473,5674169,eclipsing_binary
1812.3923422127882,1.0936176,0.0012673585,5674169,eclipsing_binary
1812.3937310456768,1.088057,0.0012686963,5674169,eclipsing_binary
1812.3951198785662,1.0838242,0.0012674648,5674169,eclipsing_binary
1812.3965087114566,1.0801184,0.0012647705,5674169,eclipsing_binary
1812.397897544346,1.0732417,0.0012676732,5674169,eclipsing_binary
1812.3992863772348,1.0690014,0.0012670774,5674169,eclipsing_binary
1812.400675209658,1.0634041,0.0012669251,5674169,eclipsing_binary
1812.4020640425483,1.0573536,0.0012646919,5674169,eclipsing_binary
1812.4034528754382,1.0520853,0.0012610262,5674169,eclipsing_binary
1812.4048417083272,1.0468516,0.0012588726,5674169,eclipsing_binary
1812.4062305412167,1.0405611,0.0012617935,5674169,eclipsing_binary
1812.4076193741062,1.0353253,0.001257818,5674169,eclipsing_binary
1812.40900820653,1.0285404,0.0012651082,5674169,eclipsing_binary
1812.4103970394194,1.0209812,0.0012592849,5674169,eclipsing_binary
1812.4117858723089,1.0154549,0.0012542191,5674169,eclipsing_binary
1812.4131747051983,1.0095147,0.0012550129,5674169,eclipsing_binary
1812.4145635380874,1.0,0.0012541227,5674169,eclipsing_binary
1812.4159523705111,0.9942339,0.0012519461,5674169,eclipsing_binary
1812.4173412034013,0.9857057,0.0012520897,5674169,eclipsing_binary
1812.418730036291,0.9761067,0.0012500567,5674169,eclipsing_binary
1812.4201188691795,0.96661735,0.0012477848,5674169,eclipsing_binary
1812.4215077020685,0.9572386,0.0012445666,5674169,eclipsing_binary
1812.4228965344928,0.94603693,0.0012440853,5674169,eclipsing_binary
1812.4242853673832,0.93443996,0.001242953,5674169,eclipsing_binary
1812.425674200272,0.92222196,0.0012450838,5674169,eclipsing_binary
1812.4270630331607,0.91072994,0.001239513,5674169,eclipsing_binary
1812.4284518655845,0.8975834,0.0012377775,5674169,eclipsing_binary
1812.429840698475,0.88601184,0.0012381346,5674169,eclipsing_binary
1812.4312295313644,0.8716166,0.00123527,5674169,eclipsing_binary
1812.4326183637872,0.85852236,0.0012282637,5674169,eclipsing_binary
1812.434007196677,0.84391797,0.0012274146,5674169,eclipsing_binary
1812.4353960295666,0.83099985,0.0012241132,5674169,eclipsing_binary
1812.4367848619904,0.8185848,0.0012241413,5674169,eclipsing_binary
1812.4381736948799,0.8072567,0.0012213052,5674169,eclipsing_binary
1812.4395625277693,0.7960973,0.0012222022,5674169,eclipsing_binary
1812.4409513606588,0.78422254,0.0012184831,5674169,eclipsing_binary
1812.4423401930817,0.77598614,0.0012182901,5674169,eclipsing_binary
1812.4437290259714,0.77190334,0.0012165387,5674169,eclipsing_binary
1812.4451178588615,0.7722112,0.0012118892,5674169,eclipsing_binary
1812.4465066912853,0.7717298,0.001216131,5674169,eclipsing_binary
1812.4478955241743,0.7703837,0.0012130656,5674169,eclipsing_binary
1812.4492843565972,0.76875734,0.0012128319,5674169,eclipsing_binary
1812.4506731894876,0.7703167,0.0012128559,5674169,eclipsing_binary
1812.4520620223777,0.7685221,0.0012138704,5674169,eclipsing_binary
1812.4534508548008,0.7673066,0.0012124646,5674169,eclipsing_binary
1812.4548396876899,0.76749367,0.0012132692,5674169,eclipsing_binary
1812.4562285205793,0.76665133,0.0012152076,5674169,eclipsing_binary
1812.4576173530036,0.7684673,0.0012180721,5674169,eclipsing_binary
1812.459006185893,0.7677092,0.0012125695,5674169,eclipsing_binary
1812.460395018317,0.7685403,0.0012125815,5674169,eclipsing_binary
1812.4617838512067,0.76658726,0.00121414,5674169,eclipsing_binary
1812.4631726836296,0.7671763,0.0012127394,5674169,eclipsing_binary
1812.464561516519,0.76792306,0.0012180968,5674169,eclipsing_binary
1812.4659503494095,0.76734596,0.0012129401,5674169,eclipsing_binary
1812.4673391818333,0.7698182,0.001218686,5674169,eclipsing_binary
1812.4687280147218,0.7693805,0.0012139172,5674169,eclipsing_binary
1812.4701168471452,0.7730414,0.0012137674,5674169,eclipsing_binary
1812.4715056800355,0.77975315,0.0012168896,5674169,eclipsing_binary
1812.4728945124598,0.7897566,0.0012184643,5674169,eclipsing_binary
1812.4742833453488,0.7997971,0.001218731,5674169,eclipsing_binary
1812.4756721777717,0.8131933,0.0012251404,5674169,eclipsing_binary
1812.477061010662,0.82471263,0.001225391,5674169,eclipsing_binary
1812.4784498430865,0.8373174,0.0012245374,5674169,eclipsing_binary
1812.4798386759753,0.8510135,0.0012279259,5674169,eclipsing_binary
1812.4812275083987,0.8639317,0.0012296032,5674169,eclipsing_binary
1812.4826163412881,0.8794152,0.0012323674,5674169,eclipsing_binary
1812.4840051737124,0.8925047,0.0012363221,5674169,eclipsing_binary
1812.4853940066018,0.90311617,0.0012353949,5674169,eclipsing_binary
1812.4965046673883,0.98760873,0.0012507034,5674169,eclipsing_binary
1812.4978935002778,0.99770546,0.0012555139,5674169,eclipsing_binary
1812.4992823327025,1.003586,0.0012527136,5674169,eclipsing_binary
1812.5006711651263,1.0121495,0.0012608756,5674169,eclipsing_binary
1812.5020599980148,1.0180095,0.0012556444,5674169,eclipsing_binary
1812.5034488304382,1.0260268,0.001257451,5674169,eclipsing_binary
1812.5048376633283,1.0316867,0.001260075,5674169,eclipsing_binary
1812.5062264957528,1.0373309,0.0012621931,5674169,eclipsing_binary
1812.5076153281761,1.0427786,0.0012603113,5674169,eclipsing_binary
1812.5090041610647,1.0492892,0.0012635434,5674169,eclipsing_binary
1812.5103929934885,1.0537336,0.0012624229,5674169,eclipsing_binary
1812.5117818259132,1.0612348,0.0012627974,5674169,eclipsing_binary
1812.5131706588027,1.0649736,0.0012633806,5674169,eclipsing_binary
1812.5145594912265,1.0712032,0.0012661796,5674169,eclipsing_binary
1812.5159483236503,1.0765456,0.0012632825,5674169,eclipsing_binary
1812.5173371565393,1.0811279,0.0012669895,5674169,eclipsing_binary
1812.518725988963,1.0869844,0.001266321,5674169,eclipsing_binary
1812.5201148213873,1.0900495,0.001268064,5674169,eclipsing_binary
1812.5215036542768,1.0942993,0.001268975,5674169,eclipsing_binary
1812.5228924867001,1.0980998,0.0012715295,5674169,eclipsing_binary
1812.5242813191235,1.1019181,0.001270322,5674169,eclipsing_binary
1812.5256701520134,1.1056464,0.0012713745,5674169,eclipsing_binary
1812.527058984438,1.1066078,0.0012691815,5674169,eclipsing_binary
1812.528447816861,1.1102836,0.0012700008,5674169,eclipsing_binary
1812.5298366492843,1.1133257,0.001271679,5674169,eclipsing_binary
1812.5312254821738,1.1123091,0.0012772854,5674169,eclipsing_binary
1812.5326143145985,1.1165898,0.0012722589,5674169,eclipsing_binary
1812.5340031470223,1.1158001,0.0012725687,5674169,eclipsing_binary
1812.5353919794452,1.117124,0.0012735033,5674169,eclipsing_binary
1812.5367808123347,1.1183468,0.0012718227,5674169,eclipsing_binary
1812.5381696447585,1.1181495,0.0012739643,5674169,eclipsing_binary
1812.5395584771823,1.1176974,0.001271939,5674169,eclipsing_binary
1812.5409473096063,1.1169069,0.0012728393,5674169,eclipsing_binary
1812.542336142496,1.115628,0.0012774258,5674169,eclipsing_binary
1812.5437249749198,1.1138839,0.0012700567,5674169,eclipsing_binary
1812.5451138073427,1.1121224,0.0012723352,5674169,eclipsing_binary
1812.5465026397665,1.1114231,0.001272971,5674169,eclipsing_binary
1812.5478914721912,1.1076696,0.0012702579,5674169,eclipsing_binary
1812.5492803050806,1.105263,0.0012690037,5674169,eclipsing_binary
1812.550669137504,1.1007602,0.0012700846,5674169,eclipsing_binary
1812.5520579699269,1.0986538,0.0012716195,5674169,eclipsing_binary
1812.5534468023516,1.0943316,0.0012700444,5674169,eclipsing_binary
1812.5548356347758,1.0913825,0.0012673121,5674169,eclipsing_binary
1812.5562244671992,1.0863303,0.0012666056,5674169,eclipsing_binary
1812.557613299622,1.0823296,0.0012682306,5674169,eclipsing_binary
1812.5590021325118,1.076018,0.0012636465,5674169,eclipsing_binary
1812.5603909649362,1.0714988,0.001263247,5674169,eclipsing_binary
1812.56177979736,1.0642147,0.0012620928,5674169,eclipsing_binary
1812.5631686297838,1.0589291,0.0012626667,5674169,eclipsing_binary
1812.5645574622076,1.0530391,0.0012601011,5674169,eclipsing_binary
1812.565946294631,1.0475625,0.0012649462,5674169,eclipsing_binary
1812.5673351270548,1.0413607,0.0012600647,5674169,eclipsing_binary
1812.5687239594795,1.034004,0.0012578504,5674169,eclipsing_binary
1812.5701127919033,1.0270581,0.0012551324,5674169,eclipsing_binary
1812.5715016247918,1.0202115,0.0012571209,5674169,eclipsing_binary
1812.5728904572152,1.012719,0.0012559341,5674169,eclipsing_binary
1812.5742792896394,1.0030483,0.0012534277,5674169,eclipsing_binary
1812.5756681220641,0.995132,0.0012531334,5674169,eclipsing_binary
1812.5770569544875,0.98748577,0.0012555196,5674169,eclipsing_binary
1812.5784457869104,0.9779551,0.001249956,5674169,eclipsing_binary
1812.5798346193342,0.96975946,0.001253239,5674169,eclipsing_binary
1812.581223451759,0.95858365,0.0012438867,5674169,eclipsing_binary
1812.5840011166056,0.934311,0.0012450963,5674169,eclipsing_binary
1812.5853899490296,0.9266228,0.0012414734,5674169,eclipsing_binary
1812.5867787814536,0.9123979,0.0012431081,5674169,eclipsing_binary
1812.5881676138774,0.9032047,0.0012397126,5674169,eclipsing_binary
1812.5895564463012,0.88975334,0.0012343745,5674169,eclipsing_binary
1812.590945278725,0.8771889,0.0012349177,5674169,eclipsing_binary
1812.5923341111488,0.8640413,0.001230773,5674169,eclipsing_binary
1812.593722943572,0.8518685,0.0012328014,5674169,eclipsing_binary
1812.595111775996,0.8397743,0.0012267904,5674169,eclipsing_binary
1812.5965006084202,0.8263453,0.0012212739,5674169,eclipsing_binary
1812.597889440844,0.8143744,0.0012221569,5674169,eclipsing_binary
1812.5992782732674,0.8036766,0.0012187569,5674169,eclipsing_binary
1812.6006671056903,0.7915015,0.0012160665,5674169,eclipsing_binary
1812.602055938115,0.7858174,0.0012152637,5674169,eclipsing_binary
1812.6034447705397,0.7791885,0.0012204504,5674169,eclipsing_binary
1812.6048336029626,0.7790343,0.0012153751,5674169,eclipsing_binary
1812.606222435386,0.7765717,0.0012176462,5674169,eclipsing_binary
1812.607611267344,0.77441216,0.0012147028,5674169,eclipsing_binary
1812.6090000997683,0.7740707,0.0012147481,5674169,eclipsing_binary
1812.610388932192,0.77403,0.0012134657,5674169,eclipsing_binary
1812.6117777646161,0.7723449,0.0012137906,5674169,eclipsing_binary
1812.6131665970402,0.77212644,0.0012170908,5674169,eclipsing_binary
1812.614555429463,0.7725708,0.0012133832,5674169,eclipsing_binary
1812.6159442618869,0.77239764,0.0012126534,5674169,eclipsing_binary
1812.6173330943116,0.7736363,0.0012161043,5674169,eclipsing_binary
1812.6187219267354,0.77263606,0.0012170275,5674169,eclipsing_binary
1812.6201107586928,0.7746994,0.0012154925,5674169,eclipsing_binary
1812.621499591116,0.77498674,0.0012163521,5674169,eclipsing_binary
1812.6228884235406,0.778109,0.0012150804,5674169,eclipsing_binary
1812.624277255965,0.7802859,0.0012184554,5674169,eclipsing_binary
1812.6256660883882,0.7801418,0.0012182513,5674169,eclipsing_binary
1812.6270549208111,0.78317934,0.001214785,5674169,eclipsing_binary
1812.6284437532352,0.78561497,0.0012144324,5674169,eclipsing_binary
1812.629832585194,0.79630136,0.0012245747,5674169,eclipsing_binary
1812.6312214176178,0.8015522,0.0012180429,5674169,eclipsing_binary
1812.6326102500411,0.81314415,0.0012211087,5674169,eclipsing_binary
1812.633999082465,0.82688385,0.0012247859,5674169,eclipsing_binary
1812.6353879148887,0.83891803,0.0012254227,5674169,eclipsing_binary
1812.6367767468469,0.85130507,0.0012266218,5674169,eclipsing_binary
1812.6381655792707,0.8653233,0.0012294251,5674169,eclipsing_binary
1812.6395544116945,0.8760457,0.0012343836,5674169,eclipsing_binary
1812.6409432441183,0.8890367,0.0012400391,5674169,eclipsing_binary
1812.642332076076,0.9023845,0.0012363346,5674169,eclipsing_binary
1812.6437209084997,0.9125615,0.001240218,5674169,eclipsing_binary
1812.645109740924,0.925234,0.001240536,5674169,eclipsing_binary
1812.646498573348,0.93791777,0.00124302,5674169,eclipsing_binary
1812.6478874053055,0.9481506,0.0012489054,5674169,eclipsing_binary
1812.6492762377288,0.95859176,0.0012476402,5674169,eclipsing_binary
1812.650665070153,0.97098476,0.0012486702,5674169,eclipsing_binary
1812.6520539025778,0.9801116,0.0012505963,5674169,eclipsing_binary
1812.653442734535,0.9880965,0.0012500127,5674169,eclipsing_binary
1812.6548315669584,0.9978103,0.0012525179,5674169,eclipsing_binary
1812.6562203993822,1.0065473,0.0012561786,5674169,eclipsing_binary
1812.6576092313412,1.0145391,0.001254932,5674169,eclipsing_binary
1812.658998063765,1.021275,0.0012642891,5674169,eclipsing_binary
1812.6603868961888,1.0292709,0.0012576756,5674169,eclipsing_binary
1812.6617757286126,1.0361872,0.0012607744,5674169,eclipsing_binary
1812.6631645605698,1.0440515,0.0012658519,5674169,eclipsing_binary
1812.6645533929939,1.0503957,0.0012631931,5674169,eclipsing_binary
1812.6659422249527,1.0565839,0.0012643056,5674169,eclipsing_binary
1812.6673310573765,1.0619078,0.0012650198,5674169,eclipsing_binary
1812.6687198897998,1.0659915,0.0012628967,5674169,eclipsing_binary
1812.670108721757,1.0758159,0.0012671956,5674169,eclipsing_binary
1812.6714975541818,1.0786153,0.001267094,5674169,eclipsing_binary
1812.6728863866063,1.08408,0.0012695468,5674169,eclipsing_binary
1812.6742752185637,1.0864619,0.0012663323,5674169,eclipsing_binary
1812.675664050987,1.0935396,0.001269601,5674169,eclipsing_binary
1812.6770528834109,1.0971133,0.0012711124,5674169,eclipsing_binary
1812.6784417153694,1.0998983,0.0012713491,5674169,eclipsing_binary
1812.6798305477932,1.1047438,0.0012709823,5674169,eclipsing_binary
1812.681219379751,1.1088934,0.0012754399,5674169,eclipsing_binary
1812.6826082121747,1.1112409,0.0012722566,5674169,eclipsing_binary
1812.6839970445985,1.1144673,0.0012742383,5674169,eclipsing_binary
1812.6853858765567,1.1142248,0.0012717082,5674169,eclipsing_binary
1812.6867747089805,1.116509,0.0012739636,5674169,eclipsing_binary
1812.6881635409386,1.1197401,0.0012724707,5674169,eclipsing_binary
1812.6895523733624,1.1194535,0.0012756436,5674169,eclipsing_binary
1812.69094120532,1.1199358,0.001272633,5674169,eclipsing_binary
1812.692330037744,1.1208028,0.0012751872,5674169,eclipsing_binary
1812.693718869703,1.1206894,0.0012714927,5674169,eclipsing_binary
1812.6951077021267,1.1192825,0.0012735219,5674169,eclipsing_binary
1812.696496534084,1.1201153,0.0012782296,5674169,eclipsing_binary
1812.6978853665073,1.1187721,0.0012724496,5674169,eclipsing_binary
1812.6992741989318,1.1176605,0.0012778819,5674169,eclipsing_binary
1812.7006630308906,1.1157054,0.0012725603,5674169,eclipsing_binary
1812.702051863314,1.1130731,0.0012751555,5674169,eclipsing_binary
1812.703440695272,1.1109039,0.0012712941,5674169,eclipsing_binary
1812.7048295272302,1.1064678,0.0012736259,5674169,eclipsing_binary
1812.706218359654,1.1058593,0.0012704887,5674169,eclipsing_binary
1812.7076071916122,1.1025585,0.0012704078,5674169,eclipsing_binary
1812.708996024036,1.0980883,0.0012693629,5674169,eclipsing_binary
1812.710384855994,1.093232,0.0012720989,5674169,eclipsing_binary
1812.7117736884175,1.0904353,0.0012687624,5674169,eclipsing_binary
1812.7131625203756,1.0823451,0.0012654422,5674169,eclipsing_binary
1812.7145513527998,1.0797492,0.0012675707,5674169,eclipsing_binary
1812.715940184758,1.0750214,0.001264991,5674169,eclipsing_binary
1812.7173290171813,1.0697424,0.001265159,5674169,eclipsing_binary
1812.718717849139,1.0632019,0.0012635996,5674169,eclipsing_binary
1812.7201066810976,1.0589267,0.0012661052,5674169,eclipsing_binary
1812.7214955135223,1.0518996,0.0012654278,5674169,eclipsing_binary
1812.7228843454795,1.0493929,0.0012630404,5674169,eclipsing_binary
1812.724273177903,1.0401573,0.0012610459,5674169,eclipsing_binary
1812.72705084182,1.0279042,0.0012601477,5674169,eclipsing_binary
1812.7284396742439,1.0218049,0.0012577657,5674169,eclipsing_binary
1812.729828506201,1.0171701,0.0012585847,5674169,eclipsing_binary
1812.731217338625,1.0079597,0.0012545014,5674169,eclipsing_binary
1812.732606170583,1.0001466,0.0012531551,5674169,eclipsing_binary
1812.7339950025412,0.99255556,0.0012521636,5674169,eclipsing_binary
1812.7353838349652,0.98548144,0.0012526964,5674169,eclipsing_binary
1812.7367726669236,0.97663367,0.0012489891,5674169,eclipsing_binary
1812.7381614988817,0.96714854,0.001249365,5674169,eclipsing_binary
1812.7395503313046,0.95885265,0.001248122,5674169,eclipsing_binary
1812.7409391632627,0.9477774,0.0012462658,5674169,eclipsing_binary
1812.7423279952218,0.93404,0.0012413649,5674169,eclipsing_binary
1812.7437168276456,0.92442733,0.0012430403,5674169,eclipsing_binary
1812.7451056596033,0.9112671,0.0012392958,5674169,eclipsing_binary
1812.7464944915605,0.89968103,0.0012368114,5674169,eclipsing_binary
1812.7478833239852,0.88541245,0.0012387466,5674169,eclipsing_binary
1812.7492721559438,0.8729085,0.0012369402,5674169,eclipsing_binary
1812.7506609879015,0.85825527,0.0012304167,5674169,eclipsing_binary
1812.7520498203253,0.8459651,0.0012295484,5674169,eclipsing_binary
1812.7534386522834,0.83208805,0.0012255955,5674169,eclipsing_binary
1812.7548274842416,0.8178841,0.0012220399,5674169,eclipsing_binary
1812.7562163161997,0.80589414,0.0012196697,5674169,eclipsing_binary
1812.7576051486235,0.7967829,0.0012196155,5674169,eclipsing_binary
1812.7589939805816,0.7859791,0.0012172748,5674169,eclipsing_binary
1812.7603828125393,0.7769228,0.0012169319,5674169,eclipsing_binary
1812.7617716444975,0.77080905,0.0012151059,5674169,eclipsing_binary
1812.7631604769222,0.7702105,0.0012201393,5674169,eclipsing_binary
1812.7645493088803,0.7701568,0.0012137321,5674169,eclipsing_binary
1812.7659381408375,0.77024925,0.0012170705,5674169,eclipsing_binary
1812.7673269727952,0.76789,0.001216197,5674169,eclipsing_binary
1812.7687158047538,0.7681763,0.0012135799,5674169,eclipsing_binary
1812.7701046371785,0.76762,0.0012165944,5674169,eclipsing_binary
1812.7714934691362,0.7677614,0.0012154628,5674169,eclipsing_binary
1812.7728823010934,0.76984626,0.0012159192,5674169,eclipsing_binary
1812.7742711330516,0.76760143,0.0012179681,5674169,eclipsing_binary
1812.7756599650106,0.76585436,0.0012152275,5674169,eclipsing_binary
1812.7770487974344,0.76753616,0.0012182583,5674169,eclipsing_binary
1812.7784376293916,0.7667497,0.0012125531,5674169,eclipsing_binary
1812.77982646135,0.7683202,0.001212582,5674169,eclipsing_binary
1812.7812152933084,0.76863104,0.0012221818,5674169,eclipsing_binary
1812.7826041252665,0.76844096,0.0012144642,5674169,eclipsing_binary
1812.7839929572247,0.7663601,0.0012142753,5674169,eclipsing_binary
1812.7853817896485,0.7687613,0.0012160284,5674169,eclipsing_binary
1812.7867706216066,0.7679364,0.001217619,5674169,eclipsing_binary
1812.7881594535647,0.77133995,0.0012151262,5674169,eclipsing_binary
1812.7895482855229,0.77780104,0.0012188709,5674169,eclipsing_binary
1812.790937117481,0.7868234,0.0012166953,5674169,eclipsing_binary
1812.7923259494391,0.79611635,0.001218429,5674169,eclipsing_binary
1812.7937147813968,0.81088656,0.0012258583,5674169,eclipsing_binary
1812.7951036133554,0.8233691,0.0012235282,5674169,eclipsing_binary
1812.7964924453145,0.8351436,0.0012279872,5674169,eclipsing_binary
1812.7978812777378,0.8476337,0.0012285194,5674169,eclipsing_binary
1812.799270109695,0.8633082,0.0012307839,5674169,eclipsing_binary
1812.8006589416532,0.8761509,0.0012311165,5674169,eclipsing_binary
1812.8020477736122,0.8905755,0.0012354931,5674169,eclipsing_binary
1812.8034366055704,0.90392566,0.001236831,5674169,eclipsing_binary
1812.8048254375276,0.9155046,0.0012412934,5674169,eclipsing_binary
1812.806214269486,0.9269208,0.0012426522,5674169,eclipsing_binary
1812.8076031014443,0.9386661,0.0012435203,5674169,eclipsing_binary
1812.8089919334025,0.9502163,0.0012474499,5674169,eclipsing_binary
1812.8103807653606,0.9598465,0.0012484002,5674169,eclipsing_binary
1812.8117695973187,0.9694459,0.0012510734,5674169,eclipsing_binary
1812.8131584292769,0.97949207,0.0012518008,5674169,eclipsing_binary
1812.8145472612343,0.9864809,0.0012555129,5674169,eclipsing_binary
1812.8159360931927,0.9961513,0.0012540756,5674169,eclipsing_binary
1812.8173249251513,1.004809,0.0012568329,5674169,eclipsing_binary
1812.8187137571094,1.0095991,0.0012604456,5674169,eclipsing_binary
1812.8201025890671,1.0167235,0.0012560989,5674169,eclipsing_binary
1812.8214914210243,1.0242395,0.0012590373,5674169,eclipsing_binary
1812.8228802529834,1.0301948,0.0012640628,5674169,eclipsing_binary
1812.8242690849424,1.0359812,0.0012598064,5674169,eclipsing_binary
1812.8256579168997,1.0425595,0.0012607723,5674169,eclipsing_binary
1812.8270467488574,1.048543,0.0012643005,5674169,eclipsing_binary
1812.8284355808155,1.0539925,0.0012605396,5674169,eclipsing_binary
1812.829824412774,1.0594628,0.0012626039,5674169,eclipsing_binary
1812.8312132447322,1.066454,0.0012637655,5674169,eclipsing_binary
1812.83260207669,1.0707378,0.0012691725,5674169,eclipsing_binary
1812.833990908648,1.0741074,0.0012659252,5674169,eclipsing_binary
1812.8353797406062,1.0798486,0.0012707787,5674169,eclipsing_binary
1812.8367685725643,1.082738,0.0012689158,5674169,eclipsing_binary
1812.8381574040577,1.0899477,0.0012727904,5674169,eclipsing_binary
1812.8395462360158,1.0940521,0.0012705637,5674169,eclipsing_binary
1812.8409350679733,1.0975363,0.0012687335,5674169,eclipsing_binary
1812.8423238999308,1.09937,0.001269835,5674169,eclipsing_binary
1812.8437127318898,1.1037072,0.0012724895,5674169,eclipsing_binary
1812.8451015638484,1.1064113,0.0012731797,5674169,eclipsing_binary
1812.846490395806,1.1108934,0.0012770721,5674169,eclipsing_binary
1812.8478792277633,1.1118196,0.0012784625,5674169,eclipsing_binary
1812.8492680597217,1.1133927,0.0012713873,5674169,eclipsing_binary
1812.8506568912148,1.1145264,0.0012782845,5674169,eclipsing_binary
1812.852045723173,1.1162957,0.0012730046,5674169,eclipsing_binary
1812.8534345551307,1.1180444,0.0012738244,5674169,eclipsing_binary
1812.8548233870888,1.1180683,0.0012724209,5674169,eclipsing_binary
1812.856212219047,1.1151156,0.0012713788,5674169,eclipsing_binary
1812.857601051005,1.1192251,0.0012728628,5674169,eclipsing_binary
1812.8589898824976,1.1138958,0.0012709544,5674169,eclipsing_binary
1812.8603787144557,1.1149744,0.0012717003,5674169,eclipsing_binary
1812.8617675464138,1.1143156,0.0012754019,5674169,eclipsing_binary
1812.8631563783715,1.113201,0.0012744264,5674169,eclipsing_binary
1812.8645452103297,1.107131,0.0012733076,5674169,eclipsing_binary
1812.8659340422882,1.10792,0.0012713261,5674169,eclipsing_binary
1812.867322873781,1.1033145,0.0012730601,5674169,eclipsing_binary
1812.8687117057384,1.1009406,0.0012726613,5674169,eclipsing_binary
1812.870100537696,1.099445,0.0012715393,5674169,eclipsing_binary
1812.8714893696547,1.0934031,0.0012713317,5674169,eclipsing_binary
1812.872878201148,1.0902275,0.0012699645,5674169,eclipsing_binary
1812.8742670331053,1.0848933,0.0012664532,5674169,eclipsing_binary
1812.875655865063,1.0813535,0.0012671622,5674169,eclipsing_binary
1812.8770446970211,1.0757352,0.0012673796,5674169,eclipsing_binary
1812.8784335285145,1.0714946,0.0012668307,5674169,eclipsing_binary
1812.8798223604726,1.0651104,0.0012684709,5674169,eclipsing_binary
1812.8812111924308,1.0586343,0.0012664923,5674169,eclipsing_binary
1812.882600024389,1.0526694,0.0012629561,5674169,eclipsing_binary
1812.8839888558805,1.047333,0.0012633195,5674169,eclipsing_binary
1812.8853776878389,1.0409845,0.0012612693,5674169,eclipsing_binary
1812.8867665197977,1.0349667,0.0012636217,5674169,eclipsing_binary
1812.8881553512902,1.0274215,0.0012594479,5674169,eclipsing_binary
1812.8895441832478,1.0200775,0.0012593123,5674169,eclipsing_binary
1812.890933015205,1.0124018,0.0012553948,5674169,eclipsing_binary
1812.892321847164,1.0043507,0.0012554827,5674169,eclipsing_binary
1812.8937106786573,0.99681866,0.0012568005,5674169,eclipsing_binary
1812.8950995106147,0.98743534,0.0012572304,5674169,eclipsing_binary
1812.8964883425724,0.9775506,0.0012505064,5674169,eclipsing_binary
1812.897877174065,0.96860427,0.0012490292,5674169,eclipsing_binary
1812.8992660060235,0.96043617,0.0012466725,5674169,eclipsing_binary
1812.9006548379816,0.9485356,0.0012458132,5674169,eclipsing_binary
1812.9020436694736,0.93928456,0.0012440674,5674169,eclipsing_binary
1812.9034325014318,0.9270876,0.0012460432,5674169,eclipsing_binary
1812.9048213329243,0.91444093,0.0012438097,5674169,eclipsing_binary
1812.9062101648824,0.9028284,0.0012378807,5674169,eclipsing_binary
1812.9075989968405,0.8894263,0.0012349638,5674169,eclipsing_binary
1812.908987828333,0.8776647,0.001235024,5674169,eclipsing_binary
1812.9103766602911,0.86534095,0.0012308593,5674169,eclipsing_binary
1812.9117654922488,0.8542027,0.0012284725,5674169,eclipsing_binary
1812.9131543237413,0.83953935,0.0012258424,5674169,eclipsing_binary
1812.9159319871928,0.814184,0.0012262636,5674169,eclipsing_binary
1812.91732081915,0.8038605,0.0012212389,5674169,eclipsing_binary
1812.9187096511077,0.79348034,0.001223773,5674169,eclipsing_binary
1812.920098482601,0.78677887,0.0012183693,5674169,eclipsing_binary
1812.9214873145597,0.77998644,0.0012195497,5674169,eclipsing_binary
1812.9228761460517,0.7776025,0.0012156151,5674169,eclipsing_binary
1812.92426497801,0.7761158,0.0012168544,5674169,eclipsing_binary
1812.9256538095024,0.7742366,0.0012171692,5674169,eclipsing_binary
1812.9270426414605,0.77281094,0.0012164537,5674169,eclipsing_binary
1812.928431472953,0.77339655,0.0012153081,5674169,eclipsing_binary
1812.9298203049111,0.77266335,0.0012145062,5674169,eclipsing_binary
1812.9312091364036,0.7727604,0.0012145517,5674169,eclipsing_binary
1812.9325979683613,0.77161527,0.0012164989,5674169,eclipsing_binary
1812.9339867998538,0.7715142,0.0012154283,5674169,eclipsing_binary
1812.9353756318123,0.77209574,0.0012194683,5674169,eclipsing_binary
1812.9367644633048,0.772988,0.0012157038,5674169,eclipsing_binary
1812.9381532952625,0.77537525,0.0012184156,5674169,eclipsing_binary
1812.9395421267545,0.77558476,0.001214896,5674169,eclipsing_binary
1812.9409309587131,0.7765444,0.0012203172,5674169,eclipsing_binary
1812.9423197902065,0.7779856,0.0012207106,5674169,eclipsing_binary
1812.9437086221637,0.78018576,0.0012180845,5674169,eclipsing_binary
1812.9450974536558,0.7831658,0.0012210968,5674169,eclipsing_binary
1812.946486285614,0.78606355,0.0012228944,5674169,eclipsing_binary
1812.9478751171073,0.79232275,0.00122145,5674169,eclipsing_binary
1812.9492639490654,0.8031468,0.0012253982,5674169,eclipsing_binary
1812.950652780557,0.8135718,0.0012235282,5674169,eclipsing_binary
1812.9520416125151,0.82446325,0.0012236284,5674169,eclipsing_binary
1812.9534304440076,0.8370395,0.0012259309,5674169,eclipsing_binary
1812.9548192755,0.84885645,0.0012297529,5674169,eclipsing_binary
1812.9562081074585,0.86255854,0.0012317757,5674169,eclipsing_binary
1812.9575969389512,0.87564707,0.0012335115,5674169,eclipsing_binary
1812.9589857709093,0.8879,0.001236722,5674169,eclipsing_binary
1812.9603746024009,0.8997859,0.001238305,5674169,eclipsing_binary
1812.961763434359,0.9124965,0.0012385213,5674169,eclipsing_binary
1812.9631522658524,0.9239871,0.0012443227,5674169,eclipsing_binary
1812.9645410973449,0.9371734,0.0012467701,5674169,eclipsing_binary
1812.9659299293025,0.9462378,0.0012444254,5674169,eclipsing_binary
1812.967318760795,0.9576186,0.0012509394,5674169,eclipsing_binary
1812.968707592288,0.96809417,0.0012478168,5674169,eclipsing_binary
1812.970096424246,0.97730786,0.0012521138,5674169,eclipsing_binary
1812.9714852557381,0.9867271,0.0012503719,5674169,eclipsing_binary
1812.9728740876963,0.9956016,0.0012584128,5674169,eclipsing_binary
1812.9742629191887,1.0065635,0.0012557334,5674169,eclipsing_binary
1812.9756517506812,1.0133445,0.00125748,5674169,eclipsing_binary
1812.9770405826393,1.0201281,0.0012577439,5674169,eclipsing_binary
1812.9784294141318,1.0263304,0.0012592404,5674169,eclipsing_binary
1812.9798182456243,1.0360713,0.0012606956,5674169,eclipsing_binary
1812.981207077582,1.0419098,0.0012621902,5674169,eclipsing_binary
1812.9825959090745,1.0497813,0.001261147,5674169,eclipsing_binary
1812.9839847405678,1.0552102,0.0012617185,5674169,eclipsing_binary
1812.9853735720603,1.060372,0.0012660758,5674169,eclipsing_binary
1812.9867624040176,1.0669681,0.0012627419,5674169,eclipsing_binary
1812.9881512355096,1.0710956,0.001268007,5674169,eclipsing_binary
1812.9895400670025,1.0777272,0.0012670347,5674169,eclipsing_binary
1812.9909288989616,1.0830542,0.0012663427,5674169,eclipsing_binary
1812.9923177304536,1.0898222,0.0012692597,5674169,eclipsing_binary
1812.9937065619451,1.0920217,0.0012697995,5674169,eclipsing_binary
1812.9950953934376,1.0972649,0.0012728868,5674169,eclipsing_binary
1812.9964842253967,1.1017319,0.0012709829,5674169,eclipsing_binary
1812.9978730568891,1.1044936,0.0012755715,5674169,eclipsing_binary
1812.9992618883807,1.1076461,0.0012721913,5674169,eclipsing_binary
1813.0006507198734,1.1110107,0.0012708063,5674169,eclipsing_binary
1813.0020395518318,1.1136585,0.001272142,5674169,eclipsing_binary
1813.0034283833243,1.1157776,0.0012712105,5674169,eclipsing_binary
1813.0048172148172,1.1186243,0.0012826063,5674169,eclipsing_binary
1813.0062060463097,1.1185606,0.0012765607,5674169,eclipsing_binary
1813.0075948782674,1.1207055,0.0012788872,5674169,eclipsing_binary
1813.0089837097591,1.1208965,0.0012776067,5674169,eclipsing_binary
1813.0103725412523,1.1197164,0.0012756337,5674169,eclipsing_binary
1813.0117613727457,1.1215189,0.001276118,5674169,eclipsing_binary
1813.0131502042373,1.119064,0.0012735531,5674169,eclipsing_binary
1813.014539036195,1.1200339,0.0012726539,5674169,eclipsing_binary
1813.0159278676874,1.1180353,0.0012753608,5674169,eclipsing_binary
1813.0173166991806,1.1199733,0.0012722295,5674169,eclipsing_binary
1813.0187055306733,1.1157413,0.0012721483,5674169,eclipsing_binary
1813.0200943621649,1.1138046,0.0012765591,5674169,eclipsing_binary
1813.0214831936573,1.111942,0.0012722906,5674169,eclipsing_binary
1813.0228720256155,1.1078452,0.001271238,5674169,eclipsing_binary
1813.024260857108,1.1060612,0.0012738282,5674169,eclipsing_binary
1813.0256496886004,1.1025279,0.00127049,5674169,eclipsing_binary
1813.0270385200931,1.0985609,0.0012696596,5674169,eclipsing_binary
1813.0284273515858,1.0952487,0.0012720934,5674169,eclipsing_binary
1813.0298161830774,1.0897223,0.0012677477,5674169,eclipsing_binary
1813.0312050145699,1.0857899,0.0012718441,5674169,eclipsing_binary
1813.0325938460633,1.081828,0.0012680864,5674169,eclipsing_binary
1813.0339826780214,1.0763034,0.0012688997,5674169,eclipsing_binary
1813.0353715095132,1.0689508,0.0012665528,5674169,eclipsing_binary
1813.036760341005,1.0642687,0.0012693385,5674169,eclipsing_binary
1813.0381491724984,1.0594618,0.001263129,5674169,eclipsing_binary
1813.0395380039913,1.0532099,0.0012654308,5674169,eclipsing_binary
1813.0409268354833,1.0465752,0.001262923,5674169,eclipsing_binary
1813.042315666975,1.0428714,0.0012660506,5674169,eclipsing_binary
1813.0437044984676,1.035953,0.001260455,5674169,eclipsing_binary
1813.0450933299608,1.0306524,0.0012615202,5674169,eclipsing_binary
1813.0464821614532,1.0224686,0.0012574269,5674169,eclipsing_binary
1813.0478709929457,1.0173104,0.0012571242,5674169,eclipsing_binary
1813.0492598244382,1.0094585,0.0012553035,5674169,eclipsing_binary
1813.0506486559302,1.0031207,0.0012561511,5674169,eclipsing_binary
1813.0520374874227,0.9951589,0.0012536668,5674169,eclipsing_binary
1813.0534263189159,0.98571384,0.001254177,5674169,eclipsing_binary
1813.0548151504086,0.97952825,0.0012496765,5674169,eclipsing_binary
1813.0562039823658,0.96646166,0.0012486213,5674169,eclipsing_binary
1813.0575928138578,0.9591894,0.0012490595,5674169,eclipsing_binary
1813.0589816453507,0.9474767,0.0012430212,5674169,eclipsing_binary
1813.0603704768441,0.93850595,0.0012421622,5674169,eclipsing_binary
1813.061759308336,0.9254339,0.0012429818,5674169,eclipsing_binary
1813.0631481398277,0.91350657,0.0012394565,5674169,eclipsing_binary
1813.0645369713202,0.89850783,0.0012366315,5674169,eclipsing_binary
1813.065925802348,0.8876783,0.0012370158,5674169,eclipsing_binary
1813.0673146338404,0.8733732,0.0012379767,5674169,eclipsing_binary
1813.068703465332,0.86036485,0.0012301424,5674169,eclipsing_binary
1813.0700922968247,0.84731925,0.0012274332,5674169,eclipsing_binary
1813.0714811283174,0.8338586,0.001227984,5674169,eclipsing_binary
1813.0728699598099,0.8202134,0.0012252813,5674169,eclipsing_binary
1813.0742587913023,0.80984014,0.0012217757,5674169,eclipsing_binary
1813.0756476227948,0.79640514,0.001219953,5674169,eclipsing_binary
1813.0770364542873,0.78674054,0.0012189958,5674169,eclipsing_binary
1813.0784252857788,0.77902174,0.0012169727,5674169,eclipsing_binary
1813.0798141172716,0.773377,0.0012150226,5674169,eclipsing_binary
1813.0812029487647,0.7718657,0.0012196231,5674169,eclipsing_binary
1813.0825917802572,0.7710678,0.0012175051,5674169,eclipsing_binary
1813.0839806117492,0.76788014,0.0012131502,5674169,eclipsing_binary
1813.0853694432417,0.76914084,0.0012250656,5674169,eclipsing_binary
1813.0867582747346,0.7687721,0.0012185648,5674169,eclipsing_binary
1813.0881471057617,0.76867235,0.0012162763,5674169,eclipsing_binary
1813.0895359372535,0.76723754,0.0012142116,5674169,eclipsing_binary
1813.090924768746,0.76696527,0.0012129926,5674169,eclipsing_binary
1813.0923136002384,0.7673169,0.0012162175,5674169,eclipsing_binary
1813.093702431731,0.76696485,0.0012168639,5674169,eclipsing_binary
1813.0950912632234,0.7671317,0.0012175309,5674169,eclipsing_binary
1813.096480094716,0.76546323,0.0012146523,5674169,eclipsing_binary
1813.0978689262088,0.76632965,0.0012167818,5674169,eclipsing_binary
1813.0992577572356,0.76657456,0.0012128771,5674169,eclipsing_binary
1813.100646588728,0.7670779,0.0012135793,5674169,eclipsing_binary
1813.1020354202205,0.76627135,0.0012141592,5674169,eclipsing_binary
1813.103424251713,0.76732254,0.0012147413,5674169,eclipsing_binary
1813.1048130832046,0.76819646,0.0012161607,5674169,eclipsing_binary
1813.1062019146973,0.7696293,0.0012147721,5674169,eclipsing_binary
1813.1075907457248,0.77720386,0.0012169312,5674169,eclipsing_binary
1813.1089795772173,0.7853951,0.0012194237,5674169,eclipsing_binary
1813.1103684087093,0.7961308,0.0012224901,5674169,eclipsing_binary
1813.1117572402009,0.8069775,0.0012219187,5674169,eclipsing_binary
1813.1131460716942,0.8205447,0.0012233581,5674169,eclipsing_binary
1813.1145349027217,0.8328545,0.0012268343,5674169,eclipsing_binary
1813.1159237342135,0.84684885,0.0012322617,5674169,eclipsing_binary
1813.1173125657056,0.8612027,0.00123119,5674169,eclipsing_binary
1813.118701397198,0.87368506,0.0012333699,5674169,eclipsing_binary
1813.1200902282253,0.8871626,0.001237556,5674169,eclipsing_binary
1813.1214790597178,0.90058374,0.0012408749,5674169,eclipsing_binary
1813.1228678912105,0.91265047,0.0012444033,5674169,eclipsing_binary
1813.1242567227032,0.9249192,0.0012417414,5674169,eclipsing_binary
1813.125645553729,0.93771565,0.0012447579,5674169,eclipsing_binary
1813.1270343852216,0.94840705,0.0012447253,5674169,eclipsing_binary
1813.128423216715,0.9567851,0.001246753,5674169,eclipsing_binary
1813.1298120482074,0.9681432,0.0012495018,5674169,eclipsing_binary
1813.1312008792333,0.97514343,0.0012492734,5674169,eclipsing_binary
1813.1325897107254,0.98547035,0.0012551827,5674169,eclipsing_binary
1813.1339785422188,0.99396616,0.0012526904,5674169,eclipsing_binary
1813.1353673737117,1.0021459,0.0012561472,5674169,eclipsing_binary
1813.136756204738,1.0070246,0.0012593007,5674169,eclipsing_binary
1813.1381450362296,1.0169431,0.0012586035,5674169,eclipsing_binary
1813.139533867722,1.0213941,0.0012621118,5674169,eclipsing_binary
1813.1409226987498,1.0286429,0.0012589507,5674169,eclipsing_binary
1813.1423115302423,1.0352348,0.0012598375,5674169,eclipsing_binary
1813.1437003617343,1.0395435,0.0012601265,5674169,eclipsing_binary
1813.1450891927611,1.0458721,0.0012613977,5674169,eclipsing_binary
1813.1464780242536,1.0533698,0.0012644533,5674169,eclipsing_binary
1813.147866855746,1.058025,0.0012658989,5674169,eclipsing_binary
1813.149255686773,1.0646195,0.0012644768,5674169,eclipsing_binary
1813.1506445182654,1.068699,0.001268696,5674169,eclipsing_binary
1813.1520333497579,1.0743417,0.0012706192,5674169,eclipsing_binary
1813.1534221807842,1.0795052,0.0012680041,5674169,eclipsing_binary
1813.1548110122767,1.0837231,0.0012722336,5674169,eclipsing_binary
1813.1561998437696,1.0888447,0.0012685177,5674169,eclipsing_binary
1813.1575886747964,1.091974,0.0012743202,5674169,eclipsing_binary
1813.1589775062885,1.0970628,0.0012723231,5674169,eclipsing_binary
1813.1603663373153,1.1002339,0.0012761673,5674169,eclipsing_binary
1813.1617551688087,1.1023957,0.0012712107,5674169,eclipsing_binary
1813.1631440003011,1.1069418,0.0012720982,5674169,eclipsing_binary
1813.164532831327,1.108973,0.0012754267,5674169,eclipsing_binary
1813.1659216628195,1.1101643,0.0012727798,5674169,eclipsing_binary
1813.1673104938466,1.1138597,0.0012764274,5674169,eclipsing_binary
1813.1686993253393,1.1154428,0.0012733768,5674169,eclipsing_binary
1813.1700881568318,1.1141695,0.0012750259,5674169,eclipsing_binary
1813.1714769878586,1.1149493,0.0012755761,5674169,eclipsing_binary
1813.172865819351,1.1168761,0.0012727248,5674169,eclipsing_binary
1813.174254650377,1.117628,0.0012778973,5674169,eclipsing_binary
1813.1756434818694,1.1162797,0.0012729611,5674169,eclipsing_binary
1813.1770323128972,1.1161013,0.0012743126,5674169,eclipsing_binary
1813.1784211443896,1.1155611,0.0012727234,5674169,eclipsing_binary
1813.179809975416,1.1117585,0.001273573,5674169,eclipsing_binary
1813.1811988069076,1.1128588,0.001273314,5674169,eclipsing_binary
1813.182587638401,1.1100932,0.0012777763,5674169,eclipsing_binary
1813.1839764694282,1.108162,0.0012714107,5674169,eclipsing_binary
1813.1853653009202,1.1043369,0.0012713271,5674169,eclipsing_binary
1813.1867541319466,1.1028124,0.0012759134,5674169,eclipsing_binary
1813.188142963439,1.097183,0.0012696488,5674169,eclipsing_binary
1813.1895317944663,1.0947764,0.0012693005,5674169,eclipsing_binary
1813.1909206259588,1.089682,0.0012685971,5674169,eclipsing_binary
1813.1923094569852,1.085816,0.0012681002,5674169,eclipsing_binary
1813.1936982884777,1.0813396,0.0012674336,5674169,eclipsing_binary
1813.1950871195045,1.0756758,0.0012677727,5674169,eclipsing_binary
1813.196475950997,1.0705433,0.0012654834,5674169,eclipsing_binary
1813.1978647820247,1.0664147,0.001267672,5674169,eclipsing_binary
1813.1992536130515,1.0585754,0.0012653854,5674169,eclipsing_binary
1813.200642444543,1.0528377,0.0012633575,5674169,eclipsing_binary
1813.2020312755694,1.0466701,0.0012619509,5674169,eclipsing_binary
1813.2034201070626,1.0398573,0.0012605713,5674169,eclipsing_binary
1813.20480893809,1.0374928,0.0012630092,5674169,eclipsing_binary
1813.206197769582,1.027652,0.0012595872,5674169,eclipsing_binary
1813.207586600608,1.0207412,0.0012593385,5674169,eclipsing_binary
1813.2089754321005,1.0132455,0.0012559044,5674169,eclipsing_binary
1813.2103642631282,1.0056125,0.001256323,5674169,eclipsing_binary
1813.211753094155,0.9970266,0.0012574677,5674169,eclipsing_binary
1813.213141925647,0.9883802,0.0012522883,5674169,eclipsing_binary
1813.2145307566739,0.9789461,0.0012514354,5674169,eclipsing_binary
1813.2159195881663,0.97077584,0.0012494976,5674169,eclipsing_binary
1813.2173084191932,0.95887256,0.0012539161,5674169,eclipsing_binary
1813.21869725022,0.9494854,0.0012480346,5674169,eclipsing_binary
1813.2200860817125,0.93755263,0.0012438735,5674169,eclipsing_binary
1813.2214749127393,0.92655075,0.001244334,5674169,eclipsing_binary
1813.2228637442313,0.91558546,0.0012401313,5674169,eclipsing_binary
1813.224252575258,0.90445656,0.0012403447,5674169,eclipsing_binary
1813.2256414062854,0.893142,0.0012359095,5674169,eclipsing_binary
1813.2270302377779,0.87944585,0.0012376697,5674169,eclipsing_binary
1813.2284190688042,0.86546946,0.0012364124,5674169,eclipsing_binary
1813.2298078998303,0.8538663,0.001229952,5674169,eclipsing_binary
1813.2311967313235,0.83972144,0.0012289607,5674169,eclipsing_binary
1813.2325855623512,0.8272573,0.0012284052,5674169,eclipsing_binary
1813.2339743933771,0.8176343,0.001223364,5674169,eclipsing_binary
1813.2353632248696,0.8057851,0.0012242825,5674169,eclipsing_binary
1813.2367520558964,0.7953305,0.0012189851,5674169,eclipsing_binary
1813.2381408869235,0.78631335,0.0012183508,5674169,eclipsing_binary
1813.2395297184162,0.78067756,0.0012164356,5674169,eclipsing_binary
1813.240918549443,0.7787247,0.0012170745,5674169,eclipsing_binary
1813.2423073804698,0.7755083,0.0012175492,5674169,eclipsing_binary
1813.2436962119614,0.7749143,0.0012166203,5674169,eclipsing_binary
1813.2450850429882,0.7735735,0.0012192002,5674169,eclipsing_binary
1813.246473874016,0.7732046,0.0012170089,5674169,eclipsing_binary
1813.2478627055084,0.77291113,0.0012162729,5674169,eclipsing_binary
1813.2492515365348,0.7721147,0.001215876,5674169,eclipsing_binary
1813.2506403675607,0.7714438,0.0012199858,5674169,eclipsing_binary
1813.2520291985884,0.77198595,0.0012154067,5674169,eclipsing_binary
1813.2534180300813,0.7731104,0.0012145109,5674169,eclipsing_binary
1813.2548068611077,0.77360463,0.001215183,5674169,eclipsing_binary
1813.2561956921338,0.77653545,0.0012181731,5674169,eclipsing_binary
1813.2575845231609,0.77586687,0.0012196252,5674169,eclipsing_binary
1813.2589733546538,0.77721256,0.0012179785,5674169,eclipsing_binary
1813.2603621856806,0.779156,0.0012215961,5674169,eclipsing_binary
1813.261751016707,0.7804167,0.0012197195,5674169,eclipsing_binary
1813.2631398477338,0.7825781,0.0012161213,5674169,eclipsing_binary
1813.2645286792263,0.78651935,0.0012169037,5674169,eclipsing_binary
1813.265917510253,0.7918169,0.0012176931,5674169,eclipsing_binary
1813.26730634128,0.802993,0.001224147,5674169,eclipsing_binary
1813.2686951723067,0.8129294,0.0012289394,5674169,eclipsing_binary
1813.2700840033335,0.82388777,0.0012261259,5674169,eclipsing_binary
1813.2714728348255,0.83467245,0.0012267333,5674169,eclipsing_binary
1813.272861665853,0.8489527,0.0012297011,5674169,eclipsing_binary
1813.2742504968805,0.86258537,0.0012327367,5674169,eclipsing_binary
1813.275639327907,0.8756815,0.0012359313,5674169,eclipsing_binary
1813.2770281589328,0.8891046,0.0012358666,5674169,eclipsing_binary
1813.2784169904253,0.900876,0.0012404439,5674169,eclipsing_binary
1813.279805821453,0.9120067,0.0012407153,5674169,eclipsing_binary
1813.2811946524798,0.9262361,0.0012431819,5674169,eclipsing_binary
1813.282583483506,0.9363737,0.0012480138,5674169,eclipsing_binary
1813.283972314533,0.94729227,0.0012475199,5674169,eclipsing_binary
1813.2853611455598,0.95740956,0.0012485592,5674169,eclipsing_binary
1813.2867499770523,0.9670771,0.0012521248,5674169,eclipsing_binary
1813.288138808079,0.9786838,0.0012565264,5674169,eclipsing_binary
1813.289527639106,0.9882434,0.0012607743,5674169,eclipsing_binary
1813.2909164701327,0.9967784,0.0012533361,5674169,eclipsing_binary
1813.292305301159,1.0063366,0.0012597037,5674169,eclipsing_binary
1813.293694132186,1.0129703,0.0012592446,5674169,eclipsing_binary
1813.2950829632132,1.0219204,0.0012593702,5674169,eclipsing_binary
1813.29647179424,1.0286616,0.0012627768,5674169,eclipsing_binary
1813.2978606252664,1.0367049,0.0012616612,5674169,eclipsing_binary
1813.299249456758,1.0417272,0.0012621427,5674169,eclipsing_binary
1813.3006382877857,1.0489905,0.0012608853,5674169,eclipsing_binary
1813.3020271188134,1.0559067,0.0012679922,5674169,eclipsing_binary
1813.3034159498393,1.0618515,0.0012637238,5674169,eclipsing_binary
1813.304804780866,1.0679159,0.001267125,5674169,eclipsing_binary
1813.306193611893,1.0731838,0.0012662305,5674169,eclipsing_binary
1813.3075824429197,1.0800306,0.0012693238,5674169,eclipsing_binary
1813.3089712739468,1.0838363,0.0012705103,5674169,eclipsing_binary
1813.3103601049738,1.0890187,0.0012696261,5674169,eclipsing_binary
1813.3117489360006,1.0931686,0.0012715978,5674169,eclipsing_binary
1813.3131377670265,1.0986925,0.0012741823,5674169,eclipsing_binary
1813.3145265980534,1.1020443,0.0012758817,5674169,eclipsing_binary
1813.315915429081,1.104269,0.0012714772,5674169,eclipsing_binary
1813.317304260108,1.1104032,0.00127486,5674169,eclipsing_binary
1813.3186930911343,1.1114191,0.0012769923,5674169,eclipsing_binary
1813.3200819226258,1.114205,0.0012743511,5674169,eclipsing_binary
1813.3214707536536,1.1179739,0.0012744308,5674169,eclipsing_binary
1813.325637246733,1.119227,0.0012748305,5674169,eclipsing_binary
1813.3270260777601,1.121637,0.0012766524,5674169,eclipsing_binary
1813.3298037398145,1.122138,0.0012754714,5674169,eclipsing_binary
1813.3311925708408,1.1220847,0.0012772975,5674169,eclipsing_binary
1813.3325814018676,1.1225089,0.0012787083,5674169,eclipsing_binary
1813.3339702328944,1.1212133,0.0012761126,5674169,eclipsing_binary
1813.3353590634556,1.118793,0.0012753254,5674169,eclipsing_binary
1813.3367478944824,1.1200721,0.0012774238,5674169,eclipsing_binary
1813.339525556536,1.1128349,0.0012774265,5674169,eclipsing_binary
1813.3409143875624,1.1098946,0.0012748978,5674169,eclipsing_binary
1813.3450808806438,1.1002656,0.0012718049,5674169,eclipsing_binary
1813.3478585426965,1.0899245,0.0012702756,5674169,eclipsing_binary
1813.3492473737242,1.0848175,0.0012709143,5674169,eclipsing_binary
1813.350636204751,1.0817599,0.0012699658,5674169,eclipsing_binary
1813.352025035777,1.076107,0.0012782041,5674169,eclipsing_binary
1813.353413866804,1.070172,0.0012671126,5674169,eclipsing_binary
1813.354802697831,1.0649446,0.0012655882,5674169,eclipsing_binary
1813.3561915288578,1.0619661,0.001264525,5674169,eclipsing_binary
1813.3589691904458,1.0483465,0.0012640813,5674169,eclipsing_binary
1813.3631356835258,1.0298584,0.0012633,5674169,eclipsing_binary
1813.364524514553,1.0235975,0.0012591339,5674169,eclipsing_binary
1813.3659133455799,1.0151801,0.0012577212,5674169,eclipsing_binary
1813.3673021766062,1.010138,0.0012601669,5674169,eclipsing_binary
1813.3686910071665,1.002464,0.0012576996,5674169,eclipsing_binary
1813.3700798381942,0.99481356,0.0012579116,5674169,eclipsing_binary
1813.371468669222,0.98826844,0.0012569674,5674169,eclipsing_binary
1813.3728575002478,0.9786251,0.001254475,5674169,eclipsing_binary
1813.3742463312747,0.96880436,0.0012498694,5674169,eclipsing_binary
1813.3756351623015,0.9595002,0.0012473165,5674169,eclipsing_binary
1813.3770239928626,0.9492324,0.0012468278,5674169,eclipsing_binary
1813.3784128238894,0.94008434,0.0012468139,5674169,eclipsing_binary
1813.3798016549165,0.92560047,0.0012420875,5674169,eclipsing_binary
1813.3867458095851,0.86293197,0.0012325272,5674169,eclipsing_binary
1813.3895234716374,0.8351684,0.0012282968,5674169,eclipsing_binary
1813.3909123021995,0.82235163,0.0012240795,5674169,eclipsing_binary
1813.3923011332267,0.80991703,0.0012279246,5674169,eclipsing_binary
1813.393689964253,0.79834646,0.0012260485,5674169,eclipsing_binary
1813.395078795279,0.7878544,0.0012189064,5674169,eclipsing_binary
1813.3964676263058,0.78015506,0.0012198881,5674169,eclipsing_binary
1813.3978564568679,0.7737871,0.0012168268,5674169,eclipsing_binary
1813.3992452878947,0.7708275,0.0012158602,5674169,eclipsing_binary
1813.400634118921,0.77032214,0.0012188406,5674169,eclipsing_binary
1813.4020229499479,0.7696322,0.0012154062,5674169,eclipsing_binary
1813.403411780509,0.76937747,0.0012185117,5674169,eclipsing_binary
1813.4048006115358,0.76790684,0.0012169154,5674169,eclipsing_binary
1813.4061894425627,0.76823837,0.0012170421,5674169,eclipsing_binary
1813.4089671041506,0.76893854,0.0012221424,5674169,eclipsing_binary
1813.4103559351774,0.7678316,0.0012175548,5674169,eclipsing_binary
1813.4117447662052,0.7670584,0.0012173353,5674169,eclipsing_binary
1813.4131335967663,0.7658715,0.0012174721,5674169,eclipsing_binary
1813.4145224277925,0.76742244,0.0012179288,5674169,eclipsing_binary
1813.4159112588186,0.76709574,0.0012162088,5674169,eclipsing_binary
1813.4173000893807,0.7664742,0.0012164955,5674169,eclipsing_binary
1813.418688920408,0.76696527,0.001216507,5674169,eclipsing_binary
1813.4200777514343,0.766942,0.0012251177,5674169,eclipsing_binary
1813.4214665824602,0.7672538,0.001220329,5674169,eclipsing_binary
1813.4228554130214,0.7695022,0.001221905,5674169,eclipsing_binary
1813.424244244049,0.7699435,0.001216174,5674169,eclipsing_binary
1813.425633075076,0.7757256,0.0012183203,5674169,eclipsing_binary
1813.4270219056366,0.78524786,0.0012203171,5674169,eclipsing_binary
1813.4284107366634,0.794368,0.0012204892,5674169,eclipsing_binary
1813.4297995676902,0.80753475,0.0012253209,5674169,eclipsing_binary
1813.4311883982514,0.81943446,0.0012248183,5674169,eclipsing_binary
1813.4325772292782,0.8312386,0.0012293678,5674169,eclipsing_binary
1813.4339660598393,0.8438187,0.001231473,5674169,eclipsing_binary
1813.4353548908662,0.859783,0.001238642,5674169,eclipsing_binary
1813.4367437218925,0.8712936,0.0012352944,5674169,eclipsing_binary
1813.4381325524537,0.8853446,0.001240394,5674169,eclipsing_binary
1813.439521383481,0.8975603,0.0012370505,5674169,eclipsing_binary
1813.440910214508,0.9117177,0.0012437914,5674169,eclipsing_binary
1813.4422990450685,0.9239767,0.0012454428,5674169,eclipsing_binary
1813.4436878760953,0.9341741,0.0012460232,5674169,eclipsing_binary
1813.4450767066573,0.9470433,0.0012477086,5674169,eclipsing_binary
1813.4464655376842,0.9572892,0.0012483854,5674169,eclipsing_binary
1813.44785436871,0.9677006,0.0012507054,5674169,eclipsing_binary
1813.4492431992712,0.9760171,0.0012556034,5674169,eclipsing_binary
1813.4506320302983,0.9849319,0.0012575354,5674169,eclipsing_binary
1813.4520208608596,0.99663144,0.0012543051,5674169,eclipsing_binary
1813.4534096918865,1.0004592,0.0012565466,5674169,eclipsing_binary
1813.4547985229133,1.0090076,0.0012572991,5674169,eclipsing_binary
1813.4561873534744,1.0144281,0.001261786,5674169,eclipsing_binary
1813.4575761845003,1.0220952,0.0012601858,5674169,eclipsing_binary
1813.4589650150617,1.0286072,0.001260324,5674169,eclipsing_binary
1813.4603538460892,1.0335854,0.001264536,5674169,eclipsing_binary
1813.4617426766504,1.0382712,0.0012607657,5674169,eclipsing_binary
1813.4631315076767,1.044932,0.001262939,5674169,eclipsing_binary
1813.464520338237,1.0503844,0.0012648858,5674169,eclipsing_binary
1813.4659091692647,1.0573494,0.0012671141,5674169,eclipsing_binary
1813.4672979998265,1.0619931,0.0012670005,5674169,eclipsing_binary
1813.4686868308527,1.0696908,0.001268083,5674169,eclipsing_binary
1813.4700756614134,1.0744553,0.0012689562,5674169,eclipsing_binary
1813.4714644924402,1.0774778,0.0012711637,5674169,eclipsing_binary
1813.4728533234675,1.0836508,0.0012688822,5674169,eclipsing_binary
1813.4742421540286,1.0892563,0.0012712952,5674169,eclipsing_binary
1813.4756309850554,1.0915884,0.0012714494,5674169,eclipsing_binary
1813.4770198156168,1.0948141,0.0012725502,5674169,eclipsing_binary
1813.478408646643,1.0984882,0.0012728652,5674169,eclipsing_binary
1813.479797477204,1.1026969,0.001271892,5674169,eclipsing_binary
1813.4811863082318,1.106041,0.0012724046,5674169,eclipsing_binary
1813.482575138793,1.1074605,0.0012745043,5674169,eclipsing_binary
1813.4839639693532,1.110107,0.0012779318,5674169,eclipsing_binary
1813.4853528003796,1.1122671,0.0012729439,5674169,eclipsing_binary
1813.4867416309417,1.1155509,0.0012757418,5674169,eclipsing_binary
1813.488130461969,1.1148163,0.0012741708,5674169,eclipsing_binary
1813.4895192925296,1.1189433,0.0012748155,5674169,eclipsing_binary
1813.4909081235555,1.1179997,0.001275669,5674169,eclipsing_binary
1813.4922969541167,1.1173985,0.0012765374,5674169,eclipsing_binary
1813.4936857851444,1.1157122,0.0012778788,5674169,eclipsing_binary
1813.4950746157056,1.117436,0.0012808306,5674169,eclipsing_binary
1813.496463446732,1.1148567,0.0012763878,5674169,eclipsing_binary
1813.497852277293,1.1135185,0.0012749888,5674169,eclipsing_binary
1813.4992411078542,1.1111236,0.0012724128,5674169,eclipsing_binary
1813.500629938881,1.1100894,0.0012748541,5674169,eclipsing_binary
1813.5020187694422,1.1082567,0.0012730522,5674169,eclipsing_binary
1813.503407600469,1.1059133,0.0012775187,5674169,eclipsing_binary
1813.5047964310302,1.1022158,0.0012760543,5674169,eclipsing_binary
1813.5061852620565,1.0989445,0.0012731194,5674169,eclipsing_binary
1813.5075740926181,1.0945117,0.0012726767,5674169,eclipsing_binary
1813.5089629231802,1.0898998,0.001274085,5674169,eclipsing_binary
1813.510351754206,1.0870098,0.001274408,5674169,eclipsing_binary
1813.5145182463557,1.0658479,0.00126812,5674169,eclipsing_binary
1813.5159070769168,1.0629059,0.0012672271,5674169,eclipsing_binary
1813.518684738504,1.0558511,0.0012662192,5674169,eclipsing_binary
1813.520073569065,1.0484427,0.0012645039,5674169,eclipsing_binary
1813.521462400092,1.0410461,0.0012639033,5674169,eclipsing_binary
1813.5228512306535,1.0352588,0.0012633606,5674169,eclipsing_binary
1813.5242400612146,1.0294118,0.0012634825,5674169,eclipsing_binary
1813.5256288922415,1.0217451,0.0012600377,5674169,eclipsing_binary
1813.5270177228017,1.0130794,0.0012627721,5674169,eclipsing_binary
1813.5284065538285,1.0074564,0.0012563181,5674169,eclipsing_binary
1813.5297953843906,0.9977372,0.0012577182,5674169,eclipsing_binary
1813.5311842149517,0.98893696,0.0012539577,5674169,eclipsing_binary
1813.532573045978,0.97920203,0.0012519883,5674169,eclipsing_binary
1813.5339618765383,0.9712287,0.0012516164,5674169,eclipsing_binary
1813.5353507071004,0.959373,0.0012503761,5674169,eclipsing_binary
1813.536739537662,0.9495435,0.0012488755,5674169,eclipsing_binary
1813.5381283686884,0.94009346,0.0012498099,5674169,eclipsing_binary
1813.539517199249,0.92806214,0.0012440245,5674169,eclipsing_binary
1813.5409060298102,0.91651374,0.0012428623,5674169,eclipsing_binary
1813.5422948608375,0.9049574,0.0012402366,5674169,eclipsing_binary
1813.5436836913987,0.89291865,0.0012432722,5674169,eclipsing_binary
1813.5450725219598,0.8815659,0.0012364798,5674169,eclipsing_binary
1813.5464613529866,0.866426,0.0012330493,5674169,eclipsing_binary
1813.5478501835473,0.85347,0.0012317249,5674169,eclipsing_binary
1813.5506278446705,0.8297718,0.0012293317,5674169,eclipsing_binary
1813.5520166756974,0.81761026,0.0012265703,5674169,eclipsing_binary
1813.5534055062576,0.8069282,0.001223806,5674169,eclipsing_binary
1813.5547943368183,0.79414195,0.00122098,5674169,eclipsing_binary
1813.5561831673801,0.78583145,0.0012189533,5674169,eclipsing_binary
1813.5575719984076,0.7810309,0.0012207839,5674169,eclipsing_binary
1813.5589608289683,0.77815306,0.0012176073,5674169,eclipsing_binary
1813.5603496595286,0.7767072,0.0012181073,5674169,eclipsing_binary
1813.5617384900897,0.7748213,0.0012186541,5674169,eclipsing_binary
1813.5631273211175,0.772604,0.0012166814,5674169,eclipsing_binary
1813.5645161516786,0.773373,0.0012195938,5674169,eclipsing_binary
1813.5659049822393,0.77164924,0.0012167618,5674169,eclipsing_binary
1813.5672938128005,0.77157074,0.0012181732,5674169,eclipsing_binary
1813.5686826438273,0.7710375,0.0012194971,5674169,eclipsing_binary
1813.5700714743884,0.7729852,0.0012187768,5674169,eclipsing_binary
1813.5714603049496,0.77244276,0.0012182036,5674169,eclipsing_binary
1813.5728491355108,0.7738321,0.0012165672,5674169,eclipsing_binary
1813.574237966072,0.7739078,0.0012175071,5674169,eclipsing_binary
1813.5756267970983,0.7755303,0.0012177204,5674169,eclipsing_binary
1813.5770156276599,0.776172,0.0012179876,5674169,eclipsing_binary
1813.578404458222,0.77642566,0.0012197135,5674169,eclipsing_binary
1813.5797932887822,0.7789023,0.0012206313,5674169,eclipsing_binary
1813.5839597809318,0.79224896,0.0012239085,5674169,eclipsing_binary
1813.585348611493,0.7993756,0.0012232604,5674169,eclipsing_binary
1813.5867374420532,0.81184024,0.001230772,5674169,eclipsing_binary
1813.5881262726143,0.82280636,0.0012342589,5674169,eclipsing_binary
1813.5895151031755,0.83733904,0.0012283991,5674169,eclipsing_binary
1813.5909039342025,0.8471801,0.0012294127,5674169,eclipsing_binary
1813.592292764764,0.859394,0.0012376979,5674169,eclipsing_binary
1813.593681595325,0.87334734,0.00123491,5674169,eclipsing_binary
1813.6034034097174,0.9571921,0.0012516708,5674169,eclipsing_binary
1813.6047922402795,0.9678818,0.0012524357,5674169,eclipsing_binary
1813.606181070841,0.9764083,0.0012527169,5674169,eclipsing_binary
1813.6075699014018,0.9863007,0.0012570663,5674169,eclipsing_binary
1813.608958731963,0.99573886,0.0012557105,5674169,eclipsing_binary
1813.610347562524,1.0057547,0.0012566061,5674169,eclipsing_binary
1813.6117363930853,1.0134467,0.0012600508,5674169,eclipsing_binary
1813.613125224112,1.0195903,0.0012588364,5674169,eclipsing_binary
1813.6145140546732,1.0289388,0.0012666107,5674169,eclipsing_binary
1813.6159028852344,1.0362316,0.0012651093,5674169,eclipsing_binary
1813.617291715795,1.0419285,0.0012648988,5674169,eclipsing_binary
1813.6186805463562,1.0478487,0.0012657738,5674169,eclipsing_binary
1813.6200693769183,1.0549015,0.0012677489,5674169,eclipsing_binary
1813.6214582074795,1.0613902,0.0012659247,5674169,eclipsing_binary
1813.6228470380397,1.0662769,0.0012675703,5674169,eclipsing_binary
1813.6242358686004,1.0692952,0.0012684214,5674169,eclipsing_binary
1813.6256246991622,1.0803332,0.0012720075,5674169,eclipsing_binary
1813.627013529724,1.0835828,0.001270871,5674169,eclipsing_binary
1813.6284023602848,1.0873365,0.0012691141,5674169,eclipsing_binary
1813.629791190845,1.0928044,0.0012712287,5674169,eclipsing_binary
1813.6311800214062,1.0986881,0.0012745227,5674169,eclipsing_binary
1813.6325688519682,1.1023498,0.0012737308,5674169,eclipsing_binary
1813.6339576825294,1.1054078,0.0012763136,5674169,eclipsing_binary
1813.6353465135555,1.107612,0.0012744524,5674169,eclipsing_binary
1813.636735344117,1.1114446,0.0012792469,5674169,eclipsing_binary
1813.638124174678,1.113475,0.0012755152,5674169,eclipsing_binary
1813.6395130052392,1.115514,0.0012789033,5674169,eclipsing_binary
1813.6409018358008,1.1181201,0.0012761866,5674169,eclipsing_binary
1813.642290666362,1.1195905,0.0012796026,5674169,eclipsing_binary
1813.6436794969227,1.1200728,0.0012775598,5674169,eclipsing_binary
1813.6450683274832,1.1215359,0.0012813291,5674169,eclipsing_binary
1813.646457158045,1.1229737,0.0012777623,5674169,eclipsing_binary
1813.647845988607,1.121683,0.0012764172,5674169,eclipsing_binary
1813.6492348191673,1.1224736,0.001278378,5674169,eclipsing_binary
1813.650623649728,1.1206297,0.0012790506,5674169,eclipsing_binary
1813.6520124802892,1.1213319,0.0012802648,5674169,eclipsing_binary
1813.653401310851,1.1167374,0.0012793038,5674169,eclipsing_binary
1813.6547901414124,1.1156569,0.0012750768,5674169,eclipsing_binary
1813.6561789719726,1.1148258,0.0012777367,5674169,eclipsing_binary
1813.6575678025338,1.112809,0.0012797,5674169,eclipsing_binary
1813.658956633095,1.1098375,0.0012766519,5674169,eclipsing_binary
1813.6603454631904,1.1076853,0.0012772747,5674169,eclipsing_binary
1813.6617342937518,1.1023508,0.0012753507,5674169,eclipsing_binary
1813.6631231243132,1.0997452,0.0012757435,5674169,eclipsing_binary
1813.6645119548743,1.0949016,0.0012721468,5674169,eclipsing_binary
1813.6659007854346,1.0910102,0.0012746627,5674169,eclipsing_binary
1813.6672896159967,1.0866716,0.0012738395,5674169,eclipsing_binary
1813.6686784465583,1.0822748,0.0012735915,5674169,eclipsing_binary
1813.670067277119,1.0776604,0.0012702736,5674169,eclipsing_binary
1813.6714561076794,1.0721533,0.0012700423,5674169,eclipsing_binary
1813.6728449382408,1.0663663,0.0012698981,5674169,eclipsing_binary
1813.6742337688024,1.0617155,0.0012697098,5674169,eclipsing_binary
1813.6756225993636,1.0539631,0.0012693093,5674169,eclipsing_binary
1813.6770114299243,1.0486499,0.0012657502,5674169,eclipsing_binary
1813.6784002604854,1.0424813,0.0012698625,5674169,eclipsing_binary
1813.6797890910466,1.0357096,0.0012689386,5674169,eclipsing_binary
1813.6811779216077,1.0304346,0.001262704,5674169,eclipsing_binary
1813.6825667517032,1.0235673,0.0012645419,5674169,eclipsing_binary
1813.6839555822644,1.017297,0.0012627487,5674169,eclipsing_binary
1813.6853444128255,1.010344,0.0012678856,5674169,eclipsing_binary
1813.6867332433862,1.0043741,0.0012609988,5674169,eclipsing_binary
1813.6881220739474,0.99517375,0.001260402,5674169,eclipsing_binary
1813.6895109045095,0.9882975,0.001257734,5674169,eclipsing_binary
1813.6908997350706,0.97871685,0.001255749,5674169,eclipsing_binary
1813.6922885656309,0.96975935,0.0012533176,5674169,eclipsing_binary
1813.6936773961916,0.96028715,0.0012517568,5674169,eclipsing_binary
1813.6950662262875,0.9505913,0.0012504514,5674169,eclipsing_binary
1813.6964550568496,0.9391516,0.0012480486,5674169,eclipsing_binary
1813.69784388741,0.9273659,0.0012472305,5674169,eclipsing_binary
1813.6992327179714,0.91567504,0.0012435655,5674169,eclipsing_binary
1813.7006215485326,0.9023472,0.0012426219,5674169,eclipsing_binary
1813.7020103790937,0.8880128,0.0012389213,5674169,eclipsing_binary
1813.703399209655,0.8769449,0.0012375495,5674169,eclipsing_binary
1813.7047880397504,0.8624488,0.001235711,5674169,eclipsing_binary
1813.7061768703115,0.8505311,0.001234529,5674169,eclipsing_binary
1813.7075657008722,0.83663154,0.0012362965,5674169,eclipsing_binary
1813.7089545314334,0.8239378,0.0012283967,5674169,eclipsing_binary
1813.710343361995,0.81015784,0.0012268263,5674169,eclipsing_binary
1813.7117321925562,0.7988166,0.0012281033,5674169,eclipsing_binary
1813.7131210231169,0.78935945,0.0012219165,5674169,eclipsing_binary
1813.7145098532114,0.77846235,0.0012226171,5674169,eclipsing_binary
1813.7158986837735,0.77357894,0.0012195725,5674169,eclipsing_binary
1813.7172875143356,0.769473,0.0012209959,5674169,eclipsing_binary
1813.7186763448958,0.76976067,0.0012236829,5674169,eclipsing_binary
1813.7200651754565,0.7700839,0.0012215473,5674169,eclipsing_binary
1813.7214540055525,0.76919717,0.0012227701,5674169,eclipsing_binary
1813.7228428361145,0.7689247,0.0012241424,5674169,eclipsing_binary
1813.724231666675,0.76831746,0.0012193868,5674169,eclipsing_binary
1813.7256204972355,0.76644856,0.00121931,5674169,eclipsing_binary
1813.7270093277966,0.76612645,0.0012226707,5674169,eclipsing_binary
1813.728398157893,0.7663188,0.0012203763,5674169,eclipsing_binary
1813.7297869884542,0.7669912,0.0012199277,5674169,eclipsing_binary
1813.7311758190153,0.76655847,0.0012237862,5674169,eclipsing_binary
1813.7325646495765,0.76554567,0.0012198309,5674169,eclipsing_binary
1813.7339534801372,0.76720726,0.0012186627,5674169,eclipsing_binary
1813.7353423102327,0.76694435,0.0012283808,5674169,eclipsing_binary
1813.7367311407943,0.76767987,0.0012239441,5674169,eclipsing_binary
1813.7381199713554,0.7674259,0.0012201006,5674169,eclipsing_binary
1813.7395088019161,0.7670338,0.001223617,5674169,eclipsing_binary
1813.7408976320107,0.769205,0.0012218085,5674169,eclipsing_binary
1813.7422864625728,0.7689043,0.0012198046,5674169,eclipsing_binary
1813.7436752931349,0.7746995,0.0012231497,5674169,eclipsing_binary
1813.745064123695,0.7824853,0.0012238536,5674169,eclipsing_binary
1813.7464529537901,0.79346913,0.0012240312,5674169,eclipsing_binary
1813.7478417843513,0.8044841,0.0012263694,5674169,eclipsing_binary
1813.7492306149131,0.81763095,0.0012286587,5674169,eclipsing_binary
1813.7506194454745,0.8292378,0.001231584,5674169,eclipsing_binary
1813.752008275569,0.84422076,0.0012331691,5674169,eclipsing_binary
1813.7533971061303,0.85729367,0.0012360322,5674169,eclipsing_binary
1813.7547859366914,0.87068444,0.0012379532,5674169,eclipsing_binary
1813.7561747672526,0.8838942,0.0012396522,5674169,eclipsing_binary
1813.757563597348,0.89777124,0.0012436262,5674169,eclipsing_binary
1813.7589524279094,0.90919846,0.0012460704,5674169,eclipsing_binary
1813.7603412584708,0.9214607,0.0012478794,5674169,eclipsing_binary
1813.761730089031,0.93345517,0.0012570422,5674169,eclipsing_binary
1813.7631189191275,0.9448659,0.0012501624,5674169,eclipsing_binary
1813.764507749689,0.95638746,0.0012529191,5674169,eclipsing_binary
1813.7658965802498,0.9661611,0.001253196,5674169,eclipsing_binary
1813.7672854103444,0.97499514,0.00125597,5674169,eclipsing_binary
1813.7686742409057,0.9850431,0.0012578759,5674169,eclipsing_binary
1813.7700630714676,0.9914436,0.001259724,5674169,eclipsing_binary
1813.771451901563,1.0003046,0.0012607299,5674169,eclipsing_binary
1813.7728407321238,1.0072685,0.0012621216,5674169,eclipsing_binary
1813.774229562685,1.0172678,0.0012618096,5674169,eclipsing_binary
1813.775618393246,1.0204785,0.0012653631,5674169,eclipsing_binary
1813.7770072233416,1.0269885,0.0012646816,5674169,eclipsing_binary
1813.7783960539027,1.0330392,0.0012667731,5674169,eclipsing_binary
1813.7797848844639,1.0384579,0.0012666035,5674169,eclipsing_binary
1813.7811737145594,1.0446854,0.0012667938,5674169,eclipsing_binary
1813.78256254512,1.0518761,0.0012726574,5674169,eclipsing_binary
1813.7839513756812,1.0572504,0.0012695952,5674169,eclipsing_binary
1813.7853402057774,1.0634799,0.0012702168,5674169,eclipsing_binary
1813.7867290363388,1.068283,0.0012707921,5674169,eclipsing_binary
1813.788117866899,1.0731246,0.0012708663,5674169,eclipsing_binary
1813.7895066969945,1.0778198,0.0012749854,5674169,eclipsing_binary
1813.7908955275566,1.0838848,0.0012746498,5674169,eclipsing_binary
1813.7922843581177,1.0878719,0.00127929,5674169,eclipsing_binary
1813.7936731882123,1.0906699,0.0012741514,5674169,eclipsing_binary
1813.7950620187737,1.0957531,0.0012791988,5674169,eclipsing_binary
1813.7964508488694,1.0998534,0.0012774444,5674169,eclipsing_binary
1813.7978396794306,1.1035284,0.0012836824,5674169,eclipsing_binary
1813.7992285099917,1.1047354,0.001281518,5674169,eclipsing_binary
1813.8006173400872,1.1084021,0.0012771972,5674169,eclipsing_binary
1813.8020061706484,1.1118759,0.0012822939,5674169,eclipsing_binary
1813.8033950012089,1.1137488,0.0012808873,5674169,eclipsing_binary
1813.8047838313046,1.1151198,0.0012794053,5674169,eclipsing_binary
1813.8061726618662,1.1176624,0.0012810043,5674169,eclipsing_binary
1813.8075614919617,1.1163775,0.0012803912,5674169,eclipsing_binary
1813.8089503225224,1.1179583,0.001277823,5674169,eclipsing_binary
1813.8103391530826,1.1189414,0.0012791173,5674169,eclipsing_binary
1813.811727983179,1.1179897,0.0012809456,5674169,eclipsing_binary
1813.813116813741,1.1167657,0.0012792118,5674169,eclipsing_binary
1813.8145056438357,1.1162649,0.0012818995,5674169,eclipsing_binary
1813.8158944743964,1.1156492,0.0012780533,5674169,eclipsing_binary
1813.8172833049575,1.1134217,0.0012814247,5674169,eclipsing_binary
1813.8186721350535,1.1110978,0.0012797979,5674169,eclipsing_binary
1813.8200609656146,1.1117061,0.0012800416,5674169,eclipsing_binary
1813.8214497957104,1.1076069,0.0012789876,5674169,eclipsing_binary
1813.8228386262717,1.1046156,0.0012770679,5674169,eclipsing_binary
1813.824227456832,1.1002253,0.0012813313,5674169,eclipsing_binary
1813.8256162869275,1.0950879,0.0012766254,5674169,eclipsing_binary
1813.8270051174895,1.0916986,0.0012760154,5674169,eclipsing_binary
1813.828393947585,1.0868031,0.0012770353,5674169,eclipsing_binary
1813.8297827781455,1.0832721,0.0012768733,5674169,eclipsing_binary
1813.8311716082403,1.0793303,0.0012767911,5674169,eclipsing_binary
1813.8325604388024,1.0719788,0.0012730949,5674169,eclipsing_binary
1813.833949269364,1.0681889,0.0012720153,5674169,eclipsing_binary
1813.835338099459,1.0616195,0.0012692633,5674169,eclipsing_binary
1813.8367269300193,1.055168,0.0012695703,5674169,eclipsing_binary
1813.838115760115,1.0480449,0.0012686102,5674169,eclipsing_binary
1813.8395045906768,1.0427231,0.0012678556,5674169,eclipsing_binary
1813.8408934207723,1.0393276,0.0012665939,5674169,eclipsing_binary
1813.842282251333,1.0299953,0.001265974,5674169,eclipsing_binary
1813.8436710814285,1.0221459,0.0012645497,5674169,eclipsing_binary
1813.8450599119897,1.0165095,0.0012683137,5674169,eclipsing_binary
1813.8464487425508,1.007113,0.0012629642,5674169,eclipsing_binary
1813.847837572647,1.0005907,0.0012642517,5674169,eclipsing_binary
1813.8492264032084,0.99269116,0.0012622848,5674169,eclipsing_binary
1813.850615233303,0.98270524,0.0012592723,5674169,eclipsing_binary
1813.8520040638637,0.9713644,0.0012549391,5674169,eclipsing_binary
1813.8533928939596,0.9662447,0.0012548118,5674169,eclipsing_binary
1813.8547817245217,0.9514511,0.0012558786,5674169,eclipsing_binary
1813.8561705546165,0.94202447,0.0012506868,5674169,eclipsing_binary
1813.857559385177,0.9306547,0.0012488158,5674169,eclipsing_binary
1813.8589482152724,0.9188797,0.0012463484,5674169,eclipsing_binary
1813.8603370458345,0.90690833,0.0012475302,5674169,eclipsing_binary
1813.86172587593,0.89463574,0.0012442198,5674169,eclipsing_binary
1813.8631147064903,0.8828698,0.0012482139,5674169,eclipsing_binary
1813.864503536586,0.86959887,0.0012435875,5674169,eclipsing_binary
1813.8658923671474,0.85694367,0.0012373001,5674169,eclipsing_binary
1813.8672811972428,0.84537727,0.0012355723,5674169,eclipsing_binary
1813.868670027804,0.8292554,0.00123396,5674169,eclipsing_binary
1813.8700588578995,0.8189731,0.0012299714,5674169,eclipsing_binary
1813.8714476884606,0.8075037,0.0012287861,5674169,eclipsing_binary
1813.8728365185552,0.7970112,0.0012312157,5674169,eclipsing_binary
1813.8742253491166,0.78893805,0.0012242441,5674169,eclipsing_binary
1813.8756141792128,0.78143543,0.0012245809,5674169,eclipsing_binary
1813.877003009774,0.7798217,0.001225311,5674169,eclipsing_binary
1813.878391839869,0.77594256,0.0012244262,5674169,eclipsing_binary
1813.8797806704301,0.77529633,0.0012208335,5674169,eclipsing_binary
1813.881169500526,0.7735002,0.0012249923,5674169,eclipsing_binary
1813.8825583310875,0.77358943,0.0012220328,5674169,eclipsing_binary
1813.8839471611823,0.773896,0.0012241033,5674169,eclipsing_binary
1813.8853359917434,0.7732559,0.0012219886,5674169,eclipsing_binary
1813.886724821839,0.7738714,0.0012223033,5674169,eclipsing_binary
1813.8881136524,0.7729863,0.0012219861,5674169,eclipsing_binary
1813.8895024824956,0.77336353,0.0012233682,5674169,eclipsing_binary
1813.8908913125913,0.77318233,0.0012208428,5674169,eclipsing_binary
1813.8922801431527,0.77407026,0.0012250752,5674169,eclipsing_binary
1813.8936689732473,0.7749592,0.0012221804,5674169,eclipsing_binary
1813.8950578038084,0.77697134,0.0012310416,5674169,eclipsing_binary
1813.8964466339048,0.7779611,0.0012259852,5674169,eclipsing_binary
1813.8992242945606,0.7818166,0.0012238766,5674169,eclipsing_binary
1813.9006131251213,0.7846414,0.0012229595,5674169,eclipsing_binary
1813.9020019552177,0.79340935,0.0012289645,5674169,eclipsing_binary
1813.9033907857793,0.7990365,0.0012282407,5674169,eclipsing_binary
1813.9047796158743,0.81145746,0.0012295053,5674169,eclipsing_binary
1813.9061684459698,0.82287395,0.0012340699,5674169,eclipsing_binary
1813.907557276531,0.8348717,0.0012343434,5674169,eclipsing_binary
1813.9089461066264,0.8458316,0.0012412824,5674169,eclipsing_binary
1813.9103349371876,0.85999125,0.001237384,5674169,eclipsing_binary
1813.911723767283,0.87444943,0.0012401267,5674169,eclipsing_binary
1813.9131125978442,0.8866281,0.0012402345,5674169,eclipsing_binary
1813.9145014279393,0.8971503,0.0012451932,5674169,eclipsing_binary
1813.9158902580348,0.9122287,0.0012464174,5674169,eclipsing_binary
1813.9172790885966,0.9232783,0.0012479445,5674169,eclipsing_binary
1813.9186679186923,0.9339615,0.0012490087,5674169,eclipsing_binary
1813.9200567492526,0.9449974,0.0012519873,5674169,eclipsing_binary
1813.9214455793476,0.9561531,0.0012558362,5674169,eclipsing_binary
1813.9228344094436,0.9660335,0.0012548122,5674169,eclipsing_binary
1813.9242232400056,0.97756696,0.0012561878,5674169,eclipsing_binary
1813.9256120701002,0.98621124,0.0012578343,5674169,eclipsing_binary
1813.927000900661,0.9940346,0.0012607393,5674169,eclipsing_binary
1813.9283897307564,1.0022994,0.0012606003,5674169,eclipsing_binary
1813.9297785608528,1.0131216,0.0012656521,5674169,eclipsing_binary
1813.931167391414,1.0215186,0.0012644463,5674169,eclipsing_binary
1813.9325562215085,1.0280561,0.001266573,5674169,eclipsing_binary
1813.9339450520697,1.035534,0.0012674273,5674169,eclipsing_binary
1813.9353338821654,1.0420715,0.001265647,5674169,eclipsing_binary
1813.9367227122611,1.0475355,0.0012717436,5674169,eclipsing_binary
1813.9381115428228,1.0541655,0.0012723631,5674169,eclipsing_binary
1813.9395003729182,1.0611942,0.0012701789,5674169,eclipsing_binary
1813.940889203479,1.0672693,0.0012746123,5674169,eclipsing_binary
1813.9422780335735,1.0720423,0.0012788964,5674169,eclipsing_binary
1813.94366686367,1.0788621,0.0012744123,5674169,eclipsing_binary
1813.945055694232,1.0822531,0.0012728384,5674169,eclipsing_binary
1813.9464445243266,1.0879192,0.0012784125,5674169,eclipsing_binary
1813.9478333544216,1.0934603,0.0012772176,5674169,eclipsing_binary
1813.9492221849828,1.0967115,0.0012774079,5674169,eclipsing_binary
1813.9506110150787,1.1007024,0.001277717,5674169,eclipsing_binary
1813.9519998456399,1.1030753,0.0012775636,5674169,eclipsing_binary
1813.953388675735,1.108234,0.0012805446,5674169,eclipsing_binary
1813.9547775058304,1.112159,0.0012792728,5674169,eclipsing_binary
1813.9561663363916,1.1132494,0.0012793876,5674169,eclipsing_binary
1813.957555166487,1.1171669,0.0012813318,5674169,eclipsing_binary
1813.9589439965825,1.1167074,0.0012810195,5674169,eclipsing_binary
1813.9603328271437,1.1197895,0.0012818889,5674169,eclipsing_binary
1813.9617216572394,1.1194967,0.001280668,5674169,eclipsing_binary
1813.9631104873342,1.1210662,0.001284079,5674169,eclipsing_binary
1813.9644993178963,1.1209979,0.0012818478,5674169,eclipsing_binary
1813.9658881479922,1.123656,0.0012853598,5674169,eclipsing_binary
1813.9672769780873,1.1212009,0.0012838047,5674169,eclipsing_binary
1813.9686658086475,1.1208878,0.0012810148,5674169,eclipsing_binary
1813.9700546387432,1.1199137,0.0012827409,5674169,eclipsing_binary
1813.9714434688394,1.1197112,0.0012849031,5674169,eclipsing_binary
1813.9728322994006,1.1190423,0.0012807728,5674169,eclipsing_binary
1813.9742211294956,1.1151198,0.0012800917,5674169,eclipsing_binary
1813.975609959591,1.1142994,0.0012794898,5674169,eclipsing_binary
1813.9769987901523,1.1104879,0.001279317,5674169,eclipsing_binary
1813.9783876202478,1.1070937,0.001281666,5674169,eclipsing_binary
1813.9797764503433,1.1026057,0.0012797614,5674169,eclipsing_binary
1813.9811652809044,1.1008962,0.0012781319,5674169,eclipsing_binary
1813.982554111,1.0973891,0.001276834,5674169,eclipsing_binary
1813.983942941095,1.092304,0.0012780911,5674169,eclipsing_binary
1813.985331771656,1.0877011,0.0012790053,5674169,eclipsing_binary
1813.986720601752,1.0840826,0.001278832,5674169,eclipsing_binary
1813.9881094318478,1.075166,0.0012723079,5674169,eclipsing_binary
1813.9894982624082,1.0713589,0.0012759505,5674169,eclipsing_binary
1813.9908870925037,1.0676758,0.001278801,5674169,eclipsing_binary
1813.9922759226001,1.0625107,0.0012752634,5674169,eclipsing_binary
1813.9936647531613,1.0545492,0.0012695768,5674169,eclipsing_binary
1813.9950535832559,1.048678,0.0012733534,5674169,eclipsing_binary
1813.9964424133516,1.041866,0.0012721069,5674169,eclipsing_binary
1813.997831243913,1.0359997,0.0012686412,5674169,eclipsing_binary
1813.9992200740085,1.0302851,0.0012679425,5674169,eclipsing_binary
1814.000608904104,1.022367,0.0012646965,5674169,eclipsing_binary
1814.001997734665,1.0174747,0.0012679673,5674169,eclipsing_binary
1814.0033865647606,1.0115346,0.0012637269,5674169,eclipsing_binary
1814.0047753948552,1.0049592,0.0012677594,5674169,eclipsing_binary
1814.006164224951,0.99674433,0.0012631963,5674169,eclipsing_binary
1814.0075530555127,0.9880114,0.0012628506,5674169,eclipsing_binary
1814.0089418856082,0.97936296,0.0012617597,5674169,eclipsing_binary
1814.0103307157033,0.970791,0.0012608264,5674169,eclipsing_binary
1814.0117195462635,0.96099544,0.001260504,5674169,eclipsing_binary
1814.01310837636,0.95007306,0.0012535367,5674169,eclipsing_binary
1814.014497206456,0.9400502,0.0012547993,5674169,eclipsing_binary
1814.0158860370166,0.927212,0.00125139,5674169,eclipsing_binary
1814.0172748671116,0.91646266,0.0012499806,5674169,eclipsing_binary
1814.018663697207,0.90509284,0.0012472883,5674169,eclipsing_binary
1814.020052527303,0.8892733,0.0012501715,5674169,eclipsing_binary
1814.0214413578642,0.87725705,0.00124194,5674169,eclipsing_binary
1814.02283018796,0.86493254,0.0012435655,5674169,eclipsing_binary
1814.0242190180556,0.8504734,0.0012390151,5674169,eclipsing_binary
1814.025607848616,0.8368675,0.0012396739,5674169,eclipsing_binary
1814.0269966787114,0.824154,0.0012338115,5674169,eclipsing_binary
1814.0283855088078,0.81096274,0.0012355746,5674169,eclipsing_binary
1814.0297743389033,0.8004649,0.00122761,5674169,eclipsing_binary
1814.0311631694635,0.7892328,0.0012284464,5674169,eclipsing_binary
1814.0325519995586,0.77947927,0.0012271571,5674169,eclipsing_binary
1814.033940829655,0.77241355,0.0012292446,5674169,eclipsing_binary
1814.035329659751,0.7706067,0.0012256051,5674169,eclipsing_binary
1814.0367184903116,0.7703662,0.0012258042,5674169,eclipsing_binary
1814.0381073204062,0.7689346,0.0012247391,5674169,eclipsing_binary
1814.0394961505026,0.76784533,0.001224539,5674169,eclipsing_binary
1814.0408849810644,0.7689927,0.0012261919,5674169,eclipsing_binary
1814.0422738111592,0.7668441,0.001227427,5674169,eclipsing_binary
1814.0436626412543,0.76704544,0.0012238795,5674169,eclipsing_binary
1814.0450514713498,0.7677378,0.0012280933,5674169,eclipsing_binary
1814.0464403019114,0.76725847,0.0012293212,5674169,eclipsing_binary
1814.0478291320069,0.76609325,0.0012253254,5674169,eclipsing_binary
1814.0492179621026,0.7658268,0.001224399,5674169,eclipsing_binary
1814.0506067921983,0.76557386,0.0012252261,5674169,eclipsing_binary
1814.0519956227586,0.7663144,0.0012259135,5674169,eclipsing_binary
1814.053384452854,0.7661627,0.0012285284,5674169,eclipsing_binary
1814.0547732829505,0.7652614,0.0012244172,5674169,eclipsing_binary
1814.056162113046,0.76637644,0.0012242756,5674169,eclipsing_binary
1814.0575509436062,0.76721144,0.0012244376,5674169,eclipsing_binary
1814.0589397737012,0.76762474,0.0012254695,5674169,eclipsing_binary
1814.0603286037976,0.7684053,0.001224598,5674169,eclipsing_binary
1814.0617174338936,0.77383393,0.0012257053,5674169,eclipsing_binary
1814.0631062644543,0.781127,0.0012323983,5674169,eclipsing_binary
1814.0644950945489,0.792152,0.0012301716,5674169,eclipsing_binary
1814.0658839246444,0.8032904,0.0012334025,5674169,eclipsing_binary
1814.0672727547408,0.815236,0.0012336483,5674169,eclipsing_binary
1814.068661585302,0.8286437,0.0012361575,5674169,eclipsing_binary
1814.070050415397,0.84295166,0.0012407686,5674169,eclipsing_binary
1814.0714392454925,0.8548184,0.0012420665,5674169,eclipsing_binary
1814.072828075588,0.8685651,0.0012441071,5674169,eclipsing_binary
1814.074216906149,0.88294965,0.0012490764,5674169,eclipsing_binary
1814.0756057362453,0.8945841,0.0012536619,5674169,eclipsing_binary
1814.076994566341,0.9076497,0.0012511556,5674169,eclipsing_binary
1814.0783833964356,0.92135394,0.0012528185,5674169,eclipsing_binary
1814.0797722269963,0.93094087,0.001254415,5674169,eclipsing_binary
1814.0811610570922,0.94499147,0.001261407,5674169,eclipsing_binary
1814.0825498871886,0.9544055,0.0012584622,5674169,eclipsing_binary
1814.0839387172832,0.9652426,0.0012604019,5674169,eclipsing_binary
1814.085327547844,0.9736732,0.0012609155,5674169,eclipsing_binary
1814.0867163779394,0.9841215,0.0012658833,5674169,eclipsing_binary
1814.0881052080358,0.9900452,0.001264104,5674169,eclipsing_binary
1814.0894940381313,0.99874,0.0012663486,5674169,eclipsing_binary
1814.0908828686916,1.006649,0.0012696558,5674169,eclipsing_binary
1814.092271698787,1.0127494,0.00126686,5674169,eclipsing_binary
1814.0936605288828,1.0185213,0.0012687094,5674169,eclipsing_binary
1814.0950493589785,1.0264782,0.0012697562,5674169,eclipsing_binary
1814.0964381895396,1.0310584,0.0012717395,5674169,eclipsing_binary
1814.0978270196351,1.0405082,0.0012771024,5674169,eclipsing_binary
1814.0992158497306,1.0443406,0.0012740715,5674169,eclipsing_binary
1814.1006046798252,1.050867,0.0012761008,5674169,eclipsing_binary
1814.1019935099216,1.0564513,0.001277842,5674169,eclipsing_binary
1814.1033823404837,1.0601391,0.0012799324,5674169,eclipsing_binary
1814.1047711705783,1.0664591,0.0012768278,5674169,eclipsing_binary
1814.1061600006733,1.0709397,0.0012771352,5674169,eclipsing_binary
1814.1075488307688,1.0762546,0.0012784846,5674169,eclipsing_binary
1814.1089376613304,1.0814254,0.00127967,5674169,eclipsing_binary
1814.110326491426,1.0867795,0.0012810832,5674169,eclipsing_binary
1814.111715321521,1.0911753,0.0012803334,5674169,eclipsing_binary
1814.1131041516164,1.0946505,0.0012824939,5674169,eclipsing_binary
1814.1144929821776,1.0970496,0.0012828498,5674169,eclipsing_binary
1814.115881812273,1.1025953,0.0012825453,5674169,eclipsing_binary
1814.1172706423686,1.1060624,0.001284198,5674169,eclipsing_binary
1814.118659472464,1.1075226,0.0012826854,5674169,eclipsing_binary
1814.1200483025598,1.1108273,0.0012864105,5674169,eclipsing_binary
1814.1214371331203,1.1104863,0.0012877389,5674169,eclipsing_binary
1814.1228259632157,1.1139343,0.001287499,5674169,eclipsing_binary
1814.1242147933121,1.1163416,0.0012877525,5674169,eclipsing_binary
1814.1256036234076,1.1181782,0.0012893704,5674169,eclipsing_binary
1814.126992453968,1.1183807,0.0012867491,5674169,eclipsing_binary
1814.1283812840634,1.1165593,0.0012900196,5674169,eclipsing_binary
1814.1297701141598,1.1166456,0.0012854412,5674169,eclipsing_binary
1814.1311589442553,1.1181543,0.0012851277,5674169,eclipsing_binary
1814.1325477743503,1.1183141,0.0012859172,5674169,eclipsing_binary
1814.1339366049115,1.117013,0.0012899622,5674169,eclipsing_binary
1814.135325435007,1.1144358,0.001285704,5674169,eclipsing_binary
1814.1367142651025,1.1101329,0.0012864459,5674169,eclipsing_binary
1814.138103095198,1.1074312,0.001284831,5674169,eclipsing_binary
1814.139491925759,1.1062523,0.0012853108,5674169,eclipsing_binary
1814.1408807558546,1.1029027,0.0012831361,5674169,eclipsing_binary
1814.1422695859496,1.1017195,0.0012860589,5674169,eclipsing_binary
1814.1436584160451,1.0958817,0.0012826857,5674169,eclipsing_binary
1814.145047246141,1.093655,0.0012845747,5674169,eclipsing_binary
1814.1464360767025,1.0885589,0.0012832762,5674169,eclipsing_binary
1814.1478249067973,1.0838834,0.0012792877,5674169,eclipsing_binary
1814.1492137368923,1.077124,0.0012801212,5674169,eclipsing_binary
1814.1506025669883,1.0721745,0.0012806794,5674169,eclipsing_binary
1814.1519913975503,1.0674875,0.0012780033,5674169,eclipsing_binary
1814.153380227645,1.0617836,0.0012791959,5674169,eclipsing_binary
1814.15476905774,1.055719,0.0012767655,5674169,eclipsing_binary
1814.1561578878354,1.0500413,0.0012746339,5674169,eclipsing_binary
1814.1575467179318,1.0408541,0.0012821137,5674169,eclipsing_binary
1814.158935548493,1.0377679,0.0012720741,5674169,eclipsing_binary
1814.1603243785885,1.0321543,0.0012706508,5674169,eclipsing_binary
1814.1631020387786,1.015972,0.0012735904,5674169,eclipsing_binary
1814.16449086934,1.0085144,0.0012695891,5674169,eclipsing_binary
1814.1658796994361,0.99932915,0.0012675206,5674169,eclipsing_binary
1814.1672685295316,0.99260145,0.0012688162,5674169,eclipsing_binary
1814.1686573596266,0.98206556,0.0012638068,5674169,eclipsing_binary
1814.1700461897212,0.9743509,0.0012626204,5674169,eclipsing_binary
1814.1714350202833,0.96288764,0.0012662739,5674169,eclipsing_binary
1814.1728238503795,0.9536744,0.0012621611,5674169,eclipsing_binary
1814.1742126804743,0.94172835,0.0012574946,5674169,eclipsing_binary
1814.1756015105693,0.9335779,0.001259886,5674169,eclipsing_binary
1814.1769903411305,0.9193898,0.0012548624,5674169,eclipsing_binary
1814.1783791712264,0.90739405,0.0012530815,5674169,eclipsing_binary
1814.179768001322,0.8964392,0.0012538864,5674169,eclipsing_binary
1814.181156831417,0.884218,0.0012522608,5674169,eclipsing_binary
1814.182545661978,0.87153006,0.0012477456,5674169,eclipsing_binary
1814.1839344920736,0.858201,0.0012472642,5674169,eclipsing_binary
1814.185323322169,0.84537834,0.0012418225,5674169,eclipsing_binary
1814.1867121522655,0.83152497,0.0012420018,5674169,eclipsing_binary
1814.188100982361,0.8205328,0.0012388598,5674169,eclipsing_binary
1814.1894898129212,0.8081879,0.0012371991,5674169,eclipsing_binary
1814.1908786430163,0.79862136,0.0012346345,5674169,eclipsing_binary
1814.1922674731125,0.78842795,0.0012400841,5674169,eclipsing_binary
1814.1936563032086,0.7813757,0.0012315577,5674169,eclipsing_binary
1814.1950451337693,0.77842844,0.0012364974,5674169,eclipsing_binary
1814.196433963864,0.7784862,0.0012316302,5674169,eclipsing_binary
1814.1978227939594,0.77624655,0.0012308966,5674169,eclipsing_binary
1814.1992116240558,0.77384156,0.0012319436,5674169,eclipsing_binary
1814.200600454617,0.77413464,0.0012297925,5674169,eclipsing_binary
1814.201989284712,0.77345955,0.0012317477,5674169,eclipsing_binary
1814.2033781148075,0.7724886,0.0012336106,5674169,eclipsing_binary
1814.204766944903,0.77214164,0.0012316187,5674169,eclipsing_binary
1814.2061557749985,0.7740036,0.0012301819,5674169,eclipsing_binary
1814.2075446055596,0.7733777,0.0012322298,5674169,eclipsing_binary
1814.2089334356551,0.77323765,0.0012303402,5674169,eclipsing_binary
1814.2103222657506,0.77552485,0.0012304338,5674169,eclipsing_binary
1814.2117110958457,0.7748979,0.0012302443,5674169,eclipsing_binary
1814.2130999264073,0.77792466,0.0012322031,5674169,eclipsing_binary
1814.2144887565037,0.7793002,0.001233768,5674169,eclipsing_binary
1814.2158775865983,0.7805146,0.0012318352,5674169,eclipsing_binary
1814.2172664166933,0.7817413,0.0012324633,5674169,eclipsing_binary
1814.2186552472544,0.78373116,0.0012369164,5674169,eclipsing_binary
1814.2200440773508,0.7914087,0.0012334187,5674169,eclipsing_binary
1814.2214329074463,0.7991809,0.0012393473,5674169,eclipsing_binary
1814.222821737541,0.8101718,0.0012356732,5674169,eclipsing_binary
1814.224210568102,0.82199794,0.0012399765,5674169,eclipsing_binary
1814.2255993981976,0.83421344,0.0012411776,5674169,eclipsing_binary
1814.2269882282933,0.84645027,0.0012443993,5674169,eclipsing_binary
1814.228377058389,0.86025107,0.0012485343,5674169,eclipsing_binary
1814.2297658889502,0.8720667,0.0012538132,5674169,eclipsing_binary
1814.2311547190457,0.8858332,0.0012494273,5674169,eclipsing_binary
1814.2325435491402,0.89752954,0.0012589269,5674169,eclipsing_binary
1814.2339323792357,0.9108845,0.0012545352,5674169,eclipsing_binary
1814.2353212097978,0.9235106,0.0012556402,5674169,eclipsing_binary
1814.2367100398933,0.93341047,0.0012611281,5674169,eclipsing_binary
1814.2380988699883,0.94478816,0.0012644326,5674169,eclipsing_binary
1814.2394877000838,0.9571455,0.0012628412,5674169,eclipsing_binary
1814.2408765306454,0.9688712,0.0012657521,5674169,eclipsing_binary
1814.242265360741,0.9775927,0.0012695251,5674169,eclipsing_binary
1814.243654190836,0.98681206,0.0012696615,5674169,eclipsing_binary
1814.2450430209315,0.9966312,0.0012695481,5674169,eclipsing_binary
1814.2464318514926,1.0049682,0.0012697781,5674169,eclipsing_binary
1814.247820681588,1.0144358,0.0012717749,5674169,eclipsing_binary
1814.2492095116836,1.0206419,0.0012747553,5674169,eclipsing_binary
1814.2505983422448,1.030345,0.0012750974,5674169,eclipsing_binary
1814.2519871723403,1.034164,0.0012780032,5674169,eclipsing_binary
1814.2533760024353,1.0414525,0.0012757095,5674169,eclipsing_binary
1814.2547648325308,1.0479872,0.0012792448,5674169,eclipsing_binary
1814.2561536630928,1.0545688,0.0012779967,5674169,eclipsing_binary
1814.2575424931883,1.0608095,0.0012794336,5674169,eclipsing_binary
1814.258931323283,1.0682044,0.0012812633,5674169,eclipsing_binary
1814.2603201533784,1.0728022,0.0012886676,5674169,eclipsing_binary
1814.2617089839405,1.0778555,0.001283621,5674169,eclipsing_binary
1814.263097814036,1.0839424,0.0012837985,5674169,eclipsing_binary
1814.264486644131,1.0901003,0.0012920254,5674169,eclipsing_binary
1814.2658754746922,1.0934706,0.0012888381,5674169,eclipsing_binary
1814.2672643047877,1.0994189,0.0012859425,5674169,eclipsing_binary
1814.2686531348832,1.102796,0.0012899243,5674169,eclipsing_binary
1814.2700419649786,1.105149,0.0012870352,5674169,eclipsing_binary
1814.2714307955398,1.1053505,0.0012877143,5674169,eclipsing_binary
1814.2728196256353,1.1095848,0.0012875712,5674169,eclipsing_binary
1814.2742084557303,1.1159841,0.0012883059,5674169,eclipsing_binary
1814.2755972862915,1.1168113,0.001287842,5674169,eclipsing_binary
1814.2769861163874,1.1186564,0.0012891999,5674169,eclipsing_binary
1814.278374946483,1.1200919,0.0012894401,5674169,eclipsing_binary
1814.2797637770436,1.1240078,0.00129288,5674169,eclipsing_binary
1814.2811526071387,1.1236514,0.001292597,5674169,eclipsing_binary
1814.2825414372346,1.1235826,0.001293034,5674169,eclipsing_binary
1814.2839302677967,1.1244011,0.0012909884,5674169,eclipsing_binary
1814.2853190978913,1.1237789,0.0012925965,5674169,eclipsing_binary
1814.2867079279868,1.1234947,0.0012956363,5674169,eclipsing_binary
1814.2880967580825,1.1230485,0.0012900465,5674169,eclipsing_binary
1814.2894855886439,1.1208315,0.0012939436,5674169,eclipsing_binary
1814.2908744187393,1.1193013,0.0012898537,5674169,eclipsing_binary
1814.2922632488348,1.1176007,0.0012923473,5674169,eclipsing_binary
1814.293652079396,1.1136417,0.0012873365,5674169,eclipsing_binary
1814.2950409094906,1.1131204,0.0012891969,5674169,eclipsing_binary
1814.2964297395863,1.1085147,0.0012886177,5674169,eclipsing_binary
1814.2978185701481,1.1059061,0.0012908097,5674169,eclipsing_binary
1814.2992074002436,1.1004928,0.001286727,5674169,eclipsing_binary
1814.3005962303387,1.0963864,0.0012885918,5674169,eclipsing_binary
1814.301985060899,1.0940384,0.0012888508,5674169,eclipsing_binary
1814.3033738909953,1.0906564,0.0012898785,5674169,eclipsing_binary
1814.3047627210913,1.0833685,0.0012875119,5674169,eclipsing_binary
1814.306151551652,1.0789895,0.0012839531,5674169,eclipsing_binary
1814.307540381747,1.072895,0.0012845389,5674169,eclipsing_binary
1814.3089292118425,1.0673885,0.001283466,5674169,eclipsing_binary
1814.310318042404,1.0635209,0.0012830173,5674169,eclipsing_binary
1814.3117068724996,1.0562443,0.001280353,5674169,eclipsing_binary
1814.313095702595,1.0516534,0.0012801414,5674169,eclipsing_binary
1814.3144845331565,1.0452175,0.0012787532,5674169,eclipsing_binary
1814.3158733632513,1.0397798,0.0012791287,5674169,eclipsing_binary
1814.3172621938124,1.0316185,0.0012770375,5674169,eclipsing_binary
1814.3186510239088,1.0266808,0.001276784,5674169,eclipsing_binary
1814.3200398540043,1.0188178,0.0012792505,5674169,eclipsing_binary
1814.3214286845646,1.0146514,0.0012733387,5674169,eclipsing_binary
1814.3228175146596,1.0051876,0.0012743323,5674169,eclipsing_binary
1814.3242063447558,0.99993277,0.001271776,5674169,eclipsing_binary
1814.3255951753176,0.9900216,0.0012704522,5674169,eclipsing_binary
1814.3269840054127,0.98142886,0.0012732442,5674169,eclipsing_binary
1814.3283728355073,0.97242934,0.0012675027,5674169,eclipsing_binary
1814.3297616660684,0.9629497,0.0012718114,5674169,eclipsing_binary
1814.3311504961648,0.95197177,0.0012721247,5674169,eclipsing_binary
1814.332539326726,0.9430618,0.0012633501,5674169,eclipsing_binary
1814.333928156821,0.92987347,0.0012615778,5674169,eclipsing_binary
1814.3353169869165,0.9180035,0.0012628491,5674169,eclipsing_binary
1814.3367058174777,0.90720856,0.0012585542,5674169,eclipsing_binary
1814.3380946475731,0.89293945,0.0012565802,5674169,eclipsing_binary
1814.3394834781348,0.8805724,0.0012525634,5674169,eclipsing_binary
1814.3408723082305,0.86738724,0.0012521454,5674169,eclipsing_binary
1814.3422611383253,0.8533143,0.0012482909,5674169,eclipsing_binary
1814.3436499688864,0.8398036,0.0012515562,5674169,eclipsing_binary
1814.3450387989828,0.8252583,0.0012455335,5674169,eclipsing_binary
1814.346427629544,0.8133543,0.0012430161,5674169,eclipsing_binary
1814.3478164596386,0.802401,0.0012401558,5674169,eclipsing_binary
1814.3492052897336,0.7896264,0.0012404551,5674169,eclipsing_binary
1814.3505941202955,0.7812762,0.0012392129,5674169,eclipsing_binary
1814.3519829503916,0.7727687,0.0012422672,5674169,eclipsing_binary
1814.3533717809523,0.7703749,0.0012337764,5674169,eclipsing_binary
1814.354760611047,0.7701053,0.0012377338,5674169,eclipsing_binary
1814.356149441608,0.7677625,0.0012362411,5674169,eclipsing_binary
1814.3575382717045,0.76789135,0.0012353268,5674169,eclipsing_binary
1814.3589271022656,0.76871145,0.001238016,5674169,eclipsing_binary
1814.3603159323607,0.7687411,0.001241483,5674169,eclipsing_binary
1814.3617047624562,0.76749927,0.0012357602,5674169,eclipsing_binary
1814.3630935930173,0.7687494,0.0012363227,5674169,eclipsing_binary
1814.3644824231128,0.76574624,0.0012361163,5674169,eclipsing_binary
1814.3658712536744,0.76621395,0.0012348742,5674169,eclipsing_binary
1814.3672600837701,0.76655537,0.0012346872,5674169,eclipsing_binary
1814.3686489143306,0.7658802,0.001236905,5674169,eclipsing_binary
1814.3700377444256,0.7662751,0.0012371207,5674169,eclipsing_binary
1814.3714265749873,0.7662354,0.0012362329,5674169,eclipsing_binary
1814.3728154050837,0.7659366,0.0012367029,5674169,eclipsing_binary
1814.374204235644,0.7658456,0.0012383664,5674169,eclipsing_binary
1814.375593065739,0.76609516,0.0012354478,5674169,eclipsing_binary
1814.3769818963,0.7681635,0.0012366639,5674169,eclipsing_binary
1814.3783707263965,0.7682477,0.0012374013,5674169,eclipsing_binary
1814.3797595569577,0.7731452,0.001236078,5674169,eclipsing_binary
1814.3811483870522,0.7795808,0.0012393618,5674169,eclipsing_binary
1814.3825372176134,0.78984904,0.0012447397,5674169,eclipsing_binary
1814.3839260477089,0.8026018,0.0012442402,5674169,eclipsing_binary
1814.3853148782703,0.815643,0.0012484828,5674169,eclipsing_binary
1814.386703708366,0.8263791,0.0012517365,5674169,eclipsing_binary
1814.3880925389271,0.84165823,0.0012518524,5674169,eclipsing_binary
1814.3894813690226,0.8531143,0.0012517045,5674169,eclipsing_binary
1814.3908701995829,0.8667437,0.0012549703,5674169,eclipsing_binary
1814.3922590296793,0.8807981,0.0012613814,5674169,eclipsing_binary
1814.3936478602411,0.8931141,0.0012601874,5674169,eclipsing_binary
1814.395036690336,0.90728384,0.0012668875,5674169,eclipsing_binary
1814.3964255208966,0.9204735,0.0012648958,5674169,eclipsing_binary
1814.3978143509921,0.93080544,0.0012665583,5674169,eclipsing_binary
1814.3992031815537,0.94238746,0.0012704778,5674169,eclipsing_binary
1814.4005920116492,0.954592,0.0012687312,5674169,eclipsing_binary
1814.40198084221,0.9641635,0.0012730142,5674169,eclipsing_binary
1814.403369672771,0.97087836,0.0012739993,5674169,eclipsing_binary
1814.4047585028666,0.98045224,0.0012754173,5674169,eclipsing_binary
1814.4061473334277,0.99065167,0.0012770322,5674169,eclipsing_binary
1814.4075361635232,1.0000192,0.0012761623,5674169,eclipsing_binary
1814.4089249940844,1.0038368,0.0012804747,5674169,eclipsing_binary
1814.4103138241799,1.0114834,0.0012850234,5674169,eclipsing_binary
1814.4117026547406,1.0197574,0.0012825017,5674169,eclipsing_binary
1814.4130914853026,1.0255104,0.0012821244,5674169,eclipsing_binary
1814.4144803153986,1.0325252,0.0012847545,5674169,eclipsing_binary
1814.4172579760539,1.0414697,0.0012861355,5674169,eclipsing_binary
1814.418646806615,1.0501908,0.0012865894,5674169,eclipsing_binary
1814.420035637177,1.0572733,0.001291433,5674169,eclipsing_binary
1814.4214244672726,1.0599542,0.0012905927,5674169,eclipsing_binary
